1.0
25.75,26.5,26.0,26.25,28.5,28.75,27.75,27.25,26.25,26.5,27.5,27.5,29.25,29.25,26.75,26.75,26.75,26.25,27.0,27.25,28.75,28.25,26.5,26.5,26.25,26.5,26.25,26.75,27.25,27.0,26.25,26.5,26.5,26.5,26.25,26.25,26.75,26.25,26.5,26.25,26.75,26.5,26.5,26.5,26.25,26.5,26.0,26.0,26.5,26.25,25.75,26.0,26.25,26.0,26.0,25.75,26.25,26.0,26.0,26.0,26.0,25.5,25.5,26.25
2.0
26.0,26.5,26.5,26.5,28.25,28.5,28.25,27.0,26.5,26.5,27.75,28.25,30.0,29.0,27.0,26.5,26.75,26.25,26.5,27.75,28.75,28.25,26.5,26.25,26.25,26.5,26.25,27.25,27.75,26.75,26.5,26.5,26.75,26.5,26.25,26.5,26.75,26.25,26.5,26.0,26.75,26.5,26.75,26.75,26.0,26.25,25.75,25.75,26.0,26.25,26.25,25.75,26.25,26.0,26.0,26.0,26.0,26.0,26.25,26.0,26.25,26.0,25.75,25.75
3.0
26.5,26.5,27.0,27.0,29.0,28.0,27.75,27.5,26.25,26.75,27.75,28.75,29.75,29.0,26.75,26.5,26.75,26.25,27.0,28.25,29.25,28.75,27.0,26.75,26.0,26.5,26.25,28.0,28.0,27.5,26.5,26.75,26.25,26.25,26.25,26.5,26.75,26.75,26.25,26.75,26.25,26.25,26.25,26.5,26.0,26.5,26.0,25.25,26.0,26.5,25.75,26.5,26.25,26.25,25.25,26.0,26.25,26.0,26.0,26.0,26.25,25.75,25.75,26.5
4.0
26.5,26.5,26.5,27.0,29.0,27.75,27.75,27.5,26.25,26.5,27.75,29.25,29.75,29.0,26.75,26.75,26.5,26.75,27.25,28.5,29.0,28.75,26.5,26.25,26.75,26.5,26.5,27.75,27.75,27.75,26.25,26.5,26.75,26.0,26.0,26.25,26.75,26.5,26.5,26.75,26.25,26.0,26.5,26.5,26.25,26.25,26.0,26.0,26.25,26.5,26.25,26.25,26.5,26.75,26.0,25.75,26.5,26.5,26.25,26.5,26.0,25.75,26.0,26.0
5.0
26.75,27.0,26.75,27.0,29.25,27.75,28.0,27.0,26.0,27.25,28.25,28.75,30.0,28.5,26.5,26.75,26.5,26.75,27.25,28.75,29.25,28.5,26.5,26.5,26.25,25.75,26.25,27.75,27.75,27.25,26.25,26.5,26.75,26.25,26.5,26.25,27.0,26.5,26.75,26.5,26.75,26.0,26.25,26.5,26.5,26.25,26.0,26.0,26.5,26.75,26.5,26.0,26.0,25.75,26.0,26.25,26.25,26.0,26.0,26.0,26.25,25.5,26.0,25.5
6.0
26.0,27.0,26.75,26.5,29.0,27.25,28.0,26.75,26.0,26.5,27.75,29.5,29.25,28.25,26.5,26.75,26.5,26.25,27.25,28.25,29.0,28.25,26.25,26.25,26.5,26.25,26.75,27.75,28.0,26.5,26.5,26.5,26.5,26.25,26.25,26.25,26.75,26.0,26.5,26.25,26.25,26.5,26.5,26.75,26.0,26.75,26.25,25.5,26.5,26.25,26.25,26.0,26.25,26.25,25.75,25.75,26.5,26.0,25.5,25.75,26.0,25.5,26.0,25.75
7.0
26.25,26.75,27.0,26.75,29.0,27.75,27.75,27.5,26.25,26.75,28.0,29.0,29.75,27.5,26.75,26.5,26.5,26.5,27.25,29.0,29.0,28.25,26.25,26.75,26.25,26.5,26.5,27.5,28.0,26.75,26.25,26.25,26.75,26.25,26.0,26.0,26.25,26.5,26.5,27.0,26.75,26.25,26.25,26.0,26.5,26.25,26.0,25.75,26.25,26.5,25.75,26.25,26.25,26.25,25.75,26.25,26.5,26.0,26.25,26.5,26.25,25.75,25.5,26.25
8.0
26.0,26.75,26.5,27.0,28.75,28.0,27.75,27.0,26.5,26.25,28.25,29.0,30.0,28.25,27.0,26.75,26.5,26.5,27.25,28.5,29.0,28.5,26.25,26.25,26.25,26.5,26.75,27.25,28.25,27.25,26.25,26.5,26.5,26.25,26.0,26.5,27.0,26.75,26.75,26.25,26.5,26.0,26.5,26.5,26.0,26.75,26.0,26.0,26.25,27.0,25.75,25.75,26.25,26.25,26.0,26.25,26.0,26.0,26.25,26.25,25.75,25.75,25.5,26.25
9.0
26.5,27.25,27.25,27.0,29.0,28.0,27.75,27.0,26.25,27.0,28.25,28.75,30.0,27.5,26.75,26.25,26.5,26.5,27.5,28.75,29.25,28.5,26.75,26.25,26.5,26.75,26.25,27.5,28.0,26.75,26.75,26.5,26.75,26.0,26.5,26.5,26.75,26.75,26.5,26.75,27.0,26.5,26.75,26.25,26.0,26.5,26.0,25.75,26.5,26.5,26.25,26.0,26.5,26.5,26.0,26.5,26.25,26.25,26.0,26.0,26.0,26.0,25.75,25.75
10.0
26.25,26.75,26.75,27.0,28.75,28.0,28.25,27.75,26.75,26.75,28.0,29.25,30.0,27.75,27.0,26.25,26.75,26.75,27.0,28.75,29.0,28.5,26.75,26.25,26.75,26.5,26.5,27.5,28.25,27.0,26.25,27.0,26.75,26.0,26.0,26.75,27.0,26.5,26.25,26.5,27.0,26.75,26.75,26.5,26.25,26.25,26.0,26.0,26.5,26.75,26.25,25.75,26.5,26.25,25.5,26.25,25.75,26.0,26.0,26.0,26.5,26.25,25.5,26.25
11.0
26.5,26.75,26.5,26.75,28.5,28.5,28.0,27.0,26.25,26.5,27.75,28.5,29.75,28.0,27.0,26.75,26.5,26.25,27.0,28.5,29.25,29.25,26.5,26.5,26.5,26.5,26.25,27.5,28.25,27.25,26.75,26.25,27.0,26.5,26.25,26.25,27.0,26.5,26.5,26.5,26.5,26.0,26.5,27.0,26.5,26.75,26.25,25.75,26.5,26.75,26.0,26.25,26.25,26.5,26.0,25.75,25.75,26.0,26.5,26.25,26.0,26.0,25.75,26.25
12.0
26.25,26.75,26.5,26.25,28.5,28.0,28.0,27.0,26.5,26.5,27.75,28.75,29.75,28.0,26.75,26.25,26.75,26.5,26.75,28.5,29.25,29.25,27.0,26.25,26.75,26.75,26.75,27.0,28.25,27.5,26.5,26.5,26.75,26.5,26.5,26.25,27.0,26.5,26.25,26.5,26.75,26.25,26.5,26.25,26.25,26.5,26.0,25.75,26.25,26.75,26.0,26.0,26.25,26.5,25.75,26.0,26.5,26.5,26.25,25.75,25.75,26.0,26.0,26.5
13.0
26.25,26.75,27.0,26.75,29.0,28.75,28.0,27.25,26.25,26.5,28.0,28.25,29.75,28.5,26.75,26.75,26.75,26.5,27.25,28.25,29.25,29.0,27.25,26.75,26.0,26.75,26.75,27.25,28.0,27.5,26.5,26.5,26.25,26.25,26.25,26.5,27.0,26.5,26.25,26.75,26.25,26.25,26.25,26.5,26.25,26.25,26.0,26.25,26.25,26.5,26.25,26.0,26.5,26.0,26.0,25.75,26.25,25.75,26.25,25.5,26.0,25.5,25.5,26.5
14.0
26.0,26.25,26.75,26.75,29.5,27.75,27.75,26.75,26.5,26.75,27.75,28.25,29.25,28.25,27.0,26.75,26.5,26.25,27.25,28.75,29.5,29.25,26.75,26.25,26.25,26.5,26.25,27.0,28.25,27.0,26.5,26.5,26.25,26.5,25.75,26.5,26.5,26.5,26.5,26.75,26.25,27.0,26.25,26.5,25.75,26.25,26.0,26.0,26.5,26.5,26.5,26.5,26.25,26.0,25.5,26.0,26.0,26.25,26.5,26.0,26.25,25.75,25.5,26.0
15.0
26.0,26.75,26.25,26.5,29.0,27.75,27.75,27.25,27.25,26.75,27.75,27.75,29.25,28.75,27.25,26.75,26.75,26.0,27.0,28.5,29.25,29.0,27.25,26.25,26.5,26.5,26.5,27.0,28.25,27.0,26.25,26.5,26.75,26.25,26.25,26.5,26.75,26.75,26.5,26.5,26.25,26.75,26.0,26.5,26.5,26.25,25.75,26.25,26.5,26.5,26.0,25.5,26.25,26.5,25.5,25.5,25.75,26.25,26.5,26.25,26.0,26.0,26.0,26.0
16.0
26.5,26.75,26.5,26.25,28.75,27.75,28.25,27.25,26.5,26.75,27.75,27.5,29.5,29.25,27.5,26.75,26.25,26.75,27.0,28.0,29.25,29.25,27.0,26.75,26.25,26.75,26.25,27.0,28.0,27.0,26.5,26.5,26.75,26.25,26.0,26.5,27.0,26.5,26.5,26.5,26.5,26.5,26.5,26.25,26.0,26.5,26.0,25.75,26.25,26.5,26.25,26.0,26.25,26.5,25.75,26.0,26.0,25.75,26.5,26.25,26.25,25.75,26.25,25.75
17.0
26.25,26.5,26.5,26.75,29.5,27.5,27.5,27.25,26.0,26.75,28.0,27.5,29.0,29.25,27.0,26.75,26.75,26.75,27.0,27.75,29.75,28.75,27.0,26.75,26.5,26.25,26.75,27.25,28.25,27.0,26.25,26.75,27.0,26.0,26.25,26.75,27.0,26.25,26.0,26.5,26.5,26.25,26.5,26.5,26.0,26.5,25.75,25.75,27.0,26.25,26.5,26.25,26.25,26.25,25.75,26.25,27.0,26.0,26.25,25.75,26.5,25.75,25.5,26.25
18.0
26.25,26.25,26.5,27.0,29.0,27.0,27.5,27.25,26.25,27.0,27.5,27.0,29.0,28.75,27.0,26.5,26.25,26.75,27.25,27.5,29.25,28.75,26.25,26.5,26.25,26.25,26.25,27.5,28.5,27.25,26.5,26.5,26.75,26.0,26.5,26.75,26.75,26.5,26.25,26.5,26.5,26.5,26.5,26.5,26.75,26.25,26.0,25.5,26.25,26.25,26.0,26.25,26.75,25.75,26.0,25.75,26.5,26.0,25.75,26.25,25.75,25.75,25.5,25.5
19.0
26.0,26.75,26.75,27.75,29.0,26.75,27.75,27.0,26.0,26.5,27.5,27.5,29.5,28.5,27.0,26.75,26.5,26.5,26.75,27.75,29.25,28.75,26.75,26.25,26.0,26.5,26.25,27.25,28.25,27.25,26.25,26.75,27.0,25.75,26.0,26.75,27.0,26.75,26.5,26.5,26.75,26.25,26.5,26.25,26.0,26.0,26.0,26.0,26.5,26.75,26.25,26.25,26.25,26.25,25.75,26.0,26.5,25.75,26.5,26.0,26.0,25.75,25.75,26.25
20.0
26.0,26.5,26.75,28.0,28.75,27.0,27.75,27.25,26.5,27.0,27.75,27.5,30.0,28.75,26.5,26.25,26.25,26.5,26.75,27.5,29.5,28.25,27.0,25.75,26.25,26.5,26.5,27.5,28.25,27.0,26.75,26.75,26.5,26.25,26.0,27.25,26.75,26.5,26.25,26.5,26.75,26.5,26.75,26.25,26.0,26.25,26.5,25.75,26.25,26.75,26.25,26.25,26.5,26.25,25.5,25.75,25.75,26.0,26.5,26.25,26.25,26.0,26.0,26.25
21.0
26.75,27.5,28.25,26.5,26.75,26.75,27.5,27.25,26.5,26.75,29.0,29.25,28.5,26.75,26.75,26.75,26.75,27.0,27.25,29.5,29.5,27.5,26.25,26.5,25.75,26.25,27.5,29.25,28.5,26.75,26.75,26.5,26.5,26.5,26.5,27.5,27.25,26.75,26.5,26.5,26.5,26.25,26.5,26.75,26.25,26.5,26.0,26.0,26.5,26.75,25.75,26.25,26.5,26.0,26.0,26.0,26.5,26.25,26.25,26.25,25.75,25.75,25.75,26.0
22.0
26.5,27.0,27.75,26.5,27.0,26.25,28.0,27.25,26.0,27.5,29.0,28.5,28.0,26.5,26.75,26.25,26.75,26.5,27.75,29.5,29.25,26.75,26.75,26.0,26.5,27.0,27.25,29.0,28.25,26.75,26.5,26.25,26.75,26.0,26.5,27.75,27.5,26.5,26.75,26.75,26.25,26.75,26.75,27.0,26.5,26.25,26.25,25.75,26.5,26.75,26.0,26.5,26.5,26.25,26.0,26.0,26.25,26.0,26.0,26.0,26.25,25.75,25.75,26.0
23.0
26.5,27.0,27.75,26.5,27.0,26.25,28.0,27.25,26.0,27.5,29.0,28.5,28.0,26.5,26.75,26.25,26.75,26.5,27.75,29.5,29.25,26.75,26.75,26.0,26.5,27.0,27.25,29.0,28.25,26.75,26.5,26.25,26.75,26.0,26.5,27.75,27.5,26.5,26.75,26.75,26.25,26.75,26.75,27.0,26.5,26.25,26.25,25.75,26.5,26.75,26.0,26.5,26.5,26.25,26.0,26.0,26.25,26.0,26.0,26.0,26.25,25.75,25.75,26.0
24.0
26.25,27.25,27.75,26.25,26.75,26.75,27.75,26.75,26.75,28.0,29.0,28.25,28.0,26.75,26.5,26.25,27.0,26.75,28.25,30.0,29.25,27.25,26.25,26.0,26.25,26.75,27.5,29.25,28.0,26.5,26.0,26.5,26.75,26.25,26.75,28.0,26.75,26.5,26.25,27.0,26.5,26.5,26.5,26.75,26.25,26.75,25.75,26.0,26.25,26.25,26.5,26.0,26.0,26.5,26.0,25.75,26.25,26.25,26.0,25.75,26.0,25.5,25.5,26.0
25.0
26.75,27.5,26.75,26.0,26.25,26.75,27.25,27.0,26.75,28.0,28.75,27.75,27.75,26.75,26.25,26.25,26.5,27.25,28.75,29.75,28.75,26.75,26.5,26.25,26.0,26.75,27.5,29.25,27.5,26.5,26.0,26.25,26.75,26.25,26.75,27.5,27.25,26.25,26.5,26.75,26.75,26.5,26.5,26.75,26.0,26.25,26.25,25.5,26.0,26.75,26.0,25.75,26.0,26.5,26.0,26.25,26.25,26.0,26.0,26.25,26.0,26.0,26.0,26.25
26.0
26.5,27.0,27.0,26.5,26.5,26.25,27.75,27.0,26.75,28.0,28.25,28.0,27.75,26.25,26.5,27.0,27.0,27.5,29.25,29.75,28.5,26.5,26.25,26.5,26.25,26.5,27.25,29.0,27.75,26.0,26.25,26.25,26.75,26.5,26.75,28.0,27.0,26.75,26.5,26.5,26.25,26.5,26.5,26.75,26.0,26.25,26.25,25.75,26.5,26.5,26.0,26.0,26.25,25.75,25.75,26.25,26.25,26.5,26.0,26.75,26.0,25.5,26.25,26.0
27.0
26.75,27.25,26.75,26.75,26.75,26.5,27.25,27.25,26.75,28.25,28.75,28.0,27.5,26.25,26.25,26.75,27.0,28.0,29.5,29.75,28.0,27.0,26.5,26.5,26.5,27.0,27.25,29.25,27.75,26.25,26.5,26.5,26.75,26.5,26.5,27.75,27.0,26.25,26.25,26.5,26.25,26.5,26.75,26.75,26.25,26.25,25.75,25.5,26.5,26.25,26.5,26.25,26.5,26.25,25.75,26.25,26.5,26.25,26.0,26.0,25.75,25.75,25.75,26.0
28.0
26.25,27.0,26.75,26.5,26.75,26.25,27.5,26.75,26.75,28.0,28.5,28.5,27.0,26.0,26.25,26.25,27.25,28.0,29.75,29.75,27.5,26.75,26.5,26.0,26.25,26.75,27.5,29.5,27.75,26.0,26.5,26.0,27.0,26.25,27.0,28.0,27.25,26.0,26.0,26.5,26.5,26.75,26.5,26.5,26.0,26.25,26.0,25.75,26.5,26.5,26.0,25.75,26.5,26.5,26.0,26.0,25.75,26.0,26.25,26.25,26.0,25.75,25.25,26.25
29.0
26.5,27.5,26.75,26.25,26.5,26.25,27.25,26.5,27.0,28.75,28.75,28.75,26.5,26.25,26.0,26.0,26.75,27.5,29.75,29.25,27.0,26.75,26.5,26.0,26.25,26.5,27.5,29.0,27.25,26.25,26.25,26.75,26.5,26.5,26.75,28.25,26.75,26.5,26.25,26.5,26.25,26.25,26.5,27.0,26.25,26.25,26.25,25.75,26.5,26.5,26.5,26.0,26.5,26.25,25.75,25.75,26.5,26.0,25.75,25.75,26.25,26.0,25.75,26.25
30.0
26.5,27.25,26.5,26.5,26.25,26.25,27.25,27.25,27.0,28.75,29.0,28.5,27.0,26.25,26.25,26.0,27.0,28.0,29.25,29.5,26.5,27.0,26.25,26.25,26.5,26.75,27.75,28.75,27.0,26.0,27.0,26.25,27.0,26.25,26.5,27.25,26.5,26.25,26.0,26.75,26.5,26.25,26.75,26.75,26.25,26.5,26.25,26.25,26.25,26.75,26.25,26.0,26.0,26.0,25.5,25.5,26.5,26.0,26.5,26.25,25.75,26.0,25.75,26.0
31.0
26.75,27.25,26.75,26.5,26.75,26.0,27.0,26.25,28.5,29.0,29.25,27.0,26.5,25.75,26.25,26.5,27.75,28.0,29.5,28.0,26.5,26.5,26.25,26.25,26.75,27.25,28.5,27.0,26.25,25.75,26.5,26.0,26.5,26.75,27.0,26.75,26.25,26.0,26.5,26.5,26.5,26.25,26.5,26.5,26.0,26.25,26.0,25.75,26.25,26.75,26.0,26.0,26.25,26.25,25.75,25.75,26.0,26.0,26.0,26.25,25.75,25.25,26.25,26.0
32.0
26.75,26.75,26.75,26.0,26.5,26.25,27.25,27.0,28.5,29.25,29.0,27.0,26.5,26.25,26.25,26.5,28.0,28.75,29.5,27.25,26.5,26.5,26.0,26.25,26.25,26.75,28.75,27.25,26.25,26.0,26.25,26.5,26.75,26.5,27.0,26.5,26.25,26.25,26.5,26.25,26.75,26.5,26.5,26.5,26.0,26.25,26.0,25.75,26.0,26.5,26.0,26.0,26.0,26.0,25.75,25.5,26.0,26.0,26.25,26.25,26.0,26.0,25.25,26.25
33.0
26.75,27.0,26.0,26.0,26.0,26.0,27.5,26.75,28.25,28.0,28.75,27.0,26.5,26.0,26.25,26.0,29.0,29.0,29.25,27.0,26.5,26.25,26.5,26.25,26.5,27.25,29.25,27.25,26.25,26.5,26.25,25.75,26.75,26.25,27.25,26.5,26.5,26.75,26.0,26.5,26.75,26.25,26.75,26.5,26.0,26.25,26.25,26.0,26.75,26.25,26.0,26.0,26.25,25.25,25.5,25.75,26.25,26.0,26.0,26.25,26.0,25.5,25.75,26.0
34.0
27.0,26.75,26.75,26.0,26.25,26.25,27.5,26.75,28.25,28.25,28.75,27.0,26.5,26.0,26.5,26.5,29.5,29.75,29.25,26.75,26.25,26.5,26.25,26.0,26.75,28.0,29.0,26.75,26.5,26.25,26.25,26.25,27.25,27.25,27.75,26.25,26.75,26.5,26.25,27.25,26.25,26.5,26.75,26.5,26.0,26.25,26.25,25.5,26.25,26.5,26.25,25.5,26.5,26.0,25.75,26.0,26.5,26.5,26.0,26.0,26.0,25.75,26.0,25.75
35.0
27.0,26.5,26.75,26.0,26.5,26.0,27.25,27.0,27.75,27.75,28.25,27.0,26.75,26.25,26.0,26.5,30.0,29.75,29.0,26.5,26.75,26.75,26.25,25.5,27.25,28.75,28.5,26.75,26.0,26.75,26.0,26.5,26.75,27.5,28.0,26.75,26.25,26.25,26.25,26.25,27.0,26.25,26.75,26.75,26.25,26.0,26.25,26.0,26.25,26.75,26.25,26.0,26.0,26.25,25.75,25.5,26.25,26.5,26.0,26.0,26.25,26.0,25.75,26.0
36.0
26.25,26.75,26.25,26.5,26.5,26.25,26.75,27.0,26.75,27.5,27.75,27.0,26.5,26.25,26.0,26.25,29.0,29.25,28.75,26.5,26.25,26.0,26.25,26.0,27.5,29.75,28.0,26.5,26.5,25.75,25.75,26.0,27.0,28.25,28.0,26.25,26.25,26.25,26.25,26.0,26.75,26.75,26.5,26.5,25.75,26.75,26.25,26.0,26.5,26.25,26.25,26.0,26.25,26.25,25.5,25.5,25.75,26.5,26.0,26.25,25.75,25.5,25.5,25.75
37.0
26.5,26.75,26.5,26.25,26.25,26.0,27.25,27.0,26.5,27.25,27.75,26.75,26.5,26.25,26.5,26.25,29.0,29.5,28.25,26.0,26.25,26.5,25.75,26.25,28.0,29.75,28.25,26.5,26.25,26.0,26.0,26.0,27.25,29.0,27.75,26.5,26.25,26.25,26.0,26.0,26.75,26.75,26.75,26.5,25.75,26.25,26.0,26.0,26.5,26.75,26.5,26.0,26.0,26.0,25.75,25.75,26.25,26.25,26.25,26.25,26.25,25.75,25.75,26.25
38.0
26.25,26.5,26.25,26.0,26.25,26.25,27.5,27.0,26.5,27.0,27.75,27.0,26.5,26.0,26.5,26.5,28.5,28.75,27.75,26.25,26.25,26.25,26.0,26.25,29.25,29.5,28.0,26.25,26.25,26.0,26.25,26.5,27.25,28.75,27.75,26.0,26.25,26.75,26.25,26.0,27.0,27.25,27.0,26.25,26.0,25.75,26.0,25.75,26.25,26.75,26.0,26.0,26.0,26.25,25.75,25.75,26.0,26.25,26.5,26.0,25.75,26.0,25.75,25.75
39.0
26.25,26.75,26.75,26.0,27.0,26.25,27.25,27.25,26.75,27.25,27.75,27.0,26.5,26.25,26.25,26.25,28.75,29.25,27.75,26.25,26.25,26.25,26.25,26.25,29.25,29.25,27.75,26.25,26.25,26.25,26.0,26.0,27.5,29.25,27.5,26.25,26.25,26.0,26.25,26.0,26.75,27.5,27.0,26.75,26.0,26.25,26.0,25.75,26.0,26.25,26.25,26.0,26.0,26.5,26.0,25.75,26.0,26.0,26.5,26.25,26.5,25.75,25.5,26.0
40.0
26.25,26.25,27.0,26.0,26.5,26.5,27.5,26.5,26.75,27.0,27.75,26.75,26.5,25.5,26.5,26.25,28.5,29.0,27.75,26.25,25.75,26.0,26.5,26.25,29.75,29.25,27.75,26.0,25.75,26.25,26.5,26.25,28.0,28.5,27.25,26.0,26.5,26.5,26.75,26.25,27.0,27.25,26.75,26.25,25.75,26.0,26.0,25.5,26.75,27.5,26.25,26.25,26.25,26.0,26.0,25.75,26.25,26.5,26.0,26.5,26.0,26.0,25.75,25.5
41.0
26.25,26.75,26.0,26.25,26.5,26.0,27.5,26.75,27.25,27.25,27.25,26.5,26.75,25.75,26.25,26.5,29.75,29.25,27.25,26.25,26.25,26.5,26.5,26.25,28.75,29.0,27.0,25.75,26.25,26.25,26.25,26.0,28.75,28.0,27.25,26.25,26.0,26.5,26.25,27.0,27.25,26.5,27.0,26.5,26.0,26.25,26.25,26.0,26.5,26.5,26.25,26.0,26.0,26.0,26.0,25.75,26.0,25.75,26.25,25.75,26.25,26.0,25.75,26.0
42.0
26.25,26.75,26.5,26.0,26.25,26.25,27.5,26.5,27.0,27.25,27.5,26.75,26.25,26.25,26.25,27.0,29.5,28.5,27.0,26.0,26.0,26.5,26.25,26.0,29.0,28.75,27.0,26.25,26.25,26.0,26.25,26.5,28.5,28.0,27.25,26.25,26.0,26.5,26.25,26.5,27.0,27.0,27.25,26.5,26.0,26.0,26.0,26.0,26.75,26.5,26.5,26.0,26.25,26.5,25.5,25.25,26.25,26.25,26.25,26.0,26.0,25.75,25.75,25.75
43.0
26.5,27.0,26.5,26.25,26.25,25.75,27.25,27.25,27.25,27.25,27.5,26.75,26.25,26.25,26.0,26.5,29.5,28.5,26.75,26.25,26.0,26.25,25.75,26.25,29.0,28.5,26.5,26.5,26.25,26.0,26.5,26.25,28.75,27.75,27.0,26.25,26.0,26.5,26.25,26.0,27.0,26.5,26.75,26.75,26.25,26.25,26.25,26.25,26.75,27.0,26.5,25.5,26.0,26.0,26.0,26.0,26.25,26.25,26.0,26.5,26.25,25.5,26.25,26.5
44.0
26.75,26.25,26.25,26.5,26.5,26.0,27.5,27.0,27.0,27.25,27.75,26.75,26.5,26.25,26.25,26.5,29.5,28.25,26.75,26.25,26.25,26.5,26.25,26.25,29.25,28.5,26.75,25.75,26.0,26.0,26.25,26.0,28.25,27.5,27.0,26.0,26.25,26.25,26.25,26.75,26.75,26.75,26.75,26.5,25.75,26.0,25.5,25.5,26.75,26.5,26.0,26.0,26.25,26.25,26.25,25.5,26.0,26.0,26.25,25.75,26.0,26.25,26.25,26.25
45.0
26.75,26.75,26.75,26.0,26.5,26.5,27.25,27.0,27.75,27.0,27.75,26.75,26.25,26.0,26.5,26.0,29.5,28.25,26.5,26.25,26.25,26.5,26.25,26.5,29.25,28.75,26.75,26.25,26.5,26.0,26.0,26.25,28.5,27.75,26.75,26.0,26.25,26.5,26.5,26.5,26.5,27.25,26.5,26.75,26.25,26.0,26.0,26.0,26.25,26.25,26.0,26.25,26.25,26.25,25.75,25.75,26.5,26.25,26.0,26.5,25.75,25.75,25.75,26.5
46.0
26.25,26.5,26.25,25.75,26.5,26.5,27.25,26.25,27.25,27.25,27.5,26.5,26.5,26.0,26.0,26.5,29.25,27.75,26.75,26.25,26.25,26.0,26.25,26.0,28.75,28.5,26.75,26.25,26.25,26.0,26.25,26.25,28.5,27.5,27.0,26.0,26.25,26.25,26.5,26.25,26.75,26.75,27.25,26.75,26.25,26.5,25.75,25.75,26.75,26.5,26.5,26.0,26.25,26.0,25.75,26.25,26.5,26.25,26.25,26.0,26.75,26.0,26.0,25.75
47.0
26.25,26.75,26.0,25.75,26.5,26.25,27.5,26.5,27.0,27.0,27.5,26.75,26.75,26.25,26.25,26.25,29.0,27.75,26.75,26.25,26.25,26.25,26.25,26.25,28.75,28.25,27.0,26.25,26.25,25.75,26.5,26.25,28.0,28.0,26.75,26.25,26.25,26.5,26.0,26.25,27.25,26.75,26.75,26.5,26.0,26.0,26.25,26.0,27.0,26.5,26.25,26.0,26.25,26.0,26.25,26.25,26.25,26.0,26.25,26.0,26.0,25.5,26.0,26.0
48.0
26.25,26.75,26.0,26.25,26.5,26.0,27.0,27.0,26.75,26.75,27.25,26.75,26.25,26.0,26.5,26.0,27.75,27.5,27.0,26.25,26.5,26.5,26.25,26.25,29.0,27.75,26.75,26.5,26.25,26.25,26.0,25.75,28.5,27.5,26.75,26.25,26.5,26.25,26.5,26.5,27.25,27.0,27.0,26.5,26.25,26.0,26.25,25.5,26.75,26.5,26.0,26.25,25.75,26.0,26.0,25.5,26.5,26.0,26.75,26.0,25.75,25.75,25.75,25.5
49.0
26.5,26.5,26.25,26.0,26.5,26.25,27.0,27.0,26.25,26.5,27.5,26.5,26.25,26.25,26.0,26.0,27.5,26.5,26.5,26.25,26.5,26.5,26.25,26.0,28.5,27.75,26.25,26.0,26.0,26.25,26.25,26.25,28.5,28.25,27.0,26.5,26.25,26.0,26.25,26.5,27.5,27.0,26.5,26.25,26.25,26.0,26.0,25.5,26.25,26.75,26.25,25.75,25.75,26.0,25.75,26.0,26.25,26.0,26.5,26.25,25.75,25.75,25.75,26.0
50.0
26.5,26.25,26.25,26.0,26.25,26.0,27.5,26.75,26.5,26.75,27.75,26.75,26.5,26.25,26.25,26.5,27.25,26.5,26.75,26.25,26.75,26.25,26.25,26.25,28.25,27.25,26.75,26.5,25.75,26.5,26.5,25.75,28.25,27.75,26.5,26.0,26.5,26.25,26.25,25.75,27.75,27.25,27.0,26.25,26.0,26.0,25.75,25.75,26.5,26.5,26.0,26.25,26.0,26.25,26.25,25.75,26.5,26.0,26.0,26.5,26.5,26.0,26.5,26.25
51.0
26.0,26.25,26.0,26.0,26.5,26.25,27.0,26.75,26.5,26.5,27.25,26.75,26.25,26.0,26.25,26.5,27.0,26.25,26.75,26.75,26.25,26.5,26.5,25.75,27.75,26.25,26.5,26.25,26.0,26.0,26.25,26.25,28.5,27.5,26.25,26.25,26.5,26.75,26.75,26.5,28.25,27.5,26.75,26.5,26.0,26.25,25.75,25.5,26.5,26.75,26.25,26.0,26.25,25.75,25.75,25.5,26.75,26.0,25.5,26.5,26.25,26.25,25.5,26.25
52.0
26.5,26.5,26.25,26.25,26.5,26.75,27.25,26.75,26.0,26.5,27.5,26.5,26.25,26.25,26.25,26.25,27.0,26.75,26.5,26.25,26.0,26.5,26.25,26.25,27.75,26.5,26.75,25.5,26.5,26.25,26.0,26.5,28.25,27.5,26.25,26.0,26.0,26.25,26.5,26.75,28.0,27.25,26.5,26.25,26.25,26.5,26.0,25.5,26.75,26.25,26.5,26.0,26.25,26.25,25.75,26.25,26.75,26.0,26.25,26.0,26.25,25.75,25.75,26.25
53.0
25.75,26.5,26.25,25.75,26.5,26.0,27.5,26.75,26.75,26.5,27.5,26.75,26.25,26.25,26.25,26.5,27.0,26.75,27.0,26.0,26.25,26.5,26.0,26.25,27.5,26.75,26.25,26.25,26.25,26.25,26.25,26.25,29.0,27.25,26.25,26.0,26.0,26.25,26.5,26.5,28.5,27.5,26.75,26.5,26.5,26.25,26.0,25.75,26.75,27.0,26.25,26.25,26.5,26.25,25.75,25.5,26.5,26.0,26.25,26.25,25.75,26.0,25.5,26.5
54.0
26.5,26.5,26.25,26.5,26.5,26.5,27.5,27.25,26.75,26.75,27.5,26.5,26.5,26.0,26.25,26.5,27.5,26.5,26.75,26.75,26.25,26.5,26.25,26.0,27.5,26.75,26.75,26.25,26.5,26.5,26.5,26.25,28.75,27.75,26.75,26.0,26.25,26.25,26.25,26.25,28.0,27.75,26.75,26.5,26.0,26.25,25.75,26.25,26.75,26.75,26.5,26.5,26.25,26.25,25.75,25.75,26.5,26.25,26.25,26.75,26.0,26.25,25.5,26.25
55.0
26.5,26.5,26.25,26.25,26.25,26.25,27.25,27.0,26.75,26.5,27.0,26.5,26.25,26.25,25.75,26.25,27.5,27.25,26.5,26.5,26.5,27.0,26.25,26.0,27.75,26.5,26.25,26.25,26.5,26.0,26.0,26.25,28.5,27.25,26.5,26.5,26.25,26.25,26.5,26.75,27.75,27.5,27.0,26.5,26.0,26.5,25.75,25.75,27.0,26.75,26.25,26.0,26.25,26.5,25.75,26.0,26.75,26.5,26.0,26.0,26.0,25.75,26.0,25.25
56.0
26.0,26.5,26.5,26.0,26.75,26.25,27.5,26.75,26.25,26.5,27.5,26.75,26.5,26.0,26.25,26.25,28.0,26.5,26.75,26.0,26.25,26.25,26.5,26.0,27.75,26.5,26.25,26.5,26.0,26.0,26.0,26.5,28.75,27.75,26.5,26.5,26.25,26.25,26.5,26.5,28.5,28.0,26.75,26.5,26.0,25.75,26.25,26.0,27.0,27.0,26.5,26.25,26.5,26.0,25.75,25.75,26.25,26.0,26.25,26.0,26.0,26.0,25.5,26.25
57.0
26.5,26.75,26.75,26.25,26.5,26.5,27.25,27.0,26.75,26.75,27.25,26.75,26.25,26.5,26.25,26.5,27.75,26.5,26.75,26.5,26.25,26.25,26.25,26.25,28.25,26.5,26.25,26.25,26.5,26.5,26.25,26.75,28.75,27.75,26.5,26.0,26.25,26.25,26.5,26.5,28.25,27.75,26.5,26.25,25.75,26.0,26.0,26.0,26.75,26.75,26.25,26.0,26.0,26.25,26.25,26.0,26.5,26.25,26.25,26.25,26.25,26.0,25.5,26.0
58.0
26.5,26.75,26.0,26.0,26.25,26.5,27.5,27.0,26.75,26.5,27.25,26.5,26.5,26.25,26.25,26.0,28.25,26.75,26.75,26.25,26.25,26.5,26.25,26.5,28.0,27.25,26.25,26.25,25.75,25.75,26.5,26.75,29.25,27.75,26.25,26.0,26.0,26.25,26.5,26.25,28.5,28.0,27.0,26.75,26.0,26.0,26.0,26.25,27.0,27.25,26.75,26.25,26.25,26.25,25.75,26.25,26.5,26.25,26.5,25.75,26.25,26.0,25.5,25.75
59.0
26.5,27.0,26.5,26.0,26.5,26.75,27.5,27.25,26.5,26.75,27.5,26.75,26.5,26.0,26.25,26.5,27.75,26.5,26.75,26.5,26.25,26.5,26.5,26.75,28.5,26.5,26.5,26.0,26.25,26.0,26.25,26.25,29.0,27.75,26.5,26.25,26.0,26.25,26.25,26.5,28.25,27.75,26.75,26.75,26.25,26.0,25.75,26.0,27.5,27.25,26.5,26.0,26.25,26.25,25.25,25.75,26.5,26.5,26.0,26.5,26.0,25.75,26.0,26.25
60.0
26.0,26.5,26.5,25.75,26.25,26.5,27.5,27.0,26.25,26.5,27.5,26.75,26.5,26.25,26.75,26.75,27.25,26.75,26.75,26.5,26.25,26.5,26.0,25.75,28.25,26.5,26.25,26.0,26.5,26.0,26.25,26.25,29.5,28.0,26.5,26.25,26.5,26.5,26.25,26.75,28.25,27.75,26.75,27.0,26.0,26.0,25.75,25.5,27.25,26.5,26.0,26.0,26.25,26.25,26.25,25.5,26.25,26.75,26.25,26.25,26.25,26.25,26.25,26.0
61.0
26.25,26.25,26.25,26.25,26.5,26.0,27.25,26.5,26.25,27.0,27.5,26.5,26.5,26.5,26.5,26.5,27.5,26.25,27.0,26.25,26.25,26.5,26.5,26.25,28.0,27.0,26.75,26.25,26.25,26.0,26.25,26.75,28.75,27.5,26.5,26.0,26.25,26.25,26.5,26.0,29.0,28.25,26.75,26.5,26.25,26.5,26.25,25.75,27.5,27.5,26.25,26.0,26.5,26.5,25.75,26.25,26.5,26.5,26.0,26.0,26.25,25.25,26.25,25.75
62.0
26.5,26.5,26.5,26.25,26.5,26.5,27.5,27.0,26.75,26.5,27.25,26.5,26.25,25.75,26.5,26.0,26.5,26.5,26.75,26.0,26.75,26.0,26.25,26.5,27.25,26.5,26.5,26.25,26.0,26.25,26.25,26.5,28.75,27.5,26.5,25.75,26.5,26.75,26.75,26.75,29.25,28.25,26.5,26.25,25.75,26.5,26.0,26.0,27.75,27.25,26.5,26.25,26.25,26.5,26.25,26.0,26.75,26.5,26.5,26.5,26.5,26.0,26.0,26.0
63.0
26.25,26.5,26.0,26.0,26.75,26.25,27.5,26.75,26.5,26.5,27.25,26.5,26.25,26.25,26.0,26.25,26.5,26.25,26.75,26.5,26.25,26.25,26.25,26.25,27.0,26.25,26.25,26.0,26.0,26.25,26.0,26.25,28.25,28.0,26.5,26.25,26.5,26.25,26.5,26.25,29.0,28.25,26.75,26.5,25.75,26.0,26.0,26.0,27.75,27.5,26.5,26.0,26.5,26.25,25.75,25.75,26.75,26.75,26.0,26.0,26.0,25.75,25.75,26.25
64.0
26.5,26.25,26.25,26.25,26.75,26.25,27.5,27.0,26.5,26.75,27.5,26.75,26.25,26.5,26.5,26.25,27.0,26.5,26.75,26.5,26.25,26.75,26.5,26.5,26.0,26.5,26.25,26.25,26.5,26.5,26.5,26.25,28.5,27.75,26.25,26.0,26.5,26.5,26.25,26.75,29.25,28.0,26.75,26.75,26.25,26.0,25.75,26.25,28.0,27.75,26.25,26.25,26.5,26.25,26.0,26.0,26.5,26.5,26.25,26.25,26.25,25.75,25.75,26.25
65.0
26.5,26.25,26.5,26.0,26.5,26.25,27.25,27.25,26.0,26.75,27.5,26.25,26.5,26.0,26.25,26.25,26.5,26.75,26.75,26.0,26.0,26.25,26.5,26.25,26.75,26.75,26.25,26.25,26.25,26.25,26.25,26.5,27.75,27.5,26.25,25.75,26.25,26.25,26.5,26.5,28.75,28.0,26.75,26.5,26.25,26.25,26.25,25.75,27.5,27.5,26.5,26.25,26.5,26.5,25.75,25.75,27.0,26.25,26.5,25.75,25.75,25.75,26.0,25.75
66.0
26.0,26.0,26.25,26.25,26.0,26.25,28.25,26.5,26.5,26.5,27.25,26.75,26.25,26.0,26.25,26.5,27.0,26.0,26.75,26.25,26.75,26.25,26.25,26.75,26.5,26.25,26.0,26.0,26.0,26.0,26.25,26.25,28.0,27.75,26.25,26.0,26.25,26.5,26.25,26.75,29.25,28.25,26.5,26.5,26.25,26.25,25.75,25.75,28.0,28.0,26.5,26.5,26.25,26.5,25.75,25.75,26.5,26.5,25.75,26.0,26.0,26.0,25.5,26.0
67.0
26.25,26.75,26.25,26.25,26.25,26.5,27.25,27.0,26.75,26.25,27.25,26.5,26.5,26.0,26.25,26.5,26.75,26.5,26.75,26.0,26.5,26.5,26.25,26.25,26.0,26.25,26.5,26.25,26.25,26.25,26.0,26.75,27.5,28.0,26.5,26.25,26.25,26.5,26.5,26.0,29.0,28.25,27.0,26.5,26.5,26.5,26.25,26.0,28.25,28.0,26.5,26.25,26.25,26.25,26.25,25.75,27.0,26.5,26.5,26.25,26.5,25.75,26.0,26.5
68.0
26.25,26.75,26.25,26.25,26.5,26.25,27.25,27.0,26.0,26.5,27.25,26.5,26.75,26.25,26.25,26.0,26.5,26.5,26.75,26.25,26.25,26.25,26.25,25.75,26.75,26.25,26.5,26.25,26.5,26.25,26.25,26.5,27.25,28.0,26.25,26.0,26.5,26.75,26.5,26.25,28.75,28.0,26.5,26.5,25.75,26.25,26.0,26.0,28.25,28.5,26.25,26.0,26.0,26.25,25.75,26.25,26.75,26.75,26.0,26.0,26.25,25.5,26.25,26.0
69.0
26.5,26.0,26.5,26.0,26.25,26.25,27.5,27.0,26.25,26.75,27.25,26.5,26.5,26.0,26.0,26.5,26.75,26.75,26.75,26.0,26.25,26.5,26.25,26.0,26.75,26.5,26.5,26.25,26.25,26.0,26.5,26.5,27.0,27.5,26.25,26.25,26.25,26.25,25.75,26.75,28.25,28.0,26.75,26.5,26.0,26.25,26.0,26.0,28.75,27.75,26.5,26.25,26.0,26.25,26.0,25.75,26.5,27.0,26.25,25.75,26.25,25.75,25.5,25.75
70.0
26.0,26.25,26.25,25.75,26.5,26.25,27.25,27.25,26.0,26.5,27.75,26.75,26.25,26.0,26.25,26.25,26.75,26.5,27.0,26.25,26.25,26.5,26.25,26.25,26.5,26.5,26.5,26.0,26.25,26.0,26.0,26.5,27.0,27.75,26.5,25.75,26.25,26.0,26.5,26.75,28.5,28.25,27.0,26.25,26.0,26.0,26.0,26.0,29.0,28.0,26.75,26.25,26.25,26.25,26.0,26.25,26.75,26.75,26.75,26.25,26.0,26.25,25.75,25.5
71.0
26.5,26.75,26.5,26.25,26.25,26.5,27.5,27.0,27.0,26.75,27.25,26.75,26.75,26.25,26.25,26.75,26.75,26.25,26.75,26.25,26.75,26.5,26.5,26.25,26.25,26.75,26.25,26.25,26.75,26.25,26.0,26.25,27.0,27.5,26.5,26.25,26.25,26.25,26.0,26.5,28.5,28.25,26.75,26.75,26.0,26.5,26.0,25.75,29.0,28.25,26.5,25.75,26.25,26.5,26.0,25.5,26.75,26.75,26.25,26.25,26.0,26.25,26.25,25.75
72.0
26.0,26.5,26.25,26.25,26.25,26.5,27.25,27.25,26.75,26.25,27.25,26.75,26.25,26.0,26.25,26.25,26.5,26.75,27.0,26.5,26.5,26.5,26.0,26.25,26.5,26.75,26.25,26.5,26.25,26.0,26.25,26.5,27.0,27.5,26.5,26.0,26.0,26.5,26.0,26.5,28.25,28.75,27.0,26.75,26.0,26.5,26.25,25.25,28.75,28.5,26.25,26.0,26.25,26.25,25.75,26.25,27.25,26.0,26.5,26.5,26.25,26.0,25.5,25.75
73.0
25.75,26.5,26.25,26.25,26.75,26.25,27.75,27.75,26.0,26.75,27.75,26.25,26.5,26.0,26.0,26.75,26.5,26.5,26.75,26.0,26.0,26.5,26.25,26.0,26.5,26.75,26.25,26.25,26.0,25.75,26.25,26.25,26.75,27.25,26.5,26.25,26.0,26.25,26.5,26.25,28.5,28.75,27.0,26.5,25.75,26.25,26.0,26.0,29.0,28.5,26.25,26.0,26.5,25.75,25.25,25.75,27.0,26.5,26.5,26.5,26.25,26.25,26.0,26.5
74.0
26.5,26.25,26.25,25.75,26.5,26.0,27.75,27.25,26.25,26.5,27.5,26.75,26.25,26.25,26.25,26.75,27.0,26.25,26.75,26.25,26.25,26.25,26.75,26.0,26.25,26.5,26.5,26.25,26.5,26.0,26.25,26.25,27.25,27.0,26.25,25.75,26.0,26.0,26.25,26.0,28.25,28.0,26.75,26.25,26.0,26.0,26.0,25.75,28.75,27.75,26.5,26.25,26.25,26.25,26.0,25.75,27.0,26.5,26.25,26.0,26.0,25.75,26.0,25.5
75.0
26.25,26.25,26.5,25.75,26.75,26.25,27.75,27.0,26.25,26.5,27.5,26.75,26.75,26.5,26.25,26.25,26.75,26.5,27.0,26.5,26.25,26.5,26.25,25.75,26.25,26.5,26.5,26.25,26.0,26.25,26.25,26.75,27.5,27.5,26.5,26.5,26.25,26.25,26.5,26.5,28.5,28.5,26.5,26.5,26.0,26.5,26.25,26.0,28.5,28.25,26.5,26.25,26.25,26.25,25.5,25.5,26.5,27.0,26.0,26.5,25.75,26.5,25.75,26.75
76.0
26.25,26.5,26.75,26.0,26.75,26.0,27.5,27.0,26.25,26.75,27.25,26.75,26.0,26.25,25.75,26.5,26.75,26.5,27.0,26.5,26.25,26.5,26.75,26.0,26.75,26.5,26.75,26.25,26.25,26.25,26.25,26.5,27.75,27.5,26.25,26.25,26.0,26.25,26.75,26.5,28.75,28.5,27.25,27.0,26.0,26.0,26.25,26.0,28.5,28.25,26.5,26.5,26.25,26.0,26.0,25.75,26.5,26.75,26.75,26.25,26.75,26.25,25.5,26.5
77.0
26.0,26.5,26.25,26.0,26.5,26.0,27.75,27.0,26.5,26.5,27.0,26.75,26.0,26.5,26.25,26.25,27.0,26.5,26.75,26.25,26.0,26.25,26.0,26.0,26.5,26.5,26.5,26.0,26.25,25.75,26.5,26.5,27.5,27.75,26.5,26.25,26.5,26.75,26.25,26.25,28.25,28.5,26.5,26.5,26.0,26.25,26.25,26.0,28.75,28.5,26.25,26.0,26.0,26.25,25.5,25.75,27.0,26.75,26.0,26.0,26.0,25.25,26.25,25.75
78.0
26.0,26.5,26.25,26.0,26.5,26.0,27.75,27.0,26.5,26.5,27.0,26.75,26.0,26.5,26.25,26.25,27.0,26.5,26.75,26.25,26.0,26.25,26.0,26.0,26.5,26.5,26.5,26.0,26.25,25.75,26.5,26.5,27.5,27.75,26.5,26.25,26.5,26.75,26.25,26.25,28.25,28.5,26.5,26.5,26.0,26.25,26.25,26.0,28.75,28.5,26.25,26.0,26.0,26.25,25.5,25.75,27.0,26.75,26.0,26.0,26.0,25.25,26.25,25.75
79.0
26.5,26.75,26.25,26.25,26.5,26.25,27.5,26.75,26.25,26.75,27.5,27.25,26.25,26.25,26.5,26.25,26.75,26.25,27.0,26.0,26.5,26.25,26.5,26.25,26.25,26.5,26.5,26.0,26.25,25.75,26.25,26.5,27.0,27.5,26.25,26.5,26.5,26.5,26.5,26.75,28.0,28.25,27.0,26.25,26.25,26.0,26.25,25.75,29.0,28.25,26.75,26.0,26.5,26.5,25.75,26.5,27.25,26.75,26.25,26.5,26.0,25.75,25.75,26.25
80.0
26.25,26.25,26.25,26.5,26.5,26.25,27.25,26.75,26.5,26.75,27.25,26.75,26.75,26.25,26.5,26.25,26.75,26.5,26.5,26.25,26.5,26.5,26.0,26.0,26.5,26.25,26.25,26.25,26.75,26.0,26.25,25.75,27.0,27.25,26.0,26.0,26.5,26.0,26.5,26.75,28.75,28.5,26.75,26.5,26.0,26.5,26.0,25.75,28.75,28.25,26.75,25.75,26.25,26.0,26.0,25.75,26.75,26.5,26.0,26.25,25.75,26.25,26.0,26.0
81.0
26.5,26.5,26.25,25.75,26.5,27.0,27.25,27.25,26.5,26.75,27.25,26.5,26.5,25.75,26.25,26.0,26.75,26.5,26.75,26.0,26.5,26.25,26.5,26.25,26.25,26.5,26.5,26.25,26.5,26.0,25.75,26.0,27.25,27.5,26.0,26.25,26.25,26.25,26.5,26.25,28.5,28.5,26.75,26.25,26.0,26.25,26.0,25.75,29.0,28.0,26.25,26.25,26.5,26.25,26.0,25.75,26.5,26.75,26.5,26.0,26.0,25.75,26.0,26.5
82.0
25.75,26.5,26.25,26.0,26.75,26.75,27.5,27.0,26.5,26.75,27.5,26.5,26.25,26.5,26.25,26.5,26.75,26.5,26.75,26.5,26.25,26.75,26.25,26.75,26.25,26.75,26.5,26.25,26.75,26.25,26.5,26.0,27.25,27.5,26.5,26.0,26.25,26.5,26.25,26.5,28.25,28.5,27.0,26.0,26.25,26.25,26.0,25.75,28.75,28.25,26.25,26.25,26.25,26.25,25.5,25.25,27.0,26.5,26.0,26.25,25.5,25.75,25.5,25.75
83.0
26.0,26.5,26.25,26.25,26.25,26.0,27.5,27.5,26.0,26.5,27.25,26.75,26.5,26.25,26.25,26.25,26.25,26.75,26.5,26.5,26.5,26.5,26.5,26.25,26.0,26.75,26.5,26.25,26.5,26.25,26.25,26.5,27.0,27.5,26.0,26.0,26.0,26.75,26.5,26.0,29.0,28.25,26.75,26.25,26.0,27.0,26.25,25.5,28.75,28.5,26.75,26.0,26.5,26.25,25.75,26.25,26.75,26.5,26.0,26.0,26.25,25.75,25.5,26.25
84.0
26.25,27.25,26.25,26.0,26.5,26.5,27.5,27.0,26.75,26.5,27.5,26.75,26.5,26.25,26.5,26.25,26.25,26.75,27.0,26.25,26.25,26.25,26.0,26.25,26.0,26.75,26.5,26.25,26.25,26.25,26.5,26.75,27.25,27.5,26.5,26.25,26.25,26.5,26.5,26.75,29.25,28.25,27.0,26.5,26.0,26.5,26.5,25.75,28.5,28.25,26.25,26.0,26.75,26.25,26.0,26.0,26.75,27.0,26.0,26.0,26.0,25.5,25.75,25.5
85.0
26.0,26.25,26.25,26.25,26.25,26.25,27.75,26.5,26.0,26.25,27.25,26.5,26.5,26.5,26.25,26.5,26.75,26.25,27.0,26.0,26.5,26.25,26.75,26.0,26.25,26.25,26.5,26.25,26.25,26.25,26.5,26.25,27.25,27.25,26.5,26.25,26.25,26.25,26.25,26.5,28.75,28.0,27.0,26.75,26.25,26.25,26.0,26.0,29.0,28.5,26.5,26.5,26.0,26.25,26.0,25.75,26.5,26.5,26.0,26.0,25.5,25.5,26.0,26.25
