1.0
26.75,26.5,26.25,26.0,26.75,26.5,27.0,26.75,26.5,27.25,26.5,26.25,26.5,26.25,26.5,26.25,27.0,27.0,26.25,26.5,26.25,26.75,26.75,26.5,27.0,26.75,26.75,26.25,26.25,26.25,26.5,26.75,28.75,28.75,27.0,26.25,26.5,26.5,26.5,26.25,29.25,28.5,27.25,26.25,26.0,26.0,26.0,26.0,27.25,27.25,26.25,26.0,26.75,26.5,25.75,26.5,27.0,26.25,26.0,26.0,25.75,25.75,26.0,26.75
2.0
26.5,26.75,26.5,26.25,26.75,26.25,27.5,27.0,26.75,27.0,26.5,26.75,26.25,26.0,26.5,26.75,27.25,27.25,26.75,26.25,26.5,26.25,26.5,26.25,26.25,27.0,26.5,26.5,26.75,26.25,26.5,26.5,28.5,28.5,26.5,26.25,26.5,26.5,26.5,26.75,29.5,28.5,26.75,26.75,25.75,26.5,26.5,25.75,27.25,27.75,26.25,26.5,26.25,26.25,26.0,26.75,26.5,26.25,26.0,26.5,26.25,26.0,26.0,27.0
3.0
26.5,26.75,26.5,26.25,26.5,26.5,27.75,26.75,26.75,27.0,26.75,27.0,26.75,26.25,26.5,26.75,27.25,26.75,26.5,26.5,26.75,26.25,26.75,26.25,26.75,26.75,26.5,26.0,26.25,26.5,26.5,26.25,28.75,28.5,26.75,26.5,26.5,26.5,26.75,26.5,29.25,28.5,27.0,27.0,26.5,26.5,26.0,25.75,27.75,27.5,26.5,25.75,26.25,26.25,25.5,26.5,26.5,26.25,26.0,26.5,26.25,25.75,25.75,27.0
4.0
26.75,26.75,26.25,26.25,26.75,26.5,27.5,27.0,26.75,27.0,26.5,26.5,26.5,26.25,26.25,26.5,27.25,27.0,26.75,26.5,26.5,26.75,26.25,26.5,26.5,27.0,26.75,26.5,26.5,26.25,26.5,26.5,28.5,28.75,26.5,26.25,26.5,26.5,26.5,27.0,29.75,28.75,27.0,26.75,26.25,26.5,26.5,26.0,27.75,27.5,26.5,26.5,26.25,26.25,26.0,27.0,26.75,26.75,26.5,26.25,26.0,25.75,26.0,27.25
5.0
26.25,27.25,26.5,26.25,26.5,26.5,27.25,26.75,26.5,26.5,26.5,26.75,26.75,26.25,26.25,26.5,27.25,27.0,26.75,25.75,26.25,26.5,26.5,26.25,26.25,27.0,26.75,26.75,26.5,26.5,26.5,26.25,28.25,28.25,26.25,26.25,26.75,26.25,26.5,26.75,29.75,28.75,27.0,26.5,26.0,26.5,26.25,26.25,28.25,27.75,26.0,26.5,26.5,26.25,26.5,26.75,26.25,26.75,26.0,26.0,26.25,25.75,26.0,27.25
6.0
26.5,26.75,26.5,26.0,26.25,26.5,27.5,27.5,26.5,26.75,26.5,26.25,26.25,26.5,26.5,26.25,26.75,27.25,26.5,26.25,26.5,26.75,26.0,26.5,26.25,27.0,26.75,27.0,26.5,26.0,26.0,26.75,28.25,28.75,26.5,26.25,26.25,26.25,26.75,26.5,29.25,28.75,27.0,26.5,26.0,26.25,26.0,26.0,28.0,27.5,26.25,26.25,26.5,26.0,26.25,26.5,26.75,26.25,26.0,26.25,25.75,26.0,26.25,26.75
7.0
26.25,26.5,26.5,26.25,26.5,26.25,27.25,27.0,26.5,27.0,26.75,26.0,26.75,26.25,26.25,26.25,27.25,27.25,26.5,26.5,26.5,26.75,26.0,26.25,27.0,27.0,26.25,26.25,26.0,26.5,26.5,26.75,28.5,28.5,26.5,26.0,26.5,26.5,26.25,26.5,29.25,28.25,27.0,26.5,26.25,26.75,26.25,26.0,28.25,27.75,26.25,25.75,26.25,26.0,26.0,26.5,27.0,26.5,26.0,26.0,26.0,26.0,25.75,27.0
8.0
26.5,26.75,26.25,26.0,26.25,26.25,27.5,27.0,26.5,27.25,26.75,26.75,26.75,26.25,26.25,26.5,27.25,27.25,26.5,26.0,26.25,26.75,26.25,26.25,27.25,27.0,26.75,26.5,26.25,26.75,26.75,26.25,28.5,28.25,26.25,26.25,26.25,26.75,26.0,26.25,29.25,29.0,27.0,26.5,26.0,26.5,26.25,26.0,27.75,27.5,26.75,26.25,26.25,26.25,26.0,27.0,26.5,26.25,26.25,26.5,26.0,25.75,26.0,27.5
9.0
26.75,26.5,26.5,26.25,26.75,26.5,27.75,27.0,26.75,27.5,26.75,26.75,26.75,26.0,26.75,26.5,27.0,27.0,26.5,26.25,26.25,26.25,26.75,26.25,26.75,27.0,26.5,26.25,26.25,26.5,26.25,26.5,28.75,28.75,26.75,26.5,26.5,26.75,26.5,26.25,29.5,28.75,27.25,26.75,26.25,26.25,26.25,26.5,28.25,27.75,26.5,25.75,26.5,26.0,26.25,26.75,26.5,26.75,26.25,26.0,26.25,25.75,26.0,27.0
10.0
26.75,26.5,26.5,26.25,26.25,26.5,27.25,26.5,26.5,27.25,26.5,26.5,26.75,26.75,26.5,26.25,27.0,26.75,26.75,26.5,26.5,26.25,26.25,26.25,26.5,26.75,26.5,26.0,26.25,26.0,26.5,26.25,28.5,28.5,26.5,26.5,26.5,26.5,26.5,26.5,30.0,28.25,27.0,26.5,26.5,26.25,25.75,25.75,27.75,28.0,26.5,26.25,26.25,26.25,26.0,26.75,26.75,26.0,26.5,26.25,26.5,26.5,26.25,27.25
11.0
26.25,26.75,26.25,26.25,26.25,26.5,27.5,27.0,26.75,27.25,26.25,26.25,27.0,26.5,26.25,26.25,26.5,27.0,26.5,26.5,26.5,26.5,26.5,26.25,26.5,27.0,26.5,26.25,26.5,26.25,26.5,26.25,28.5,29.0,26.75,26.25,26.5,26.5,26.25,26.5,29.25,28.75,26.75,26.5,26.5,26.5,26.5,26.25,28.0,28.0,26.5,26.25,26.25,26.5,26.25,26.75,26.5,26.5,26.25,26.0,26.0,26.5,26.25,27.25
12.0
26.25,26.25,26.75,26.0,26.5,26.5,27.25,26.75,26.75,27.0,26.75,26.5,26.75,26.25,26.25,26.5,27.5,27.0,26.75,26.75,27.0,26.25,26.0,26.75,26.0,27.25,26.75,26.5,26.25,26.25,26.25,26.25,28.5,28.5,27.0,26.25,26.75,27.0,26.5,26.75,29.25,28.75,27.0,27.0,26.5,26.5,26.25,26.0,28.5,27.75,26.75,26.5,26.0,26.0,26.25,27.0,27.25,27.25,26.25,26.25,26.25,26.25,26.0,26.5
13.0
26.75,26.75,26.75,26.0,26.25,26.25,27.25,26.75,27.0,27.5,27.0,26.25,26.5,26.0,26.25,26.5,27.25,27.0,26.25,26.0,26.25,26.5,26.5,26.0,26.5,27.0,26.75,26.5,26.25,26.25,26.0,27.0,28.5,28.25,26.75,26.0,26.25,26.75,26.5,26.75,29.25,28.75,27.0,26.75,26.25,26.5,26.25,26.25,27.75,27.5,26.75,26.0,26.5,26.25,26.0,27.0,26.5,26.5,26.25,26.5,26.0,26.0,25.5,27.25
14.0
27.0,26.75,26.75,26.0,26.75,26.75,27.75,26.5,26.5,27.0,26.75,26.25,26.75,26.75,27.0,26.5,27.0,27.0,26.5,26.5,26.75,26.75,26.25,26.25,27.25,27.0,26.75,26.5,26.0,26.5,26.5,26.5,29.0,28.5,27.0,26.5,26.5,26.5,27.0,26.75,29.5,29.0,27.0,26.75,26.25,26.0,26.25,26.25,27.75,27.75,26.5,26.5,26.5,26.5,26.25,27.0,27.0,26.5,26.5,26.25,26.25,25.75,25.75,27.5
15.0
26.0,26.5,26.25,26.25,26.5,26.75,27.5,27.5,26.5,27.25,26.5,26.75,26.25,26.75,26.5,26.25,27.0,27.0,26.5,26.5,26.25,26.75,26.75,26.5,26.5,27.0,26.75,26.75,26.25,26.25,26.25,27.0,28.25,29.0,26.25,26.5,26.0,26.5,26.5,26.75,29.25,28.75,27.0,26.75,26.5,26.5,26.25,26.25,27.75,27.25,26.25,26.5,26.0,26.25,26.25,27.0,27.0,27.25,26.75,26.5,26.0,26.0,26.25,27.25
16.0
26.5,26.75,26.25,26.25,26.5,26.5,27.5,27.25,26.5,27.0,26.75,26.5,26.5,26.25,26.25,26.0,27.0,27.25,26.75,26.5,26.75,26.5,26.75,26.25,26.75,26.5,26.5,26.25,26.25,26.25,26.5,26.25,28.75,28.25,26.75,26.25,26.5,26.25,26.25,26.25,29.0,28.75,27.25,26.75,26.0,26.5,26.5,26.0,28.0,27.5,26.75,25.75,26.75,26.5,26.25,27.0,26.25,26.5,26.25,26.75,25.75,26.25,26.25,27.5
17.0
26.75,27.0,26.5,25.75,26.75,26.5,27.75,26.75,26.75,27.25,26.5,26.25,26.75,26.0,26.25,26.5,27.0,27.25,26.5,26.5,26.5,26.5,26.5,26.5,26.75,26.75,26.5,26.25,26.25,26.25,26.5,26.25,28.25,29.0,26.75,26.25,26.5,26.75,26.5,26.25,29.25,28.75,27.5,26.75,26.5,26.25,26.5,26.25,28.0,28.0,26.5,26.25,26.25,26.0,26.25,26.75,26.5,26.5,26.25,26.25,26.25,25.75,25.75,27.25
18.0
26.5,27.25,26.25,26.25,26.75,27.25,27.75,27.0,26.75,26.75,26.5,26.75,26.5,26.25,26.0,26.0,27.0,27.25,26.75,26.5,26.75,26.75,26.5,26.5,26.5,26.5,26.5,26.5,26.25,26.0,26.5,26.5,28.25,28.5,26.5,26.25,26.5,26.25,26.5,26.25,29.25,29.0,26.75,26.75,26.0,26.75,26.5,25.75,27.75,28.0,26.25,26.25,26.25,26.5,25.75,26.75,27.0,26.5,26.5,26.0,26.0,26.0,25.75,27.25
19.0
26.25,26.5,26.25,26.5,26.0,27.0,27.75,27.25,26.75,27.5,26.5,26.5,26.5,26.25,26.5,26.5,27.0,27.0,26.25,26.25,26.25,26.5,26.0,26.0,26.75,26.75,26.75,26.5,26.5,26.25,26.0,26.75,28.5,28.75,26.5,26.25,26.5,26.75,26.75,26.75,29.25,28.5,27.0,26.75,26.25,26.75,26.0,26.25,28.0,27.75,26.5,26.25,26.25,26.5,26.0,26.5,26.25,27.0,26.25,26.75,25.5,26.25,26.0,27.75
20.0
26.5,26.75,26.25,26.5,26.25,26.75,27.5,27.0,26.75,27.0,26.5,26.5,26.5,26.75,26.5,26.5,27.25,27.25,26.75,26.5,26.5,26.5,26.25,26.25,27.0,26.75,27.0,26.5,26.75,26.0,26.5,26.25,28.5,28.75,26.75,26.25,26.25,26.5,26.5,26.75,29.75,28.75,27.25,26.5,26.25,26.25,26.5,26.0,27.5,27.75,26.75,26.25,26.75,26.0,26.5,26.5,26.75,26.5,26.5,26.5,26.5,25.75,25.75,27.0
21.0
27.0,26.75,26.5,26.0,26.25,26.75,27.75,27.0,26.5,27.25,26.25,26.5,26.5,26.5,26.5,26.5,27.0,27.0,26.75,26.5,26.75,26.75,26.75,26.25,26.5,26.75,26.5,26.0,26.25,26.25,26.0,26.75,29.25,28.5,27.0,26.25,26.75,26.5,26.75,26.5,29.25,28.5,27.0,27.0,26.0,26.5,26.0,26.0,27.5,27.0,26.25,26.25,26.5,26.5,26.0,26.5,26.75,26.25,26.25,26.5,26.5,26.0,26.25,27.5
22.0
26.5,26.5,26.5,26.5,26.75,26.5,27.75,27.0,26.75,27.0,26.5,26.75,27.0,26.25,26.0,26.25,27.75,27.0,26.5,26.5,27.0,26.75,26.5,26.25,27.0,27.0,26.5,26.25,26.25,26.25,26.25,26.5,29.0,28.75,26.75,26.75,26.25,27.0,26.75,26.5,29.5,28.5,27.25,26.5,26.5,26.25,25.75,26.0,27.5,27.5,26.25,26.25,27.0,26.5,26.25,26.25,26.5,26.25,26.25,26.75,26.5,26.25,26.0,27.0
23.0
26.75,27.0,26.75,26.0,26.5,26.25,27.25,26.75,26.75,27.25,26.25,26.75,26.5,26.5,27.0,26.5,27.0,27.25,27.0,26.75,27.0,26.75,26.5,27.0,27.25,27.0,26.5,26.5,26.5,26.25,26.25,26.5,29.25,28.5,27.0,26.75,26.25,26.5,26.75,26.5,29.75,28.5,27.25,26.75,26.25,26.5,26.0,25.75,27.25,27.5,26.75,26.5,26.25,26.25,26.0,26.25,27.0,26.25,26.5,26.25,26.25,25.75,26.25,27.5
24.0
26.75,27.0,26.5,26.5,26.75,26.5,27.25,27.25,26.5,26.75,26.5,26.75,26.5,26.75,26.5,26.5,27.0,27.25,26.5,26.5,26.5,26.5,26.25,26.25,27.0,26.5,26.75,26.25,26.5,26.5,26.5,27.0,29.0,28.75,27.0,26.0,26.75,26.25,26.5,26.25,29.5,28.75,27.25,26.75,26.75,26.5,26.5,26.25,27.75,27.5,26.75,26.5,26.5,26.25,26.0,26.5,26.75,26.5,26.25,26.5,26.25,25.75,26.0,27.5
25.0
26.25,27.25,26.75,26.5,26.25,26.25,27.5,27.0,27.0,27.0,26.75,26.5,27.25,27.0,26.75,26.75,27.25,27.0,27.0,26.25,27.0,27.0,26.25,26.0,27.25,27.25,26.5,26.5,26.25,26.5,26.75,26.75,29.25,28.5,26.75,26.5,26.5,26.75,26.75,26.5,29.5,28.75,27.0,26.5,26.25,26.25,26.5,26.25,27.5,27.0,26.5,26.25,26.75,26.0,26.25,26.75,26.5,26.5,26.5,26.75,25.75,26.0,26.0,27.0
26.0
26.75,27.0,26.5,26.25,26.5,26.25,28.0,27.25,27.25,27.25,26.25,26.25,26.75,26.5,26.25,26.5,27.5,27.0,26.75,26.75,26.25,26.5,26.5,26.25,27.25,26.75,26.5,26.25,26.5,26.5,26.0,26.5,29.25,28.75,26.75,26.75,26.5,26.75,26.5,26.25,29.5,28.75,27.0,26.25,26.5,26.5,26.0,26.0,27.25,27.5,27.0,26.75,26.25,26.5,26.25,26.75,27.0,26.25,26.5,26.5,26.25,26.0,25.5,27.25
27.0
26.5,26.75,26.75,26.0,26.75,27.0,27.25,27.25,26.5,27.25,26.75,26.75,26.5,26.5,26.0,26.25,27.25,27.0,26.5,26.25,26.5,26.5,26.75,25.75,27.25,27.0,26.5,26.0,26.5,26.25,26.25,26.75,29.25,28.75,26.75,26.0,26.75,26.5,27.0,26.75,29.25,28.75,27.0,26.5,26.25,26.25,26.0,26.25,27.0,27.0,26.75,26.25,26.5,26.75,25.75,26.5,26.75,26.5,26.5,26.5,26.0,25.75,25.75,27.0
28.0
26.5,26.75,26.75,26.0,26.75,27.0,27.25,27.25,26.5,27.25,26.75,26.75,26.5,26.5,26.0,26.25,27.25,27.0,26.5,26.25,26.5,26.5,26.75,25.75,27.25,27.0,26.5,26.0,26.5,26.25,26.25,26.75,29.25,28.75,26.75,26.0,26.75,26.5,27.0,26.75,29.25,28.75,27.0,26.5,26.25,26.25,26.0,26.25,27.0,27.0,26.75,26.25,26.5,26.75,25.75,26.5,26.75,26.5,26.5,26.5,26.0,25.75,25.75,27.0
29.0
26.5,26.75,26.25,26.25,26.75,26.75,27.5,27.25,26.75,27.25,26.25,26.5,26.5,26.5,26.5,26.75,26.75,27.0,26.5,26.5,26.5,26.5,26.75,26.25,27.75,26.75,26.75,26.25,26.5,26.5,26.25,26.75,29.25,28.5,26.5,26.25,26.0,26.75,26.5,26.25,28.75,28.25,27.0,26.5,26.25,26.75,26.25,26.25,27.25,27.25,26.25,26.5,26.5,26.0,26.25,26.75,26.75,26.75,26.25,26.0,26.0,26.25,25.75,27.0
30.0
26.5,26.5,26.25,26.0,26.25,26.5,27.25,26.75,26.25,26.75,26.5,26.25,26.75,26.0,26.5,26.0,27.5,27.0,26.75,26.5,26.5,26.5,26.5,26.25,28.5,27.0,26.5,26.5,26.5,26.0,26.5,26.5,29.25,28.5,26.5,26.25,26.25,26.25,26.5,26.5,28.75,28.25,27.0,26.75,26.25,25.75,26.5,25.75,27.0,27.0,26.25,26.0,26.0,26.25,26.25,27.0,25.75,25.75,26.25,26.25,25.75,25.75,25.75,26.75
31.0
27.0,26.75,26.75,26.0,26.25,26.5,27.75,26.75,27.25,27.25,26.5,26.5,26.75,26.25,26.25,26.75,28.25,27.0,26.75,26.5,26.5,26.75,26.75,26.5,28.75,27.25,26.5,26.75,26.5,26.25,26.5,26.5,29.5,28.25,26.75,26.25,26.75,26.75,26.5,26.75,28.75,28.25,27.0,26.75,26.25,26.75,26.25,26.25,26.5,26.75,26.5,26.0,26.25,26.25,26.0,26.75,26.75,26.0,26.5,26.5,25.75,26.25,26.0,27.25
32.0
26.75,26.75,27.0,25.75,26.75,26.5,27.75,26.75,27.0,27.25,26.75,26.75,27.0,26.5,26.25,26.25,28.25,27.0,26.75,26.75,26.75,26.5,26.5,26.5,29.25,27.5,26.25,26.25,26.5,26.5,26.75,27.0,29.0,28.5,26.5,26.25,26.25,26.75,26.75,27.0,28.75,28.0,27.0,26.5,26.25,26.5,25.5,25.5,27.0,27.25,26.25,26.25,26.5,26.25,26.5,27.0,26.25,26.25,25.75,26.0,26.25,26.0,25.75,27.5
33.0
26.75,26.75,26.5,26.5,26.25,26.5,27.5,27.25,27.25,27.0,26.75,26.5,26.5,26.25,26.5,26.25,28.5,27.25,26.25,26.5,26.75,26.75,26.25,26.0,29.25,27.75,27.25,26.5,26.75,26.25,26.5,26.75,29.75,28.5,26.75,26.25,26.25,26.75,26.5,26.25,29.25,28.25,26.75,26.5,26.75,26.5,26.0,26.0,27.0,26.75,26.25,26.5,26.25,26.5,26.25,26.75,27.0,26.0,26.75,26.5,26.0,26.25,26.0,27.5
34.0
26.75,27.0,26.0,26.25,26.5,26.75,27.75,27.0,27.25,26.75,26.5,26.5,26.75,26.0,26.5,26.25,28.75,27.5,26.5,26.5,26.5,26.5,26.25,26.25,28.5,27.5,26.75,26.5,26.25,26.5,26.5,26.5,29.75,28.25,26.75,26.5,26.5,26.75,26.5,26.5,28.25,28.0,27.0,26.5,25.75,26.25,26.0,26.0,26.75,27.0,26.5,25.75,26.25,26.25,26.0,26.75,26.5,26.25,26.5,26.0,26.25,25.5,26.0,27.25
35.0
26.75,26.75,26.75,26.5,26.5,26.5,27.75,27.25,27.0,26.75,26.75,27.0,26.5,26.0,26.25,26.5,29.25,27.0,26.75,26.25,26.5,26.75,26.25,26.5,29.25,27.25,26.75,26.5,26.25,26.0,26.75,26.75,29.0,28.25,26.5,26.0,26.5,26.25,26.5,26.75,28.5,28.5,27.0,26.75,26.0,26.75,26.25,26.0,27.25,27.5,26.75,26.25,26.5,26.0,26.5,26.75,26.5,26.25,27.0,26.0,26.25,25.5,26.25,27.25
36.0
26.25,27.0,26.5,26.0,26.75,26.5,27.5,26.75,27.0,27.25,26.5,26.25,26.5,26.25,26.25,26.5,29.0,27.5,26.75,26.25,26.25,26.25,26.75,26.5,29.0,27.5,26.25,26.25,26.25,26.25,26.25,26.75,29.25,28.25,26.25,26.25,26.25,26.25,26.0,26.75,28.5,28.0,27.0,26.5,26.5,26.5,26.5,26.0,26.75,27.25,26.5,26.0,26.25,26.25,26.25,27.0,26.5,26.5,26.0,26.5,25.75,25.5,25.75,26.75
37.0
26.75,26.75,26.75,26.5,26.5,26.25,27.25,27.0,27.0,27.5,26.5,26.0,26.25,26.75,26.25,26.0,29.25,27.0,26.75,26.25,26.75,26.25,26.75,26.25,29.25,27.75,26.75,26.5,26.0,25.75,26.5,26.5,29.5,28.0,26.5,26.5,26.5,26.5,26.25,26.5,28.5,27.75,27.0,26.75,26.25,26.25,25.75,26.5,27.25,27.0,26.25,26.25,26.5,26.25,26.0,26.75,26.75,26.25,26.25,26.25,26.25,25.75,26.0,27.0
38.0
26.75,27.0,26.5,26.25,26.25,26.75,27.75,27.0,27.0,27.25,26.25,27.0,26.5,26.25,26.5,26.25,28.5,27.25,26.75,26.5,26.5,27.0,26.5,26.25,28.75,27.75,26.75,26.5,26.5,26.25,26.5,26.25,29.75,28.75,26.75,26.5,26.5,26.75,26.5,26.5,29.25,28.25,26.75,26.5,26.25,26.25,26.25,26.25,27.25,27.25,26.25,26.5,26.25,26.75,26.25,27.0,26.25,26.25,26.25,26.5,26.5,26.0,25.75,27.0
39.0
26.5,26.75,26.0,26.75,26.75,26.5,27.75,26.75,27.25,26.75,26.5,26.75,26.75,26.25,27.0,26.5,28.75,27.25,26.5,26.5,26.25,26.5,26.75,26.25,29.0,27.0,26.5,26.25,26.25,26.5,26.5,26.5,29.5,28.25,26.75,26.25,26.75,27.0,26.5,26.5,28.75,28.0,27.25,26.5,26.25,26.0,26.0,26.25,27.5,27.25,26.75,26.25,26.5,26.25,25.75,26.5,26.0,26.0,26.25,26.0,26.0,26.0,25.75,27.25
40.0
26.5,27.0,26.25,26.0,26.75,27.0,27.5,27.0,26.75,27.0,26.5,26.25,26.75,26.25,26.75,27.0,29.0,26.75,26.75,26.25,26.25,26.5,26.25,26.5,29.25,27.75,26.5,26.25,26.25,26.25,26.25,26.75,29.25,28.5,27.0,26.25,26.5,26.5,26.25,27.0,29.0,28.0,27.0,26.75,26.25,26.75,26.25,26.25,27.0,27.0,26.25,26.5,26.5,26.25,26.25,26.75,26.5,26.25,26.75,26.5,26.0,25.75,26.25,27.0
41.0
26.5,27.0,26.5,26.5,27.0,26.75,27.75,27.25,26.75,27.25,26.75,26.75,27.0,26.5,26.75,26.75,28.5,27.25,26.75,26.5,26.5,26.75,26.5,26.5,28.5,27.25,27.0,26.5,26.75,26.5,26.5,26.75,29.25,28.25,26.25,26.5,26.75,26.75,26.5,26.25,28.25,27.75,27.0,26.75,26.5,26.5,26.5,26.0,26.75,27.0,26.25,26.25,26.25,26.25,26.25,26.5,26.75,26.5,26.25,26.25,26.25,26.0,26.25,27.0
42.0
27.0,26.75,26.75,26.25,27.0,26.5,28.25,27.0,27.25,27.25,27.0,26.75,26.75,26.75,26.25,26.5,28.5,27.25,26.5,26.5,26.5,26.75,26.5,26.5,28.5,27.5,26.75,26.5,26.5,26.5,26.5,26.75,29.5,28.25,26.75,27.0,26.5,26.5,26.5,26.75,28.25,28.25,27.0,27.0,26.25,26.5,26.25,26.0,27.0,27.0,26.25,26.5,26.25,26.25,26.0,26.75,26.75,26.5,26.5,26.5,26.5,25.75,26.25,27.25
43.0
26.75,26.75,26.75,25.75,26.75,26.5,27.5,27.0,27.0,27.0,26.5,26.5,26.5,26.25,26.25,26.75,27.5,26.5,27.0,26.5,26.5,26.75,26.25,26.25,28.25,27.25,26.5,26.5,26.75,26.0,26.0,26.25,29.25,28.0,26.75,25.75,26.5,26.25,26.75,26.5,29.0,28.0,27.0,26.5,26.0,26.5,26.0,25.75,27.25,27.0,26.5,26.25,26.5,26.0,26.25,26.75,27.0,26.25,25.75,26.5,26.25,25.5,25.75,27.75
44.0
26.75,26.75,26.75,25.75,26.75,26.5,27.5,27.0,27.25,26.75,26.5,26.25,26.75,26.25,26.5,26.75,27.5,27.0,26.5,26.25,26.5,26.25,26.25,26.25,28.25,27.25,26.75,26.5,26.25,26.0,26.25,26.75,29.25,28.25,26.5,26.5,26.75,26.75,26.75,26.75,28.5,28.0,27.0,26.75,26.0,26.25,26.0,25.75,26.5,26.75,26.5,26.5,26.0,26.25,26.25,26.75,27.0,26.5,26.75,26.5,26.0,25.75,25.75,27.0
45.0
26.75,26.5,26.25,26.0,26.25,26.25,27.25,27.0,27.0,27.25,26.75,26.5,26.5,26.75,26.25,26.75,27.75,27.0,26.75,26.5,26.5,26.25,26.5,26.0,28.5,27.0,26.5,26.5,26.25,26.25,26.25,26.5,29.25,28.0,26.75,26.0,26.5,26.5,26.5,26.75,28.25,27.75,26.75,26.75,26.25,26.75,26.25,26.0,27.0,27.0,26.5,26.5,26.5,26.0,26.0,27.25,26.0,27.0,26.0,26.0,26.0,25.5,26.0,27.25
46.0
27.0,26.5,26.0,26.0,26.25,26.5,27.5,27.25,26.75,27.25,26.5,26.25,26.25,26.5,26.25,27.0,27.5,26.75,26.75,26.5,26.75,26.25,26.75,26.75,28.25,26.75,26.75,26.25,26.5,26.5,26.25,26.5,29.5,27.5,26.5,26.5,26.25,26.25,26.5,26.75,28.25,28.25,26.75,26.5,26.25,26.25,26.0,26.25,26.25,27.25,26.25,26.5,26.25,26.5,25.75,27.0,26.5,26.5,26.5,26.75,26.0,26.0,25.75,27.25
47.0
26.5,26.75,26.25,26.25,26.75,26.5,27.75,27.25,27.25,27.0,26.25,26.75,26.75,26.5,26.75,26.25,27.5,27.0,27.0,26.25,26.75,26.75,26.75,26.75,28.25,27.25,26.75,26.75,26.25,26.25,26.0,26.5,29.25,27.75,26.5,26.0,26.5,26.5,26.5,26.5,28.5,28.25,26.75,26.5,26.0,26.0,26.25,25.75,26.75,26.75,26.25,26.0,26.25,26.25,26.25,27.0,26.5,26.25,26.5,26.25,26.0,25.25,25.75,26.75
48.0
26.5,26.75,26.5,25.75,26.5,26.75,27.75,27.25,27.25,26.75,26.5,26.75,26.25,26.0,26.25,26.25,27.5,27.25,26.5,26.25,26.5,26.0,26.5,26.25,27.75,27.0,26.5,26.25,26.25,26.0,26.5,26.0,29.5,27.75,26.25,26.5,26.5,26.25,26.5,26.75,28.25,28.0,26.75,26.75,26.0,26.25,26.25,25.75,26.5,26.75,26.25,26.0,26.25,26.5,26.25,26.75,26.5,26.25,26.5,25.75,26.0,25.75,26.0,26.75
49.0
26.5,26.75,26.25,26.0,26.5,26.75,27.75,27.25,26.75,27.25,26.75,26.0,26.75,26.5,26.5,26.5,27.25,26.75,26.75,26.75,26.75,26.25,27.0,26.0,27.25,27.0,26.5,26.75,26.5,26.0,26.5,26.25,29.5,28.0,26.5,26.5,26.5,26.25,26.5,26.75,28.0,28.25,27.25,26.75,26.25,26.5,26.25,26.25,26.75,27.25,26.25,26.25,26.25,26.25,26.0,26.75,26.75,26.5,26.75,26.25,26.0,25.75,25.75,27.0
50.0
26.5,26.75,26.75,26.25,26.5,26.5,27.75,27.5,26.75,27.5,26.75,26.5,26.75,26.5,26.5,26.75,27.5,27.0,26.75,26.5,26.5,27.0,26.5,26.75,27.5,27.0,26.5,26.25,27.0,26.5,26.5,27.0,29.0,27.75,26.75,26.25,26.5,26.75,27.0,26.75,28.0,28.0,26.75,26.75,26.5,26.5,26.5,26.0,27.25,27.0,26.5,26.5,26.25,26.0,26.5,27.0,26.75,26.25,26.0,26.0,26.5,25.75,25.75,27.25
51.0
26.75,26.75,26.25,26.25,26.5,26.25,27.25,27.25,26.75,27.25,26.5,26.25,26.75,26.25,26.5,26.5,27.25,27.25,26.5,26.25,26.0,26.75,26.75,26.0,27.5,27.25,26.75,26.5,26.25,26.25,26.5,26.75,29.75,28.25,27.0,26.5,26.5,26.5,26.25,26.75,28.0,28.25,27.0,26.5,26.0,26.5,26.25,26.25,27.25,26.75,26.75,26.0,26.5,26.0,26.0,26.75,26.25,26.0,26.5,26.5,26.0,25.75,25.75,27.0
52.0
27.0,27.5,26.5,26.5,26.5,26.75,27.75,27.0,27.25,27.0,26.75,26.25,26.75,26.5,26.75,27.0,27.5,27.0,27.0,26.5,26.25,26.25,26.75,26.5,27.25,27.25,26.5,26.25,26.25,26.5,26.25,26.5,29.5,27.75,26.5,26.0,27.0,26.75,26.25,26.5,28.25,28.0,26.75,26.75,26.0,26.5,26.25,26.0,26.75,26.75,26.5,26.25,26.25,26.0,26.25,26.75,26.25,26.0,26.25,26.0,26.25,25.75,26.0,27.5
53.0
26.75,26.75,26.5,26.5,26.5,26.5,27.25,27.25,26.25,27.75,26.25,26.0,27.0,26.25,26.5,26.5,27.25,27.0,26.75,26.5,26.75,26.75,27.0,26.5,27.25,26.75,26.5,26.5,26.5,26.0,26.5,26.5,29.25,28.0,26.25,26.0,26.25,26.5,26.75,26.75,27.75,27.75,27.25,26.5,26.5,26.5,26.25,26.75,27.0,26.75,26.0,26.5,26.25,26.0,26.5,26.75,26.0,26.25,27.0,26.25,26.5,26.0,26.0,27.0
54.0
26.75,27.0,26.5,26.25,26.5,26.75,27.0,26.75,26.75,27.0,26.25,26.25,26.75,26.25,26.75,26.5,27.0,27.25,27.25,26.5,26.5,26.5,26.0,26.5,27.5,27.25,26.5,26.5,26.5,26.25,26.25,26.25,29.5,28.0,26.25,26.0,26.25,26.5,26.5,26.5,28.0,27.75,26.75,26.75,26.25,26.5,26.0,25.75,26.75,27.5,26.0,26.25,26.75,26.25,26.5,26.75,26.75,26.25,26.25,26.25,26.0,26.0,26.0,27.5
55.0
26.25,26.75,26.5,26.0,26.5,26.25,27.5,26.75,26.5,27.25,26.75,26.5,26.75,26.5,26.25,26.25,27.0,27.0,26.25,26.75,26.5,26.5,26.5,25.75,27.5,27.5,26.75,26.25,26.25,26.0,26.5,26.5,29.25,27.5,26.25,26.25,26.25,26.75,26.25,26.5,28.0,27.75,26.5,26.75,26.0,26.5,26.0,26.0,27.0,27.25,26.25,26.0,26.75,26.5,26.0,26.75,26.5,26.5,25.75,26.25,26.0,26.25,26.0,27.25
56.0
26.5,26.5,26.25,26.25,26.75,26.5,27.5,26.75,26.5,27.0,26.5,26.25,26.75,26.25,26.5,26.25,27.25,26.75,26.5,26.75,26.75,26.5,26.75,26.0,27.25,27.25,26.25,26.25,26.5,26.25,26.25,26.25,29.25,27.5,26.5,26.5,26.5,26.25,26.5,26.75,27.75,27.75,26.75,26.75,26.5,26.5,25.75,25.5,26.75,27.25,25.75,26.0,26.5,26.75,25.75,26.25,26.5,26.25,26.5,26.25,25.75,26.25,26.25,27.5
57.0
26.5,26.75,26.25,26.5,26.5,26.5,27.5,27.5,26.25,27.25,26.25,26.5,26.75,26.5,26.25,26.25,27.0,27.0,26.75,26.25,26.5,27.0,26.75,26.75,27.75,26.75,26.75,26.5,26.25,25.75,26.25,26.5,29.25,27.75,26.5,26.25,26.75,26.25,26.5,26.75,27.75,28.25,27.0,26.75,26.5,26.5,26.0,26.25,26.75,27.0,26.25,26.5,26.25,26.0,26.0,26.75,26.75,26.0,26.0,26.0,25.75,25.75,25.75,26.75
58.0
26.75,26.75,26.5,26.5,26.5,26.25,27.5,27.0,27.0,27.25,26.75,26.5,26.75,26.5,26.5,26.75,27.0,27.0,26.5,26.5,26.25,26.25,26.25,26.25,27.75,27.0,26.5,26.5,26.5,26.0,26.5,26.5,28.75,27.25,26.75,26.5,26.0,26.5,26.75,26.75,27.75,27.75,27.25,26.5,26.25,26.5,26.5,26.0,26.75,27.0,26.25,26.0,26.25,26.25,26.0,27.25,26.25,26.75,26.0,26.25,25.75,26.25,25.75,27.25
59.0
26.5,26.75,26.5,26.25,26.25,27.0,27.5,26.75,26.5,26.75,26.25,27.0,26.5,26.5,26.75,26.25,27.5,27.0,27.0,26.5,26.5,26.5,27.0,26.5,27.0,27.0,26.5,26.5,26.5,26.25,26.25,26.25,29.0,28.0,26.25,26.25,26.5,26.75,26.5,26.5,27.75,28.0,26.75,26.5,26.25,26.25,26.25,25.75,26.75,27.25,26.5,26.25,26.5,26.0,26.0,26.5,26.75,26.25,26.5,26.25,26.25,26.0,25.75,27.25
60.0
26.25,27.0,26.5,26.0,26.75,26.75,27.5,27.0,26.25,27.25,26.5,26.25,26.75,26.5,26.0,26.75,27.5,27.25,27.0,26.25,26.5,26.25,26.75,26.25,27.25,27.0,26.5,26.25,26.0,26.25,26.5,26.5,29.0,27.5,26.75,26.25,26.25,26.75,26.5,26.5,28.0,27.75,27.0,26.25,26.0,26.25,25.75,26.0,27.0,27.5,26.5,26.25,26.5,26.0,26.25,27.0,27.25,26.25,26.0,26.5,26.5,25.5,26.25,27.25
61.0
26.5,26.25,26.25,26.25,26.5,26.5,27.25,27.0,26.25,27.0,26.25,26.25,26.25,26.0,26.5,26.75,27.25,27.0,26.5,26.0,26.5,26.25,26.75,26.25,27.25,27.0,26.25,26.5,26.5,26.0,26.25,26.25,28.5,27.75,26.75,26.25,26.5,26.25,26.5,26.0,28.0,27.75,26.5,26.5,26.0,26.25,26.0,26.0,27.0,27.0,26.5,25.75,26.25,26.25,26.0,26.75,26.25,26.5,26.0,26.0,25.75,25.75,26.0,26.75
62.0
26.25,26.25,26.25,26.25,26.0,26.25,27.5,27.25,26.5,27.0,26.0,26.5,26.75,26.25,26.25,26.5,27.25,27.25,26.25,26.25,27.0,26.75,26.25,26.25,27.25,26.75,26.25,26.0,26.25,26.25,26.5,26.5,29.25,27.75,26.5,26.25,26.25,26.25,27.0,26.25,27.75,27.75,27.0,26.75,26.0,26.25,26.25,25.75,27.0,26.75,26.5,26.25,26.25,26.0,26.25,27.0,26.75,26.25,26.25,26.0,25.75,25.75,25.75,27.0
63.0
26.5,26.75,26.25,26.25,26.75,26.5,27.5,26.75,26.75,27.0,26.25,26.5,26.75,26.25,26.5,26.25,27.25,26.5,26.75,26.0,26.5,26.75,26.25,26.0,27.25,27.5,26.75,26.5,26.25,26.25,26.0,26.25,29.25,27.75,26.75,26.25,26.25,26.5,26.25,26.5,27.75,27.75,27.0,26.5,26.25,26.75,26.25,26.0,26.75,27.0,26.0,26.0,26.25,26.0,26.0,26.25,26.0,26.0,26.25,26.25,26.25,25.75,25.75,27.0
64.0
26.5,26.5,26.25,26.0,26.25,26.5,27.5,26.75,26.75,27.0,26.5,26.75,26.5,26.25,26.25,26.25,27.25,27.5,26.25,26.5,26.25,26.5,26.25,26.25,27.5,27.0,26.75,26.25,26.25,26.0,26.25,26.5,29.25,27.5,26.5,26.5,26.75,26.5,26.5,26.5,27.75,27.75,27.25,26.75,26.5,26.75,26.25,26.0,26.5,27.0,26.25,26.0,26.25,26.25,26.0,27.0,26.75,26.5,26.25,26.25,25.75,25.75,25.5,26.75
65.0
26.5,26.5,26.25,26.0,26.25,26.5,27.5,26.75,26.75,27.0,26.5,26.75,26.5,26.25,26.25,26.25,27.25,27.5,26.25,26.5,26.25,26.5,26.25,26.25,27.5,27.0,26.75,26.25,26.25,26.0,26.25,26.5,29.25,27.5,26.5,26.5,26.75,26.5,26.5,26.5,27.75,27.75,27.25,26.75,26.5,26.75,26.25,26.0,26.5,27.0,26.25,26.0,26.25,26.25,26.0,27.0,26.75,26.5,26.25,26.25,25.75,25.75,25.5,26.75
66.0
26.5,26.75,26.25,26.25,26.5,26.75,27.5,27.5,26.25,27.0,26.75,26.25,26.5,26.25,26.5,26.25,26.75,27.0,27.0,26.5,26.5,26.25,26.25,26.5,27.5,27.0,26.75,26.5,26.25,25.75,26.25,26.5,29.25,27.75,26.75,26.5,26.75,26.25,26.25,27.0,27.75,28.0,26.75,26.25,26.5,26.0,26.25,25.75,26.75,26.5,26.0,26.25,26.25,26.5,26.0,27.0,26.75,26.0,26.25,26.25,26.0,25.75,26.0,26.75
67.0
26.25,26.75,26.75,26.0,26.5,26.75,27.75,26.75,26.75,27.5,26.0,26.25,26.25,26.5,26.5,26.25,27.5,26.5,26.25,26.5,26.5,26.25,26.5,26.0,27.5,27.25,26.5,26.0,26.0,26.25,26.0,26.25,29.5,27.75,26.5,26.5,26.0,26.25,26.25,26.25,27.5,27.75,27.0,26.25,26.0,26.0,26.5,25.25,27.0,27.0,26.25,26.0,26.0,26.0,26.0,26.0,27.0,26.5,25.75,26.5,25.75,26.0,25.25,26.75
68.0
26.75,26.75,26.25,26.0,26.25,26.75,27.5,27.0,26.5,27.25,26.5,26.25,26.75,26.0,26.25,26.0,27.0,27.5,26.75,26.25,26.25,26.5,26.0,26.5,28.25,27.5,26.5,26.5,26.5,26.5,26.25,26.0,29.25,28.0,26.75,26.5,26.25,26.25,26.25,27.0,27.75,27.5,27.25,26.75,26.25,26.5,26.25,25.75,27.0,27.0,26.25,25.75,26.5,26.25,26.0,27.0,26.0,26.25,26.0,26.5,26.0,26.0,26.5,27.0
69.0
26.5,26.5,26.0,26.5,26.5,26.5,27.5,27.25,27.0,27.25,26.5,26.5,27.0,26.25,26.5,25.75,27.5,27.25,26.25,26.25,26.25,26.5,26.25,26.0,28.5,27.5,26.5,26.5,26.0,26.0,26.5,26.25,29.25,28.0,27.0,26.25,26.5,26.25,26.75,26.5,27.5,27.75,27.0,26.75,26.25,26.25,26.0,26.0,27.0,27.0,26.75,26.0,26.25,26.25,26.0,26.5,26.75,26.25,26.25,26.5,26.25,25.75,25.75,27.0
70.0
26.5,27.0,25.75,26.25,27.0,27.0,27.0,27.0,27.0,26.75,26.5,26.5,27.0,26.5,26.5,26.5,27.75,27.25,26.75,26.25,26.25,26.5,26.5,26.25,28.75,28.0,26.25,26.25,26.25,26.5,26.25,26.75,29.25,28.25,27.0,26.0,26.5,26.75,26.5,26.75,27.75,27.75,26.75,26.25,25.75,26.5,26.25,26.25,26.75,27.25,26.0,26.0,26.25,26.0,26.0,27.0,26.5,26.5,26.75,26.25,26.25,26.0,26.0,27.25
71.0
26.5,26.75,26.75,26.0,26.75,26.5,27.25,26.75,27.0,26.75,26.5,26.5,26.75,26.0,26.25,26.25,28.75,27.5,26.5,26.5,26.75,26.75,26.5,25.75,29.5,28.75,27.0,26.5,26.0,26.0,26.25,26.0,28.5,28.5,26.5,26.5,26.0,26.25,26.25,26.5,28.25,27.5,26.5,26.5,26.25,26.25,26.0,25.75,26.75,26.5,26.25,26.25,25.75,26.0,26.0,26.75,27.0,26.5,26.5,26.5,26.25,26.0,26.0,27.0
72.0
26.5,26.75,26.75,26.25,26.25,26.5,27.5,26.75,27.25,27.5,26.5,26.5,26.25,26.25,26.25,26.5,28.5,27.0,26.5,26.5,26.25,26.5,26.25,26.25,29.5,29.0,27.25,26.5,26.25,26.25,26.0,26.5,29.25,28.5,27.0,25.75,26.25,26.5,26.25,26.25,27.5,28.0,27.0,26.5,26.25,26.5,26.25,26.0,26.75,27.0,26.25,26.5,26.5,26.0,26.25,26.75,26.25,26.75,26.25,26.5,25.75,26.0,26.0,27.0
73.0
26.25,26.75,26.0,26.5,26.75,26.25,27.5,26.75,28.25,26.75,26.75,26.5,26.75,26.5,26.25,26.0,28.75,27.25,27.25,26.25,26.25,26.0,26.25,26.0,29.25,29.0,27.25,26.25,26.5,26.0,26.5,26.25,28.75,28.75,26.5,26.5,26.25,26.25,26.5,26.5,28.25,27.5,26.75,26.5,26.0,26.0,26.0,26.0,26.75,26.75,26.5,26.25,26.25,26.25,26.0,26.5,27.0,26.0,26.5,26.0,26.25,25.5,25.75,27.0
74.0
26.5,26.25,26.25,26.0,26.25,26.5,27.25,26.75,27.5,27.0,26.5,26.25,26.75,26.0,26.25,26.25,28.5,27.0,26.5,26.5,26.5,26.25,26.25,26.25,29.5,28.75,27.25,26.5,26.75,26.25,26.25,26.5,29.25,28.5,26.75,25.75,26.5,26.5,26.25,26.25,27.75,27.75,26.75,26.75,26.0,26.25,26.0,26.25,26.75,27.0,26.25,25.75,26.25,26.0,26.0,26.75,26.75,26.75,26.0,26.25,26.25,25.75,25.75,27.0
75.0
26.5,27.25,26.0,25.5,26.5,26.25,27.75,26.5,27.25,27.25,26.75,26.5,26.5,26.25,26.0,26.0,29.0,27.25,26.5,26.25,26.25,26.25,26.25,26.5,29.25,29.0,27.0,26.25,26.5,26.25,26.5,26.5,28.75,28.0,26.75,26.25,26.5,26.25,26.5,26.25,27.75,28.0,26.75,26.0,26.25,26.5,25.75,26.25,26.75,27.5,26.25,26.25,26.25,26.25,25.5,26.5,26.25,26.25,26.25,26.75,26.0,25.75,25.75,27.25
76.0
26.5,26.5,26.25,26.0,26.5,26.25,27.5,26.75,27.75,27.25,26.5,26.5,26.25,26.0,26.0,26.5,29.0,27.0,26.75,26.25,27.0,26.5,26.75,26.0,29.25,28.5,26.5,26.0,26.25,26.25,26.25,26.25,28.75,28.5,26.5,25.75,26.5,26.5,26.0,26.25,27.25,27.75,26.5,26.5,26.0,26.5,26.25,26.25,26.75,26.5,26.5,26.25,26.5,26.25,26.0,26.5,26.75,26.75,26.25,26.25,26.0,25.75,26.0,27.25
77.0
26.75,26.75,26.5,26.25,26.25,26.5,27.25,26.75,28.25,27.25,26.0,26.25,26.25,26.25,26.0,26.5,28.25,27.25,26.5,26.0,26.25,26.0,26.25,26.25,29.25,28.75,26.75,26.0,26.0,26.0,26.5,26.5,28.0,28.0,26.5,26.25,26.0,26.5,26.5,26.75,27.75,27.75,26.75,26.5,26.25,26.5,25.75,25.75,26.75,26.75,26.25,25.75,26.0,26.0,25.75,26.5,26.25,26.5,26.25,26.25,26.0,26.0,26.25,27.25
78.0
26.5,26.5,26.25,26.25,26.25,26.0,27.0,27.5,28.0,27.25,26.5,26.25,26.5,26.25,26.5,26.25,28.5,27.0,26.5,25.75,26.25,26.25,26.0,26.5,29.25,29.0,26.25,26.0,26.5,26.25,25.75,26.5,27.5,28.25,26.75,26.0,25.75,26.25,26.5,26.5,27.25,27.75,26.5,26.5,26.25,26.25,26.0,25.75,27.0,27.0,26.25,25.75,26.25,26.0,26.25,26.75,26.25,26.5,26.0,26.0,26.25,26.25,25.75,27.0
79.0
26.5,26.5,26.5,26.0,26.25,26.5,27.5,26.75,27.75,27.0,26.25,26.25,26.0,26.0,26.0,26.0,28.75,27.25,26.5,26.25,26.5,26.25,26.0,26.0,29.25,29.0,26.75,26.5,26.25,26.0,26.25,26.75,27.75,27.75,26.5,26.0,26.25,26.75,26.25,26.25,27.75,28.0,27.0,26.5,26.0,26.0,26.25,25.75,26.75,26.75,26.25,26.25,26.0,26.0,26.0,26.75,26.0,25.75,26.5,26.5,26.25,25.75,26.0,26.75
80.0
26.5,26.75,26.5,26.25,26.25,26.5,27.25,27.0,27.75,27.0,26.5,26.5,26.75,26.0,26.0,26.25,29.0,27.25,26.5,26.5,26.25,26.5,26.5,26.25,29.25,28.75,27.0,26.0,26.5,26.25,26.5,25.75,27.5,27.75,26.5,26.0,26.25,26.25,26.25,26.75,27.5,27.25,26.75,26.5,25.75,26.0,26.0,25.5,26.5,27.0,25.75,25.75,25.75,26.25,25.75,26.5,26.5,26.25,26.5,26.75,25.75,25.25,26.0,27.0
81.0
26.75,26.75,26.5,26.0,26.5,26.5,27.25,27.25,28.5,27.25,26.5,26.5,26.25,26.25,26.25,26.5,29.25,27.25,26.75,26.25,26.25,26.75,26.0,26.25,29.5,28.25,26.75,26.25,26.25,26.25,26.25,26.5,27.75,27.75,26.5,26.25,26.5,26.25,26.25,26.25,27.25,27.25,27.0,26.5,25.75,26.5,26.0,26.0,26.5,27.0,26.5,26.0,26.0,26.0,25.5,27.0,26.25,26.5,26.5,26.5,25.75,25.75,25.75,27.0
82.0
26.75,26.5,26.5,25.75,26.25,26.25,27.25,26.5,28.0,27.0,26.5,26.25,26.5,26.25,26.5,26.25,29.25,27.5,26.75,26.0,26.5,26.25,26.0,26.0,28.75,28.25,26.5,26.5,26.25,25.75,26.25,25.75,27.5,27.25,27.0,26.0,26.5,26.5,26.25,26.5,27.75,27.5,26.75,26.75,25.75,26.5,26.25,25.75,26.5,26.75,26.25,26.25,26.0,26.0,26.0,27.0,26.0,26.25,26.25,26.25,26.25,26.25,26.0,27.0
83.0
26.25,26.5,26.25,25.75,26.0,26.0,27.25,26.75,28.0,27.0,26.75,26.5,26.25,26.25,26.5,26.5,29.0,27.25,26.75,26.25,26.25,26.5,26.25,25.75,28.75,28.25,26.75,26.25,26.25,26.0,26.5,26.75,27.5,27.75,26.5,26.25,26.25,26.5,26.5,26.5,27.25,27.5,26.75,26.0,26.0,26.25,26.0,26.0,27.0,26.75,26.25,25.75,26.5,26.25,26.0,26.75,25.75,26.25,25.75,26.5,26.0,26.25,26.5,26.75
84.0
27.0,26.5,26.75,26.0,26.5,26.5,27.25,27.0,28.25,27.5,26.0,26.25,26.25,26.25,26.0,26.75,29.0,27.0,26.75,26.0,26.25,26.75,26.5,26.25,29.0,28.25,26.75,26.5,26.0,25.75,26.0,26.75,27.5,27.5,26.75,26.0,26.5,26.75,26.5,26.5,27.5,27.5,26.5,26.5,26.25,26.25,25.75,26.0,26.75,26.75,26.5,26.0,26.0,26.0,26.0,26.75,26.0,26.0,26.25,26.25,26.0,25.75,26.5,27.25
85.0
26.5,26.75,26.0,26.0,26.0,26.5,27.5,26.75,27.5,27.0,26.25,26.25,26.75,26.25,26.75,26.5,29.5,27.25,26.5,26.25,26.25,26.5,26.5,26.25,29.0,28.5,27.0,26.0,26.25,26.25,26.0,26.25,27.5,27.5,26.25,26.25,26.0,26.0,26.0,26.25,27.5,27.5,26.5,26.25,26.25,26.25,25.75,26.25,27.0,26.75,26.25,26.0,26.25,26.25,26.0,26.75,26.5,26.0,26.5,25.75,26.25,25.75,25.75,26.75
86.0
27.25,26.5,26.5,25.75,26.5,26.75,27.25,26.75,27.5,27.25,27.0,26.25,26.75,26.25,26.25,26.75,28.75,27.0,26.75,26.75,26.75,26.5,26.5,26.5,29.0,28.0,26.75,26.0,26.25,26.0,26.0,26.5,27.75,27.5,26.25,26.5,26.5,26.25,26.25,26.25,27.75,27.75,27.0,26.5,26.25,26.0,26.0,26.5,27.0,27.0,26.0,26.25,26.75,26.0,25.75,26.5,26.75,26.5,26.75,26.75,26.25,26.0,25.5,27.25
87.0
27.25,26.75,26.5,26.25,26.5,26.0,27.25,26.75,28.0,27.0,26.25,26.25,26.5,26.25,26.25,26.25,28.75,27.0,26.25,26.25,26.0,26.5,26.0,26.25,28.5,28.25,26.25,26.0,26.25,26.0,26.0,26.75,27.5,27.25,26.5,25.75,26.5,26.25,26.5,26.25,27.5,27.25,27.25,26.75,25.75,26.25,26.0,25.5,26.75,27.0,26.5,26.25,26.5,26.25,26.5,26.5,25.5,26.25,26.25,26.0,26.25,26.0,26.25,27.25
88.0
26.5,26.75,26.0,25.75,26.5,26.5,27.5,26.25,28.0,27.0,26.25,26.25,26.5,26.0,26.75,26.0,29.25,27.25,26.75,26.75,26.25,26.25,26.5,26.0,28.5,28.25,26.75,26.25,26.5,26.25,26.5,26.75,27.75,27.5,27.0,26.0,26.5,26.25,26.5,26.25,28.0,27.25,26.5,26.75,26.0,26.25,25.75,25.5,26.75,27.0,26.25,26.25,26.25,26.25,26.25,26.25,26.0,26.25,26.25,26.75,26.25,25.75,25.75,27.25
89.0
27.0,26.75,26.25,26.0,26.75,26.25,27.25,26.75,28.0,27.25,26.25,26.5,26.25,26.25,26.75,26.0,28.75,27.5,26.5,26.75,26.25,26.5,26.5,26.0,29.0,28.0,26.75,26.25,26.0,26.0,26.0,26.25,27.25,27.5,26.5,26.25,26.25,26.25,26.25,26.75,27.75,27.25,26.75,26.25,26.25,26.25,26.0,26.25,26.5,26.5,26.25,25.75,26.0,26.0,26.0,26.5,26.25,25.75,26.25,26.25,26.0,25.75,26.0,26.75
90.0
26.75,26.5,26.5,26.25,26.5,26.25,27.5,27.0,27.5,26.75,26.25,26.25,26.5,26.5,26.0,26.0,29.0,27.0,27.0,26.25,26.25,26.25,26.25,26.25,29.0,28.25,26.5,26.25,26.25,26.0,26.25,26.5,27.25,27.5,26.75,26.0,26.25,26.25,26.25,26.5,27.5,27.5,26.75,26.25,26.0,26.5,26.25,26.0,26.5,26.5,26.0,26.25,26.0,26.5,25.75,26.75,26.5,26.25,26.5,26.0,25.75,25.75,25.0,26.75
