1.0
25.75,26.5,26.5,26.0,26.0,26.75,27.5,27.25,26.75,27.0,26.5,26.0,26.5,26.5,26.0,26.5,27.5,27.0,26.75,26.25,26.5,26.75,26.5,26.0,27.25,26.75,26.5,26.0,26.0,26.0,26.25,26.75,29.25,28.0,26.5,26.0,26.25,26.5,26.5,26.5,27.5,27.75,26.5,26.25,26.25,26.5,26.0,26.0,26.25,26.75,26.25,26.0,26.0,26.25,25.75,26.5,26.75,26.5,26.0,26.5,26.25,26.0,26.0,27.25
2.0
26.5,26.0,26.0,26.0,26.0,26.0,27.5,26.25,26.25,26.75,26.5,26.25,26.75,26.25,26.0,26.25,27.25,26.5,26.5,26.25,26.0,26.0,26.25,25.75,27.5,27.0,26.5,26.25,26.5,26.25,26.25,26.5,29.5,27.75,26.75,26.0,26.25,26.25,26.5,26.75,27.5,28.0,26.5,26.5,26.25,26.25,26.25,26.0,26.5,27.0,26.0,25.75,26.0,26.25,26.0,26.75,26.0,26.0,25.5,25.75,25.75,26.0,26.25,27.0
3.0
26.75,26.75,26.25,26.25,26.0,26.5,27.25,26.5,26.75,26.5,26.5,26.25,26.25,26.0,26.5,26.25,28.5,26.75,26.5,26.0,26.25,26.25,26.5,26.25,27.75,26.75,26.5,26.25,26.5,26.0,26.25,26.25,29.0,28.0,26.5,26.0,26.25,26.5,26.25,26.75,27.5,27.5,27.25,26.25,26.0,26.25,26.5,25.75,27.0,26.75,26.25,26.25,26.25,26.0,26.0,26.75,26.75,26.25,26.25,26.5,26.0,25.75,25.75,27.25
4.0
26.25,26.75,26.25,26.25,26.25,26.75,27.25,26.5,27.75,27.0,26.75,26.0,26.5,26.0,26.25,26.25,29.0,26.75,26.25,26.25,26.25,26.25,26.25,26.0,28.5,27.0,26.25,26.25,26.25,26.0,26.25,26.25,29.5,28.25,26.75,26.5,26.25,26.75,26.0,26.75,28.25,27.25,27.25,26.25,26.25,26.5,25.75,25.75,26.75,27.0,26.25,26.5,26.25,26.0,26.0,26.75,26.5,26.0,25.75,26.0,26.0,26.0,26.25,27.5
5.0
27.0,26.75,26.25,26.25,26.0,26.5,27.25,26.75,27.5,27.0,26.25,26.25,26.0,26.0,26.25,26.5,29.25,26.75,26.5,26.25,26.25,26.5,26.25,26.25,28.75,26.75,26.5,26.25,26.5,26.25,26.25,26.5,29.0,28.5,27.0,26.0,26.0,26.5,26.5,26.75,28.0,27.5,26.75,26.5,25.5,26.25,26.5,25.75,27.0,26.5,26.0,26.0,26.5,26.0,26.25,26.5,26.5,26.25,26.75,26.25,26.5,25.75,26.25,27.75
6.0
26.5,26.75,26.25,25.75,26.25,26.25,27.5,27.0,27.75,27.0,26.5,26.25,26.25,26.0,26.75,26.0,29.25,27.25,26.5,26.0,27.0,25.75,26.25,26.0,29.25,27.25,26.5,26.25,26.25,26.0,26.5,26.25,29.5,28.5,26.75,25.75,26.5,26.5,26.25,26.25,28.25,27.75,27.25,26.25,26.5,26.0,26.25,26.0,27.25,26.75,26.25,26.0,26.25,26.25,25.75,26.75,26.25,26.5,26.0,26.25,26.0,26.25,25.5,27.25
7.0
26.25,26.75,26.25,26.25,25.75,26.25,27.25,27.0,27.75,27.5,26.5,26.25,26.5,26.0,26.25,26.5,29.25,28.0,26.75,26.25,26.25,26.5,26.5,26.0,29.25,28.0,26.5,26.25,26.0,26.25,26.5,26.25,29.25,28.5,27.25,26.25,26.25,26.25,26.25,26.25,27.5,27.75,27.0,26.5,26.0,26.25,26.0,25.5,27.0,27.0,25.75,26.0,26.25,25.75,25.75,26.75,26.0,26.25,26.0,26.0,26.0,25.25,26.0,27.0
8.0
26.5,26.75,26.75,26.0,26.0,26.25,27.5,26.75,27.5,28.25,26.5,26.0,26.25,26.0,26.25,26.25,28.25,28.5,27.0,26.25,26.0,26.25,26.25,26.0,29.0,28.5,26.5,26.5,26.0,26.0,26.0,26.0,29.0,28.75,27.25,26.0,26.25,27.0,26.0,26.5,27.5,27.75,27.25,27.0,26.0,26.25,26.25,25.75,26.5,27.0,26.5,26.0,26.5,26.25,25.75,26.75,26.25,26.25,26.25,26.5,26.25,25.75,25.75,27.0
9.0
26.25,26.75,26.25,26.0,26.0,26.25,27.75,26.75,27.0,28.5,27.0,26.5,26.25,26.25,26.25,26.0,27.75,29.5,27.0,26.25,26.25,26.5,26.5,26.0,29.0,29.5,27.0,26.25,26.25,26.0,26.25,26.25,29.0,28.75,28.25,26.25,26.25,26.25,26.0,26.25,27.75,27.5,27.0,26.5,26.25,26.0,26.0,25.25,26.75,27.25,26.25,26.5,26.0,26.0,26.0,27.0,26.5,26.5,26.0,26.5,25.5,26.0,26.25,27.25
10.0
26.5,26.5,27.0,26.0,26.25,26.5,27.5,26.75,27.25,28.25,27.5,26.5,26.5,26.5,26.5,26.25,27.5,29.0,28.0,26.25,26.0,26.75,26.0,26.0,28.75,29.5,27.75,26.5,26.0,26.25,26.25,26.5,28.25,28.75,28.5,26.5,26.25,26.25,26.5,26.75,27.75,27.5,27.25,26.5,26.25,26.0,25.75,25.5,26.75,26.75,26.5,26.0,26.25,26.25,25.75,27.0,26.5,26.0,26.25,26.5,26.0,26.0,26.0,27.0
11.0
26.25,27.0,27.0,26.25,26.5,26.5,27.0,26.75,26.5,27.25,27.75,28.5,26.5,26.0,26.5,26.0,27.25,28.0,29.75,27.5,26.25,26.5,26.25,26.0,27.25,29.5,29.5,27.25,26.5,26.0,26.0,26.5,26.75,28.75,28.75,27.5,26.5,26.25,26.25,26.5,27.0,27.75,27.5,26.75,26.25,26.5,26.0,26.0,26.75,27.0,26.25,26.75,26.0,26.25,26.25,26.25,26.5,26.25,26.0,26.25,25.75,26.0,25.5,27.25
12.0
26.5,26.75,26.75,26.75,26.5,26.25,27.25,26.5,27.25,27.5,27.75,28.25,26.75,26.0,26.25,26.0,27.25,28.0,29.25,28.25,26.75,26.75,26.0,26.25,27.25,29.5,29.5,27.25,26.25,26.0,26.0,26.5,27.0,28.5,29.5,28.5,26.5,26.25,26.0,26.5,27.5,27.5,27.5,26.75,26.25,26.0,26.25,26.0,26.75,27.25,26.0,26.25,26.0,26.0,26.0,26.5,26.0,26.25,26.25,26.25,26.25,25.5,25.75,27.5
13.0
26.5,26.75,26.5,26.75,26.0,25.75,27.25,26.5,27.0,27.0,27.75,28.75,27.0,25.75,26.25,26.0,27.25,27.75,29.25,28.75,26.5,26.25,26.25,26.0,26.75,29.5,29.75,27.75,26.25,26.25,26.0,26.0,27.0,28.5,29.25,28.5,26.5,26.75,26.5,26.5,27.25,27.75,27.5,27.0,26.25,26.0,25.75,25.25,26.75,27.0,26.75,25.75,26.25,26.0,26.25,26.75,26.5,26.0,26.0,26.5,26.0,25.75,25.75,27.0
14.0
26.5,26.75,26.75,26.5,26.75,26.75,27.25,26.5,26.5,27.25,27.5,28.75,27.0,26.5,26.5,26.5,27.0,27.5,28.75,29.0,26.75,26.25,26.0,26.25,27.0,29.5,29.75,27.5,26.25,26.25,26.25,26.5,27.25,28.0,29.0,28.5,27.0,26.25,26.25,26.25,27.75,27.0,27.5,27.0,26.0,26.0,26.0,25.75,26.75,27.0,26.25,26.0,26.0,26.0,26.0,26.75,26.75,26.5,26.25,26.25,25.75,26.0,25.75,27.5
15.0
25.75,26.75,26.5,26.5,26.25,26.25,27.5,26.75,26.75,27.0,27.25,28.75,27.0,26.75,26.25,26.25,27.0,27.5,28.75,28.75,26.75,26.25,26.5,26.5,26.75,29.5,29.5,27.75,26.5,26.0,26.5,26.0,27.25,28.0,29.5,28.75,26.75,25.75,26.25,26.0,27.25,27.25,27.0,27.0,25.75,26.5,25.75,25.75,26.5,26.75,26.25,26.25,26.5,26.25,26.0,26.5,26.75,26.5,26.25,26.0,25.75,26.0,26.0,27.0
16.0
26.75,26.75,27.25,26.5,26.5,26.5,27.25,26.75,27.0,27.5,27.75,29.0,27.0,27.0,25.75,26.5,27.25,27.5,28.25,28.5,27.0,26.5,26.0,26.25,26.5,29.5,30.0,27.75,26.5,26.0,25.75,26.0,27.25,28.0,28.5,28.5,26.75,26.5,26.25,26.5,27.5,27.75,27.5,26.75,26.5,26.5,26.0,26.0,27.0,26.75,25.75,26.25,26.0,26.0,26.0,26.75,26.75,26.0,26.5,26.0,26.5,25.25,25.75,26.75
17.0
26.25,27.0,26.5,26.25,26.25,26.25,27.0,26.5,26.5,27.0,28.0,28.75,27.0,26.0,26.0,26.25,27.0,28.0,28.5,28.25,26.5,26.25,26.25,26.25,26.5,29.25,30.0,28.0,26.25,25.75,26.0,26.5,27.0,27.5,28.75,28.25,26.5,26.25,26.0,26.25,27.0,27.5,27.0,27.0,26.25,25.75,26.0,25.75,26.75,26.75,26.25,26.25,26.25,26.25,26.25,26.75,26.25,26.25,26.0,26.0,26.0,25.5,25.75,27.0
18.0
26.25,26.5,26.75,26.5,26.5,26.25,27.5,27.0,26.5,27.0,28.5,28.5,27.25,26.0,26.25,26.5,26.75,27.75,28.5,28.0,26.75,26.25,26.5,25.75,26.5,29.25,30.0,28.0,26.5,25.75,26.25,26.75,26.75,27.25,28.5,28.5,27.0,26.25,26.0,26.25,27.5,27.25,26.75,26.75,26.25,25.75,26.0,25.75,26.5,26.25,26.0,26.0,26.0,26.5,25.75,26.75,26.0,26.25,26.5,26.25,26.0,25.75,26.0,26.5
19.0
26.25,26.25,26.5,26.5,26.25,25.75,27.75,26.25,26.5,27.0,28.5,27.5,26.5,26.25,26.0,25.75,27.25,28.0,29.0,27.5,26.5,26.25,26.5,26.0,26.75,28.75,29.5,27.25,26.25,25.75,25.75,26.0,26.75,27.0,28.5,28.25,26.5,26.25,26.25,26.5,26.5,26.75,27.0,26.75,25.5,26.5,26.0,25.5,26.5,26.75,26.25,26.0,26.0,26.0,25.75,26.0,26.75,26.25,26.25,25.5,26.0,25.5,25.75,27.0
20.0
26.5,26.75,27.0,27.0,26.25,26.25,26.75,26.75,26.5,27.25,28.75,27.75,26.5,26.0,26.25,26.25,27.25,28.0,28.25,27.0,26.25,26.0,26.25,26.0,26.25,29.5,29.5,27.5,26.0,26.25,26.0,25.75,26.75,26.75,28.75,28.0,26.5,26.0,26.25,26.75,27.25,27.25,27.25,26.75,26.0,26.25,26.25,26.0,26.25,26.75,26.0,25.75,26.0,25.75,26.0,26.75,26.0,26.25,26.5,26.0,25.75,26.0,25.75,27.25
21.0
26.0,26.75,26.75,26.5,26.5,26.0,27.25,26.75,27.0,27.5,28.75,27.75,26.75,26.5,26.0,26.25,27.0,28.5,28.5,27.5,26.5,26.25,26.0,26.25,26.25,28.5,29.5,27.75,26.25,26.0,26.0,26.0,26.5,27.25,27.75,28.25,26.25,26.5,26.25,26.5,27.25,27.25,26.75,27.0,26.25,26.25,25.75,26.25,26.25,26.5,26.25,26.0,25.75,26.5,26.0,27.0,26.0,26.25,26.25,26.75,25.75,25.75,26.0,27.0
22.0
26.0,26.75,26.75,26.5,26.5,26.0,27.25,26.75,27.0,27.5,28.75,27.75,26.75,26.5,26.0,26.25,27.0,28.5,28.5,27.5,26.5,26.25,26.0,26.25,26.25,28.5,29.5,27.75,26.25,26.0,26.0,26.0,26.5,27.25,27.75,28.25,26.25,26.5,26.25,26.5,27.25,27.25,26.75,27.0,26.25,26.25,25.75,26.25,26.25,26.5,26.25,26.0,25.75,26.5,26.0,27.0,26.0,26.25,26.25,26.75,25.75,25.75,26.0,27.0
23.0
26.75,26.5,27.25,26.75,26.25,26.25,27.0,27.25,27.0,27.5,28.5,28.0,27.0,26.0,26.5,25.75,27.0,28.25,28.75,28.25,26.5,25.75,26.5,26.0,26.75,28.25,29.75,28.25,26.25,26.0,26.0,26.25,27.0,27.0,28.25,28.25,26.25,26.25,26.5,26.75,27.5,27.0,26.5,26.75,25.75,26.0,26.0,26.0,26.5,26.5,26.25,26.25,26.0,26.25,25.75,26.5,26.25,26.0,26.5,26.5,26.0,25.75,26.0,27.25
24.0
26.25,26.5,26.75,27.0,26.75,26.5,27.0,26.75,26.5,27.25,27.75,28.5,27.0,26.0,26.0,26.5,26.75,28.25,28.5,28.0,27.0,26.5,26.5,26.0,26.5,28.0,29.5,28.75,26.5,26.0,25.75,26.5,26.75,26.75,28.25,28.0,27.0,26.5,26.25,26.25,26.5,27.25,26.75,26.5,25.75,26.25,25.75,26.25,26.25,26.25,26.0,26.0,25.75,26.5,25.75,26.25,26.5,26.0,25.75,26.25,26.5,26.0,25.75,27.25
25.0
26.5,26.5,26.5,26.25,26.75,26.5,27.5,26.75,26.25,27.25,27.25,29.25,27.75,26.0,26.0,26.5,26.5,27.75,28.25,28.25,27.5,26.75,26.0,26.0,26.75,28.0,29.25,29.25,27.5,26.0,26.25,26.25,26.75,26.75,28.0,28.0,27.25,26.5,26.25,26.75,27.25,27.0,26.75,27.0,26.0,26.0,26.0,26.0,26.75,26.75,26.25,26.0,26.25,26.0,26.25,26.0,26.25,26.0,26.0,26.75,26.25,25.75,25.75,27.25
26.0
26.25,26.75,26.25,27.0,26.75,26.0,27.0,27.25,26.5,27.25,27.0,28.25,28.0,26.5,26.5,26.5,27.0,27.5,28.25,28.75,27.75,26.75,26.25,26.25,26.25,27.25,29.25,29.5,27.5,26.0,26.25,26.5,26.5,26.75,27.75,28.25,27.5,26.5,26.5,26.25,27.0,27.0,26.75,26.5,26.25,26.25,25.25,26.0,26.75,26.75,26.0,26.0,26.25,26.5,25.75,26.75,26.0,26.0,26.5,26.5,26.0,25.75,25.75,27.25
27.0
26.5,26.25,26.0,27.0,27.0,26.5,27.25,27.25,26.25,26.75,26.75,27.75,28.75,27.0,26.25,26.0,27.0,27.5,28.0,28.5,28.25,26.75,26.25,26.0,26.75,27.0,29.5,29.25,27.5,26.25,26.0,26.25,26.5,26.0,27.25,28.5,27.5,26.75,26.5,26.5,27.5,27.25,26.75,26.75,26.5,26.5,26.25,25.5,26.5,27.0,26.25,25.75,26.5,26.0,26.0,26.75,26.0,26.75,26.5,26.25,25.75,25.75,26.0,27.0
28.0
26.25,26.5,26.75,26.25,27.25,26.25,27.25,26.75,26.75,27.0,26.75,27.0,28.75,27.75,26.25,26.0,26.5,27.0,28.25,28.25,29.0,26.5,26.5,26.0,26.25,27.0,29.0,29.75,28.25,26.5,26.25,26.25,26.75,26.5,27.0,28.5,28.25,26.75,26.5,27.0,27.5,27.0,26.5,26.5,26.5,26.25,26.25,25.75,26.5,26.25,26.5,26.0,26.25,26.0,25.75,26.75,26.0,26.25,25.5,26.25,26.25,25.75,25.25,27.25
29.0
26.25,26.75,26.25,26.0,27.25,26.75,27.25,26.5,26.25,27.0,26.5,27.25,28.5,27.75,26.25,26.75,27.0,26.75,28.5,28.0,28.75,27.25,26.5,26.25,26.0,27.0,28.75,29.75,28.75,27.0,26.25,26.0,26.5,26.5,27.25,28.5,28.5,27.0,26.5,26.75,27.25,27.25,26.75,27.0,26.0,26.5,25.75,26.0,26.75,26.5,26.25,26.0,26.5,26.5,25.75,26.5,26.0,26.0,26.25,25.75,26.0,26.0,25.5,27.25
30.0
26.25,26.75,26.0,26.0,26.75,27.0,27.5,27.0,26.5,26.75,26.5,26.25,28.5,28.0,26.25,26.25,26.75,26.5,27.75,28.0,28.5,28.0,26.5,26.25,26.75,26.25,28.5,29.75,29.0,26.75,26.25,26.25,27.0,26.75,27.25,28.0,28.75,26.75,26.75,26.5,27.0,27.25,26.75,26.75,26.75,26.25,26.25,26.0,27.0,26.5,26.0,26.25,26.25,26.0,26.0,27.0,26.5,26.25,26.25,26.0,26.25,25.75,26.0,27.0
31.0
26.25,26.5,26.0,26.25,26.5,27.0,27.75,27.0,26.25,26.75,26.5,26.75,27.5,28.5,27.0,26.25,27.25,27.25,28.25,28.5,29.75,28.5,27.25,26.75,26.75,26.5,27.75,29.5,29.0,27.0,26.75,26.75,26.75,26.5,26.5,28.25,28.5,27.25,26.25,26.75,27.0,26.75,27.0,26.75,26.5,26.75,26.0,26.25,26.5,26.75,26.25,26.25,26.25,26.25,26.25,26.25,25.75,25.75,26.25,26.0,25.75,26.5,26.25,27.0
32.0
26.25,26.25,26.0,26.0,26.75,27.0,27.5,27.0,26.5,26.75,26.5,27.0,27.75,28.5,27.0,26.5,27.0,27.0,27.5,29.25,29.5,27.75,26.25,26.0,26.25,26.5,27.5,29.25,28.5,26.25,26.0,26.0,26.75,26.25,26.5,27.5,28.25,27.0,26.25,26.75,26.75,26.75,26.75,26.5,26.25,26.5,25.75,25.5,26.25,26.25,25.75,26.0,26.0,25.75,26.25,26.25,26.5,26.0,26.0,26.25,26.0,25.75,25.75,26.5
33.0
26.0,26.5,26.75,26.0,26.25,26.75,27.5,26.5,26.5,27.0,27.0,27.0,28.25,28.25,27.25,27.0,26.75,26.5,27.5,29.25,29.5,27.75,26.5,26.25,26.25,26.75,26.75,29.25,28.75,26.5,26.75,26.0,26.25,26.25,26.5,27.0,27.75,26.5,26.5,26.25,27.5,26.5,26.75,26.75,26.0,26.75,26.0,26.0,26.5,26.25,26.0,26.25,26.0,26.0,25.5,27.0,26.5,26.0,25.75,26.0,26.0,25.5,25.75,26.75
34.0
26.0,26.25,26.25,26.25,26.75,27.25,27.5,27.25,25.75,26.75,26.75,27.5,28.25,28.75,27.25,26.25,27.0,27.0,27.25,29.25,29.5,28.25,26.5,26.5,26.5,26.5,27.0,29.0,28.75,26.5,26.0,26.5,26.75,26.5,26.5,27.25,27.75,26.75,26.5,26.25,27.25,26.75,27.0,26.5,25.75,26.25,25.75,25.75,26.5,27.0,26.25,26.0,26.0,26.5,26.0,26.25,26.5,26.25,26.25,26.25,25.75,26.25,25.75,26.75
35.0
26.25,26.75,26.5,26.0,26.75,27.25,28.25,27.0,26.25,26.75,26.75,27.75,28.75,28.75,26.75,27.0,27.0,26.5,27.25,29.5,29.75,27.5,26.5,26.5,25.75,26.5,27.0,28.75,28.5,26.25,26.75,26.25,26.5,26.5,26.75,27.5,27.5,26.5,26.5,26.5,27.0,27.0,26.5,26.75,26.25,26.25,26.0,26.0,26.75,26.5,26.0,25.75,26.0,26.25,26.0,26.75,26.75,26.25,26.0,26.0,25.75,26.0,26.0,27.5
36.0
26.5,26.5,26.25,26.75,27.0,27.5,27.75,27.25,26.5,26.75,27.0,28.5,28.75,28.25,27.0,26.25,27.0,26.75,27.5,29.5,29.0,27.0,27.0,26.0,26.0,26.75,27.0,28.5,28.75,26.75,26.25,26.75,26.75,26.75,26.25,27.0,27.25,26.5,26.25,26.5,27.0,27.0,26.5,26.5,26.0,26.5,26.0,25.75,26.75,27.0,26.0,25.75,26.25,26.25,25.75,26.75,26.5,25.75,26.0,26.0,26.0,26.0,25.75,26.75
37.0
26.0,26.5,26.25,26.5,27.0,27.25,27.5,27.25,26.25,26.75,26.75,28.5,29.0,28.5,26.75,26.25,26.75,27.25,27.25,29.5,29.25,27.25,26.75,26.25,26.0,26.5,26.5,28.75,28.5,26.25,26.0,26.0,26.5,25.75,26.5,27.0,27.0,26.25,26.0,26.25,26.75,26.75,26.75,26.5,26.0,26.5,26.0,25.5,26.0,26.75,25.75,25.75,25.75,26.0,26.0,26.25,26.25,26.5,26.25,25.75,25.75,25.75,26.25,26.75
38.0
26.25,26.75,26.5,25.75,26.75,27.75,27.25,27.0,26.5,27.0,26.75,28.25,28.75,28.25,27.0,26.5,26.75,26.75,27.25,29.0,29.0,27.0,26.5,26.25,26.25,26.5,26.5,28.25,28.75,26.5,26.0,26.25,26.75,26.5,26.25,27.0,27.0,26.25,26.5,26.0,27.0,27.0,26.5,26.75,26.0,26.5,25.75,25.75,26.5,26.5,26.0,25.75,26.0,26.0,25.75,26.75,25.75,25.25,25.75,26.25,25.75,25.0,25.5,26.5
39.0
26.0,26.5,26.5,26.25,27.25,27.75,27.5,26.75,26.25,27.25,26.5,28.5,28.75,28.25,27.0,26.0,27.25,26.75,27.25,29.0,29.0,26.75,26.25,26.0,25.75,26.75,26.75,28.0,28.75,27.0,26.0,26.25,27.0,26.25,26.25,27.0,27.0,26.5,26.5,26.5,27.0,26.75,26.5,26.5,26.0,26.25,25.25,25.75,26.5,26.75,26.25,26.25,26.0,26.0,26.25,26.25,26.25,26.5,25.75,26.0,26.0,25.75,25.75,27.0
40.0
26.0,26.5,26.5,26.25,27.25,27.75,27.5,26.75,26.25,27.25,26.5,28.5,28.75,28.25,27.0,26.0,27.25,26.75,27.25,29.0,29.0,26.75,26.25,26.0,25.75,26.75,26.75,28.0,28.75,27.0,26.0,26.25,27.0,26.25,26.25,27.0,27.0,26.5,26.5,26.5,27.0,26.75,26.5,26.5,26.0,26.25,25.25,25.75,26.5,26.75,26.25,26.25,26.0,26.0,26.25,26.25,26.25,26.5,25.75,26.0,26.0,25.75,25.75,27.0
41.0
25.75,26.5,26.0,26.0,26.75,27.75,27.5,26.75,26.25,26.5,26.75,28.0,28.5,28.75,26.75,26.0,27.0,26.75,27.25,29.0,29.75,28.0,26.5,26.25,26.0,26.5,27.0,27.75,29.0,27.75,26.5,26.25,26.75,26.25,26.5,26.5,27.0,26.75,26.5,26.5,27.25,27.0,26.5,26.75,26.25,26.25,26.0,26.0,26.25,26.75,25.75,26.0,26.25,25.75,25.75,26.75,26.5,26.0,25.75,26.0,26.0,25.75,26.0,26.75
42.0
26.0,26.0,26.25,26.0,26.75,27.75,27.75,27.25,26.5,26.75,26.75,27.75,28.25,28.5,27.25,26.75,26.5,27.25,27.0,28.5,29.5,28.5,26.75,26.5,26.0,26.25,26.5,27.5,28.5,27.75,26.5,26.0,26.75,26.5,26.0,26.5,26.75,26.5,26.5,26.0,27.0,26.75,26.5,26.5,26.25,26.0,26.25,25.75,26.25,26.75,26.25,26.25,26.5,26.0,25.75,26.5,26.0,26.0,26.25,26.25,25.75,26.25,26.0,27.5
43.0
26.0,26.25,26.25,26.0,26.25,27.75,27.75,27.25,26.25,26.5,26.75,27.5,28.25,28.5,27.5,26.25,26.5,26.25,26.75,28.0,29.5,29.25,26.75,26.0,26.5,26.25,26.5,27.25,28.0,28.0,26.5,26.5,26.5,26.0,26.0,26.25,26.75,26.75,26.5,26.25,27.25,26.75,26.75,26.5,25.75,26.25,26.0,26.0,26.25,26.75,26.25,26.0,26.25,26.0,25.75,26.5,26.25,26.0,26.0,25.75,25.5,25.5,25.75,27.5
44.0
25.75,26.5,26.0,26.0,26.5,27.5,28.0,26.75,26.25,26.25,26.25,27.25,27.75,28.5,27.25,26.75,26.75,26.5,26.75,28.0,29.25,29.25,27.25,26.25,26.25,26.0,26.75,27.25,28.0,27.0,26.5,26.5,26.25,26.0,26.5,26.25,26.75,26.25,26.0,26.25,26.75,26.75,26.5,26.25,25.75,26.25,26.25,25.75,26.25,26.0,26.0,26.0,26.25,26.0,26.0,26.75,26.25,26.25,26.0,26.25,26.0,25.5,26.0,27.25
45.0
26.0,26.25,26.5,26.25,26.5,27.25,27.75,26.75,26.0,26.5,26.25,27.25,27.75,28.25,27.75,26.0,27.0,26.75,26.5,27.75,29.0,29.25,27.0,26.25,26.0,26.5,26.5,27.25,28.0,27.5,26.75,26.0,26.75,26.0,26.0,26.0,26.5,26.5,26.5,26.25,26.75,26.5,26.5,26.25,25.75,26.5,26.0,25.75,26.25,26.75,26.25,26.0,26.5,26.25,26.5,26.5,26.0,26.25,26.0,25.75,25.75,26.25,25.5,27.25
46.0
26.5,26.25,26.0,26.0,26.75,27.0,28.0,27.0,26.0,26.75,26.5,26.75,27.75,28.75,27.75,26.25,27.0,26.75,27.25,27.75,29.0,29.75,27.5,26.25,25.75,26.5,26.25,27.5,27.75,27.5,26.5,26.5,26.5,26.5,26.0,26.5,26.75,26.0,26.25,26.75,27.25,26.75,26.75,26.25,26.0,26.25,26.25,25.5,26.5,26.25,26.0,26.25,26.5,26.5,25.75,27.0,26.5,26.0,25.5,26.0,26.0,25.5,25.5,27.25
47.0
26.5,26.75,26.0,26.0,26.75,27.25,28.5,26.25,26.5,26.75,26.25,27.0,27.5,28.75,27.5,26.75,27.5,26.5,26.0,27.75,29.25,29.5,27.75,26.25,26.25,26.0,26.25,27.25,28.0,27.5,27.0,26.25,26.5,26.5,26.25,26.25,26.5,26.5,26.25,26.5,27.0,27.0,26.5,26.25,25.75,26.25,26.0,25.75,26.75,26.5,26.0,26.25,25.75,26.25,25.75,26.75,26.25,26.0,26.5,26.0,25.75,25.5,25.75,27.25
48.0
26.25,26.5,26.25,26.0,26.75,26.75,28.25,27.5,26.25,26.5,26.0,26.5,27.75,28.75,27.0,26.75,26.75,26.25,26.25,27.75,29.0,29.5,28.0,26.25,26.0,26.25,26.25,26.75,27.5,27.25,26.5,26.5,26.5,26.5,26.25,26.5,26.75,26.25,26.25,27.0,27.25,27.0,26.75,26.25,26.25,26.25,26.25,25.75,27.0,26.25,25.75,26.0,26.0,26.5,25.5,26.75,25.75,26.25,25.5,26.0,26.25,25.5,25.5,27.25
49.0
26.0,26.75,26.25,26.25,26.75,27.5,28.25,27.0,26.25,26.5,26.5,27.25,28.0,29.0,27.25,26.75,26.75,26.25,26.5,27.75,29.0,29.5,28.0,26.5,26.25,26.75,26.25,26.75,27.75,27.0,26.75,26.25,26.75,26.0,26.0,26.5,26.5,26.75,26.5,26.25,27.25,27.0,26.5,26.25,26.0,25.75,26.0,25.5,26.75,26.25,26.5,26.0,26.0,25.75,25.75,26.5,26.25,26.5,26.25,26.25,25.75,25.5,25.75,27.0
50.0
26.0,26.5,26.25,26.0,26.75,27.0,27.75,26.75,25.75,26.5,26.75,26.75,29.0,29.5,27.0,26.25,27.25,26.5,26.5,27.5,29.0,29.25,27.5,26.5,26.0,26.75,26.25,26.75,27.25,26.75,26.5,26.25,26.5,26.0,26.0,26.25,26.25,26.25,26.25,26.75,27.0,26.75,26.5,26.25,26.0,25.75,26.25,26.0,26.75,26.75,26.25,26.25,26.0,26.25,25.75,26.5,26.0,26.0,26.0,26.25,25.75,25.25,25.75,27.25
51.0
26.25,26.25,26.25,26.5,27.25,28.5,28.0,27.0,26.25,26.75,26.5,27.75,29.25,29.25,27.0,26.5,27.25,26.75,26.25,27.0,28.75,28.75,27.0,26.0,26.0,26.25,26.0,26.75,27.25,26.5,26.25,26.5,26.25,26.0,26.25,26.25,26.25,26.25,26.25,26.5,27.0,26.75,26.5,25.75,26.0,26.25,26.0,25.75,27.0,26.5,26.0,26.0,26.0,26.25,25.5,26.75,26.25,26.0,25.75,26.0,25.25,26.25,26.0,27.0
52.0
27.0,26.25,26.5,26.5,27.5,28.75,28.5,26.75,26.25,26.75,26.25,27.75,29.25,29.0,26.75,26.25,26.75,26.75,26.25,27.0,28.75,28.5,26.75,25.75,26.0,26.5,26.5,27.0,27.25,26.25,26.25,26.25,26.75,26.0,26.0,25.75,26.25,26.25,26.25,26.0,26.75,27.0,26.25,26.5,26.0,26.5,26.0,26.25,26.25,26.5,25.75,25.75,25.75,25.75,25.75,27.0,26.5,26.25,26.25,26.0,25.5,26.25,26.0,27.75
53.0
26.5,26.75,26.25,27.25,27.75,28.75,27.75,26.75,26.5,26.5,26.5,27.5,29.5,28.75,27.0,26.75,26.5,26.75,26.75,27.0,28.25,28.5,27.0,26.5,26.0,26.25,26.75,26.5,26.75,26.25,26.75,26.5,26.5,26.0,26.25,26.5,26.5,26.75,26.25,27.0,27.5,26.75,26.5,26.5,26.25,26.25,25.75,25.75,26.5,27.0,26.5,26.0,26.25,26.5,25.75,26.75,26.75,25.75,26.25,26.0,26.25,26.0,25.75,27.25
54.0
26.25,26.25,26.75,26.75,28.0,28.75,28.0,27.5,26.25,26.75,26.75,28.0,29.5,28.75,27.25,26.75,26.5,26.5,26.5,27.0,28.25,28.0,26.75,26.25,26.5,26.25,26.5,26.75,27.0,26.25,26.5,26.5,26.5,26.5,26.25,26.25,26.5,26.5,26.25,26.5,26.75,26.75,26.75,26.5,26.5,26.25,26.0,26.25,26.75,26.75,26.5,26.0,26.0,26.25,25.75,26.5,26.5,26.25,26.0,25.75,26.25,25.5,26.0,27.0
55.0
26.25,26.75,26.0,27.25,28.25,28.75,28.0,27.0,26.5,27.25,26.25,27.75,29.75,28.75,26.75,26.25,27.25,27.0,26.75,27.25,28.5,28.25,26.5,26.25,26.25,26.5,26.5,27.25,27.0,26.25,26.5,26.25,26.25,26.25,26.0,26.0,26.25,26.75,26.5,26.25,26.75,27.0,26.75,26.5,25.75,26.5,26.0,25.75,26.5,26.75,26.25,26.0,25.75,25.75,25.75,27.0,26.0,26.25,25.75,26.5,25.75,26.0,26.0,27.25
56.0
26.25,26.0,26.75,26.75,28.0,29.0,28.0,27.0,26.25,27.25,26.75,27.75,29.5,28.75,26.5,26.25,26.75,27.0,26.75,27.0,28.25,28.25,26.5,26.0,26.25,26.25,26.0,26.75,26.75,26.75,26.0,26.5,26.25,26.25,26.0,26.5,26.25,26.25,26.25,26.5,26.5,26.75,26.5,26.25,26.0,26.25,26.25,25.75,26.25,26.5,26.25,26.25,26.0,26.0,26.25,26.75,26.25,26.5,26.0,26.0,26.0,26.0,25.75,27.0
57.0
26.5,26.5,26.25,27.0,28.25,29.0,27.75,27.25,26.25,26.5,26.5,28.0,30.0,29.0,26.75,26.25,27.0,27.25,26.5,27.5,27.75,28.0,26.75,26.75,26.75,26.25,26.5,26.5,26.75,26.75,26.25,26.25,26.5,26.25,26.0,26.0,26.5,26.25,26.5,26.25,27.0,26.75,26.5,26.5,25.75,26.25,26.25,26.0,26.5,26.5,26.0,26.0,26.0,26.25,26.0,27.0,26.25,26.5,25.75,26.25,26.25,25.5,25.75,26.75
58.0
26.5,26.5,26.75,27.25,28.75,28.75,28.0,27.25,26.25,27.0,26.5,27.75,29.25,29.25,27.0,26.5,27.5,26.5,26.5,27.5,28.0,27.75,27.0,26.25,26.0,26.0,26.25,27.0,27.25,26.5,26.5,26.25,27.0,26.25,26.0,26.0,26.25,26.25,26.75,26.75,27.5,26.75,26.75,26.5,26.0,26.25,25.5,26.25,26.5,26.5,26.0,26.0,26.5,26.0,26.25,26.75,26.75,26.5,26.25,26.25,26.25,26.0,26.0,27.25
59.0
26.5,26.25,26.5,27.25,28.25,28.5,27.5,27.0,26.5,26.5,26.5,28.0,29.25,29.0,27.25,26.75,26.75,26.75,26.75,27.75,28.0,27.75,26.75,26.25,26.25,26.25,26.5,27.25,27.0,26.5,26.5,26.5,26.75,26.25,26.0,26.25,26.0,26.25,26.0,26.75,26.75,26.75,26.5,26.75,26.0,26.25,26.25,25.75,26.25,26.75,26.0,26.5,26.25,26.0,25.5,26.75,26.5,26.0,26.0,25.75,26.5,25.75,26.0,26.75
60.0
26.25,26.5,26.25,27.0,27.75,29.5,27.5,27.25,26.0,26.75,26.25,27.75,29.5,29.0,27.25,26.75,27.0,26.5,26.5,27.5,28.0,27.75,26.75,26.5,26.0,26.25,26.5,26.75,27.0,26.25,26.25,26.25,26.5,26.5,26.25,26.25,26.25,26.5,26.25,26.25,26.75,27.0,26.75,26.5,26.25,26.75,25.75,26.0,26.5,27.0,26.0,26.0,26.0,26.0,26.0,26.25,26.5,26.75,26.25,26.25,25.75,25.75,25.75,27.25
61.0
26.25,26.75,26.25,26.5,28.0,29.25,28.5,26.75,26.75,27.25,26.0,27.0,28.75,28.75,27.5,26.5,26.5,26.75,26.75,26.75,28.0,27.0,26.5,26.5,26.0,26.5,26.25,26.75,26.75,26.0,26.25,26.5,26.75,26.25,25.75,26.5,26.5,26.25,26.5,26.5,26.5,27.0,26.5,26.5,26.25,26.25,26.0,25.75,26.5,26.5,26.25,26.0,26.5,26.0,26.25,26.75,26.25,25.75,26.25,25.75,25.75,25.5,26.25,27.0
62.0
26.0,26.25,26.75,26.25,28.25,29.25,28.5,26.5,26.5,27.0,26.0,26.5,28.25,29.0,27.5,26.75,27.0,26.5,26.5,26.25,27.75,27.0,26.5,26.25,26.25,26.25,26.5,26.5,26.75,26.5,26.25,26.5,26.75,26.5,26.5,26.25,26.5,26.25,26.5,26.5,26.75,27.0,26.5,26.25,26.0,26.0,26.25,25.75,26.25,26.75,25.5,26.0,25.75,25.75,25.75,26.25,26.25,26.25,25.75,26.5,26.0,25.25,26.0,27.0
63.0
26.0,26.25,26.5,26.25,28.0,29.0,28.5,27.25,26.5,26.5,26.0,27.0,28.75,28.5,28.0,27.0,26.75,26.75,26.75,26.5,27.5,27.5,26.75,26.0,26.25,26.5,26.5,26.5,27.0,26.25,26.5,26.5,26.5,26.25,26.25,26.0,26.25,26.25,26.5,26.25,27.0,26.5,26.5,26.0,26.0,26.25,26.0,25.5,26.5,27.0,26.0,26.0,26.0,26.5,26.25,26.25,26.0,26.5,26.0,26.25,25.5,25.75,25.75,27.75
64.0
26.0,27.0,26.25,26.25,28.5,29.0,28.25,27.5,26.25,26.75,26.25,26.75,28.5,28.75,27.5,26.5,26.75,26.75,26.5,26.5,28.0,27.0,26.5,26.5,25.75,26.5,26.5,26.25,27.5,26.5,26.25,26.5,26.75,26.25,26.5,26.0,26.5,26.5,26.0,26.75,26.75,27.0,26.5,26.25,25.75,26.25,26.0,26.0,26.75,26.75,26.0,26.0,26.0,26.25,26.25,26.5,26.25,26.0,25.75,26.25,26.0,25.75,26.0,26.75
65.0
26.0,26.5,26.25,26.5,27.75,29.25,28.75,27.5,26.75,27.0,26.5,26.75,28.25,28.75,28.25,26.5,27.0,26.75,26.5,26.5,27.5,27.25,26.5,26.0,26.0,26.5,26.5,26.25,26.75,26.0,26.5,26.5,27.5,26.5,26.5,26.5,26.5,26.5,26.25,26.75,26.75,26.75,26.5,26.75,26.25,26.5,26.25,26.0,26.75,26.75,26.5,26.0,26.5,26.0,26.25,26.25,26.25,26.75,26.25,26.5,26.25,26.25,25.75,27.0
66.0
26.0,26.75,26.25,26.0,28.25,29.25,28.75,27.0,26.5,26.5,26.5,27.0,28.5,28.75,28.0,26.5,27.5,26.75,26.5,27.0,27.5,27.5,26.5,26.25,26.25,26.5,26.25,26.25,26.5,26.25,26.25,26.25,26.75,26.0,26.25,26.0,26.5,26.5,26.75,26.25,27.0,27.25,26.5,26.75,26.0,26.5,25.5,25.75,26.75,26.25,25.75,26.25,26.75,26.25,26.0,26.75,26.5,25.75,26.0,26.25,25.5,26.0,25.75,27.0
67.0
26.75,26.25,26.25,26.5,28.5,29.5,28.5,27.25,26.5,27.0,26.25,27.25,28.5,28.75,28.0,26.75,27.0,27.0,26.5,26.75,27.75,27.75,26.5,26.25,26.5,27.0,25.75,26.5,27.0,26.5,26.75,26.75,26.75,26.25,26.0,26.25,26.25,26.5,26.25,26.75,27.0,26.5,26.5,26.5,26.0,26.25,25.75,26.0,26.75,26.5,26.5,26.0,26.25,26.25,26.25,26.5,26.5,26.25,26.25,26.25,26.0,25.75,26.0,27.25
68.0
26.25,26.5,26.5,26.75,28.5,29.5,28.0,27.5,26.25,26.75,26.75,27.0,28.5,28.75,27.75,27.0,27.0,26.5,26.5,26.75,27.75,27.5,26.75,26.0,26.0,26.5,26.25,26.75,27.0,26.0,26.5,26.5,26.75,26.0,26.25,26.0,26.5,26.25,26.5,25.75,27.0,27.0,26.5,26.5,26.5,26.25,26.5,26.0,27.0,27.0,26.0,26.0,26.0,26.0,26.0,26.75,26.25,26.0,25.75,25.75,26.0,25.5,26.25,26.75
69.0
26.0,26.75,26.25,26.75,28.5,29.5,28.25,27.5,26.5,27.0,26.25,26.75,28.5,28.75,27.75,26.75,27.0,26.75,26.25,26.75,27.75,27.75,26.5,26.0,26.25,26.5,26.5,26.25,26.75,26.25,26.5,26.5,26.5,26.25,26.0,26.0,26.5,26.25,26.25,26.0,27.25,26.75,26.75,26.25,25.75,26.0,26.0,26.5,26.75,26.5,26.0,26.25,26.0,26.5,25.5,26.75,26.25,26.5,26.5,26.0,25.75,25.5,25.5,27.25
70.0
26.0,26.25,26.25,27.25,29.0,28.75,28.0,26.75,26.5,26.75,26.5,26.75,28.75,28.25,27.5,26.25,26.75,26.75,26.5,26.75,27.5,27.5,26.75,26.25,26.25,26.75,26.5,26.5,26.5,26.5,26.5,26.5,26.75,26.5,26.0,26.0,26.5,26.0,26.25,26.25,27.25,27.0,26.5,26.75,26.0,26.5,26.0,26.0,26.75,26.75,26.0,25.75,26.5,26.25,25.75,27.0,26.5,26.0,26.25,26.25,26.5,25.5,26.25,27.75
71.0
26.25,26.5,26.0,27.0,29.0,29.0,27.75,27.25,26.5,27.0,26.25,27.0,28.5,28.5,26.5,26.5,27.25,27.0,26.75,27.0,27.75,27.0,26.5,26.75,26.0,26.5,26.25,26.5,26.25,26.0,26.5,26.5,27.0,26.75,26.0,26.0,26.25,26.5,26.5,26.75,27.25,27.0,26.75,26.5,26.0,26.25,26.0,26.0,26.75,26.5,26.0,26.25,26.0,26.0,26.0,26.75,26.25,27.0,26.25,26.0,26.5,25.5,26.25,27.25
72.0
26.5,26.75,26.25,27.25,29.0,29.0,27.75,27.25,26.75,27.25,26.5,27.0,28.25,28.5,27.0,26.5,26.75,27.25,26.75,27.0,27.75,26.75,26.5,26.75,26.0,26.5,26.75,26.5,26.25,26.5,26.25,26.5,27.0,26.75,26.25,26.5,26.5,26.25,26.5,26.5,27.25,27.0,27.0,26.75,26.0,26.5,26.5,26.0,26.75,26.5,26.25,26.5,25.75,26.0,26.0,26.75,26.5,26.25,26.25,26.25,26.25,26.25,26.25,27.0
73.0
26.0,26.75,26.75,27.0,28.75,29.0,28.0,27.25,27.0,27.0,26.75,27.25,28.0,28.0,27.0,26.75,27.0,26.75,26.75,26.75,27.75,27.5,26.75,26.25,26.5,26.25,26.5,26.5,26.75,26.0,26.75,26.25,26.75,26.75,26.25,26.25,26.25,26.25,26.0,26.75,27.0,27.25,26.5,26.5,25.75,26.5,26.25,26.0,26.75,26.75,26.5,26.0,26.25,26.25,25.75,27.0,26.0,26.5,26.0,26.75,26.0,26.0,26.0,28.0
74.0
26.25,26.5,26.75,27.0,29.0,29.0,28.25,27.0,26.25,26.5,26.5,27.25,28.25,28.0,27.0,26.5,27.0,27.25,26.75,27.0,27.75,27.25,26.75,26.25,26.25,27.0,26.5,26.75,26.5,26.25,26.5,26.75,26.5,26.25,26.25,26.25,26.25,26.25,26.5,26.75,27.0,26.75,26.5,26.25,26.0,26.5,26.0,25.75,26.5,26.75,26.0,26.0,26.0,26.25,26.0,26.75,26.5,26.0,26.5,26.25,25.75,25.75,26.25,27.25
75.0
26.5,26.25,26.25,27.0,28.25,29.25,28.0,27.25,26.75,27.0,26.25,27.0,28.0,28.25,26.75,26.75,26.75,26.5,26.75,27.0,28.0,27.0,27.0,25.75,25.75,26.5,26.5,26.25,26.5,26.5,26.25,26.25,26.5,26.25,26.25,25.75,26.25,26.5,26.25,26.5,27.25,26.5,26.25,26.25,26.0,26.25,25.75,26.0,26.75,26.75,26.0,26.25,26.0,26.0,25.75,27.0,25.75,26.0,26.25,26.25,26.0,26.0,25.75,27.5
76.0
26.5,26.25,26.5,26.75,29.0,29.0,28.5,27.25,26.5,26.75,26.75,27.25,28.0,28.0,26.75,26.5,27.0,27.0,26.25,26.75,28.0,27.25,26.75,26.5,26.25,26.5,26.0,26.5,26.25,26.25,26.0,26.5,27.0,26.0,26.5,26.0,26.25,26.75,26.75,26.25,27.25,26.75,26.75,26.5,26.25,26.5,26.25,26.0,26.75,26.75,26.0,26.0,26.25,26.5,26.25,26.25,26.25,26.25,26.0,26.25,25.75,26.0,25.75,27.75
77.0
26.5,26.25,26.5,26.75,29.0,29.0,28.5,27.25,26.5,26.75,26.75,27.25,28.0,28.0,26.75,26.5,27.0,27.0,26.25,26.75,28.0,27.25,26.75,26.5,26.25,26.5,26.0,26.5,26.25,26.25,26.0,26.5,27.0,26.0,26.5,26.0,26.25,26.75,26.75,26.25,27.25,26.75,26.75,26.5,26.25,26.5,26.25,26.0,26.75,26.75,26.0,26.0,26.25,26.5,26.25,26.25,26.25,26.25,26.0,26.25,25.75,26.0,25.75,27.75
78.0
26.5,26.75,26.5,26.75,29.0,29.0,28.25,27.25,26.75,27.25,26.5,27.5,28.0,28.0,26.75,27.0,27.0,26.5,26.75,26.75,27.75,27.0,26.75,26.25,26.5,26.75,26.25,26.5,26.5,26.25,26.75,26.75,26.75,26.25,26.25,26.25,26.5,26.0,26.25,27.0,27.25,26.75,27.0,26.5,26.0,26.25,26.25,26.25,26.5,27.0,25.75,26.0,26.25,26.25,25.75,26.75,26.75,26.25,26.0,26.0,26.25,25.75,26.0,27.5
79.0
26.5,26.75,26.75,26.25,28.5,29.0,28.5,27.25,26.5,26.5,26.5,27.0,28.0,28.25,27.0,26.5,26.75,26.75,26.75,26.75,27.75,27.0,26.75,26.25,26.5,26.75,26.5,26.5,26.5,26.5,26.5,26.25,26.75,26.5,26.25,26.25,26.25,26.75,26.5,26.75,27.25,27.25,26.75,26.5,26.0,26.5,26.5,26.5,27.0,26.75,26.25,26.0,26.25,26.0,26.25,26.5,27.0,26.0,26.5,26.25,25.75,25.75,26.25,27.0
80.0
26.5,26.75,26.5,26.25,28.5,29.5,28.25,27.0,26.25,26.75,26.75,27.25,28.0,28.0,26.75,26.5,27.0,26.5,26.25,26.5,28.0,26.75,26.5,26.25,26.25,26.25,26.5,26.5,26.5,26.25,26.75,26.0,26.5,26.25,26.0,26.0,26.25,26.0,26.25,26.5,27.25,27.0,26.5,26.75,26.0,26.25,26.0,26.0,27.25,26.75,26.0,25.75,26.25,26.0,25.75,26.5,26.5,26.0,26.0,25.75,25.75,25.75,26.0,27.5
81.0
26.5,26.5,26.25,26.25,28.5,28.75,28.5,27.5,26.75,26.75,26.25,26.5,28.0,28.25,26.5,26.5,27.25,26.5,26.5,26.5,27.25,26.75,26.5,26.5,26.25,26.25,26.5,26.5,26.5,25.75,27.0,26.5,27.0,26.5,26.5,26.25,26.25,26.75,26.5,27.0,27.25,26.5,26.5,26.75,26.0,26.5,26.25,26.5,26.5,26.5,26.25,26.25,26.25,26.25,26.25,27.25,27.0,26.75,26.5,26.25,26.0,25.5,26.25,27.25
82.0
26.5,26.25,26.5,26.5,28.25,28.75,28.75,27.75,26.75,27.0,26.5,26.5,27.75,28.0,26.75,26.75,27.0,26.75,26.75,26.25,27.5,27.0,26.5,26.25,26.75,26.75,26.75,26.5,26.25,26.0,26.25,26.25,26.75,26.5,26.5,26.0,26.25,26.25,26.25,26.75,27.25,26.75,26.75,26.5,26.0,26.25,26.25,26.0,26.75,26.75,26.0,26.0,26.5,26.0,26.25,26.75,26.5,26.25,26.75,26.25,25.75,25.5,26.25,27.75
83.0
26.25,26.75,26.25,26.25,28.5,28.5,28.5,27.25,26.75,27.25,26.25,26.75,28.0,28.25,27.0,27.25,27.0,27.0,26.75,26.75,27.25,26.75,27.0,26.5,26.75,26.75,26.75,26.5,26.75,26.0,26.5,26.5,26.75,26.25,26.25,26.25,26.75,26.75,27.0,26.75,27.0,27.25,26.5,26.5,26.25,26.5,26.25,26.0,26.75,26.5,26.75,26.0,25.75,26.5,26.0,26.5,26.5,26.5,25.75,26.25,26.0,26.25,26.25,27.25
84.0
26.25,26.75,26.25,26.25,28.0,29.0,28.25,27.5,26.5,27.25,26.5,26.5,27.75,28.0,27.0,26.75,27.25,27.25,26.75,26.5,27.5,27.0,26.5,26.75,26.5,26.75,26.75,26.5,26.5,26.5,26.75,27.0,27.0,26.5,26.75,26.0,26.5,26.5,26.5,26.5,27.0,27.25,26.75,26.25,26.5,26.5,25.75,25.75,26.5,26.5,26.5,25.75,26.5,25.75,25.75,26.25,26.5,26.25,26.25,26.0,26.25,25.75,26.0,27.75
85.0
26.25,26.75,26.5,26.0,28.0,29.0,28.5,27.25,26.75,26.25,26.75,27.0,28.0,28.25,27.0,26.5,27.25,27.0,26.75,26.5,27.5,26.75,26.75,26.25,26.5,27.0,26.5,26.5,26.5,26.75,26.75,26.5,26.75,26.0,26.5,26.0,26.75,26.0,26.25,26.75,27.5,27.0,26.75,26.75,25.75,26.5,26.75,26.25,26.25,27.0,26.25,26.5,26.5,26.0,26.25,27.25,26.5,26.25,26.25,26.5,26.25,26.25,26.0,27.5
86.0
26.25,26.75,26.5,26.5,28.0,28.75,28.25,27.0,26.5,27.0,26.5,26.5,28.0,28.0,26.25,26.5,27.25,27.25,26.75,26.5,27.5,27.0,26.25,26.0,26.25,26.5,26.5,26.75,26.25,26.25,26.25,26.75,27.25,26.75,26.25,26.25,26.5,26.5,26.75,26.5,27.0,27.25,26.25,26.25,26.25,26.5,26.5,26.0,26.75,26.75,26.25,26.0,26.5,26.5,25.75,26.5,26.25,26.0,25.75,26.0,26.25,26.0,26.0,26.75
87.0
26.5,26.5,26.5,26.5,28.25,28.5,28.25,27.25,26.75,26.5,26.25,26.25,28.0,28.0,26.75,26.75,27.25,27.0,26.5,26.75,28.0,27.0,26.5,26.5,26.5,27.0,26.25,26.0,26.25,26.25,26.5,26.5,26.75,26.5,26.0,26.75,26.75,26.5,26.5,26.75,27.25,27.25,26.75,26.5,26.5,26.25,26.25,26.5,26.25,27.0,26.25,26.0,26.5,26.0,26.0,26.5,26.5,26.25,26.25,26.5,26.0,26.25,26.25,27.0
88.0
26.5,26.75,26.5,26.0,28.25,28.75,28.25,27.25,26.5,26.75,26.25,26.75,28.0,27.75,26.5,26.75,27.25,26.75,26.5,26.25,27.25,26.75,26.25,26.25,26.0,26.25,26.25,26.25,26.5,26.0,26.75,26.5,27.0,26.5,26.25,26.25,26.25,26.5,26.75,26.5,27.0,26.75,26.5,26.25,26.0,26.25,26.25,25.75,26.25,26.5,26.25,26.25,26.25,26.25,25.75,26.75,26.75,26.25,26.0,26.0,25.75,25.75,26.0,27.0
89.0
26.5,26.25,26.5,26.5,28.5,28.5,28.0,27.0,26.75,27.25,26.5,26.75,28.0,27.75,26.75,26.5,26.75,27.0,26.5,27.0,27.5,26.75,26.5,26.5,26.25,26.75,26.75,26.5,26.5,26.75,26.5,26.5,27.0,26.5,26.5,26.25,26.25,26.5,26.0,26.5,27.5,27.0,26.75,26.75,26.25,26.25,26.25,26.25,27.0,26.5,25.5,26.25,26.5,26.5,26.25,26.75,26.25,25.75,26.0,26.5,26.25,26.25,25.75,27.25
90.0
26.5,26.75,26.75,26.25,28.0,28.25,28.25,27.25,26.25,27.0,26.5,26.75,27.75,27.5,27.0,26.5,27.0,27.25,26.5,26.75,27.5,26.75,26.25,26.0,26.5,27.0,26.5,26.25,26.5,26.25,26.0,26.5,26.75,26.5,26.25,26.25,26.75,26.5,26.0,26.75,27.25,26.75,27.0,26.5,26.0,26.0,26.0,26.0,27.0,27.0,26.25,26.0,26.25,26.5,26.25,26.75,26.5,26.25,26.25,26.25,26.5,26.25,26.25,27.0
