1.0
26.5,26.75,27.75,27.0,26.75,26.75,27.5,27.25,26.5,27.0,29.0,28.75,27.0,26.75,26.75,26.25,26.75,26.5,28.25,28.0,27.0,26.5,26.5,26.25,26.5,27.0,28.75,28.25,26.25,26.25,26.75,26.25,27.0,26.5,27.5,27.0,26.25,26.5,26.25,26.25,27.0,27.0,27.25,27.0,26.5,26.25,26.0,26.25,26.75,26.5,26.5,26.25,26.5,26.25,26.0,26.25,26.5,26.25,26.0,26.5,26.0,25.75,26.0,26.5
2.0
26.5,26.75,27.5,27.0,26.25,26.5,27.75,27.25,26.25,27.0,29.0,29.25,26.75,26.5,26.5,26.5,26.75,26.25,28.25,27.75,26.75,26.25,26.25,26.0,26.25,27.0,28.25,27.75,26.25,26.25,26.5,26.5,27.0,26.25,27.25,26.75,26.5,26.75,26.25,26.75,26.5,26.75,27.0,26.75,26.25,25.75,26.25,25.5,26.25,26.5,26.25,26.0,25.75,25.75,26.0,26.0,26.0,26.25,26.0,26.5,26.25,26.0,25.75,26.5
3.0
26.25,26.25,27.5,26.75,27.0,26.5,28.0,27.0,26.75,27.0,29.0,28.75,26.75,26.75,26.25,26.25,27.0,26.75,28.25,28.25,26.75,26.5,26.75,26.0,26.75,27.0,28.25,28.25,26.5,26.5,26.0,26.25,27.0,26.5,27.75,26.75,26.5,26.25,26.75,26.75,26.75,27.0,27.0,26.75,26.25,26.25,26.25,25.25,26.75,26.75,26.25,26.0,26.0,26.0,25.75,26.5,26.75,26.25,26.0,26.0,26.0,25.75,26.25,26.75
4.0
26.5,26.5,27.5,27.0,26.75,26.5,27.5,27.0,26.5,27.0,29.25,29.0,26.75,26.25,26.5,26.25,27.0,26.75,28.75,28.0,26.5,26.75,26.75,26.5,26.75,27.25,28.5,28.0,26.25,26.0,26.25,26.25,26.75,26.75,27.5,27.0,26.75,26.0,26.5,26.0,26.75,26.5,26.75,26.75,26.0,26.25,26.25,26.25,26.25,26.5,25.75,26.0,26.0,26.25,26.25,26.0,25.75,26.0,26.5,26.5,26.0,26.0,25.75,26.25
5.0
26.25,27.5,27.75,27.0,26.25,26.5,27.5,26.5,26.5,26.75,29.0,29.0,26.75,26.75,26.0,26.25,27.0,26.75,28.25,28.25,26.75,26.75,26.75,26.25,26.0,27.0,28.5,28.0,26.25,26.25,26.25,26.5,26.5,27.25,27.5,27.25,26.5,26.75,26.0,26.5,27.25,26.75,26.75,26.75,26.25,26.0,26.0,26.25,26.0,27.0,26.25,26.25,26.5,26.5,25.75,26.5,26.25,26.25,25.75,26.5,26.0,26.0,25.5,26.5
6.0
26.0,27.0,27.75,26.75,26.75,26.5,27.25,27.5,26.5,26.75,29.25,29.0,27.25,26.5,26.25,26.5,27.0,26.75,28.0,28.5,26.5,26.5,26.25,26.25,26.0,27.0,28.75,28.25,26.25,26.0,26.25,26.5,27.0,26.75,27.75,27.0,26.25,26.75,26.5,26.75,27.0,26.25,27.0,27.0,25.75,26.25,26.0,26.0,26.5,26.5,26.25,25.75,26.25,26.5,25.75,26.0,26.25,26.0,26.0,26.5,26.5,26.25,26.0,26.5
7.0
26.75,26.5,28.0,27.0,26.5,26.5,27.5,27.0,26.5,27.25,29.0,28.75,27.0,26.25,26.5,26.25,26.5,26.25,28.25,27.75,26.5,26.75,26.75,26.5,26.75,27.0,28.5,28.5,26.25,26.25,26.25,26.25,26.5,26.5,27.75,27.0,26.25,26.25,26.5,26.75,26.75,26.5,26.75,26.75,26.0,26.25,26.0,25.75,27.0,26.75,26.25,26.0,26.25,26.25,26.25,26.75,25.75,26.25,26.0,25.75,26.0,25.5,25.75,26.25
8.0
26.75,26.75,27.75,27.0,26.75,26.75,27.0,27.0,26.75,27.0,29.0,29.0,27.25,26.75,26.5,26.75,26.75,26.75,28.25,28.25,26.25,26.75,26.5,26.0,26.5,26.75,28.25,28.25,26.5,26.5,26.25,26.5,26.75,26.5,27.5,27.5,26.25,26.5,26.75,26.5,26.5,26.75,27.0,26.75,25.75,26.5,26.25,26.25,26.5,26.5,26.5,26.0,26.5,26.5,26.25,26.75,26.5,26.25,25.75,26.5,26.5,25.75,26.0,26.75
9.0
26.75,26.75,27.75,27.0,26.75,26.75,27.0,27.0,26.75,27.0,29.0,29.0,27.25,26.75,26.5,26.75,26.75,26.75,28.25,28.25,26.25,26.75,26.5,26.0,26.5,26.75,28.25,28.25,26.5,26.5,26.25,26.5,26.75,26.5,27.5,27.5,26.25,26.5,26.75,26.5,26.5,26.75,27.0,26.75,25.75,26.5,26.25,26.25,26.5,26.5,26.5,26.0,26.5,26.5,26.25,26.75,26.5,26.25,25.75,26.5,26.5,25.75,26.0,26.75
10.0
26.25,26.75,27.75,26.5,27.0,26.5,27.25,27.25,26.5,27.0,29.0,29.0,27.25,26.5,26.5,26.5,27.0,26.75,28.25,28.25,27.0,26.75,26.25,26.5,26.25,26.75,28.5,28.25,26.5,26.0,26.0,26.75,26.75,26.25,27.5,27.0,26.75,26.5,26.25,26.5,27.0,26.75,27.0,26.75,26.25,26.0,26.0,26.0,26.5,26.5,26.25,26.5,26.5,26.5,25.75,26.0,25.75,26.25,26.0,26.25,26.25,26.0,25.75,26.0
11.0
26.25,26.75,27.25,27.0,26.5,26.5,27.25,27.0,26.25,27.0,28.75,28.5,26.75,26.25,26.75,26.25,26.75,26.75,28.25,28.0,26.5,26.5,26.25,26.25,26.75,27.0,28.5,28.0,26.25,26.25,26.25,26.25,27.0,26.5,27.75,27.25,26.5,26.5,26.75,26.5,27.0,26.75,27.25,27.0,26.25,26.5,26.25,26.0,26.5,26.5,26.25,26.25,26.25,26.25,25.75,26.0,26.5,26.25,26.25,26.0,26.0,26.25,25.75,26.25
12.0
26.5,26.5,27.5,27.25,26.5,26.25,27.0,27.0,26.0,27.25,28.75,28.75,26.75,26.5,26.5,26.25,26.5,26.5,28.0,28.0,27.0,26.25,26.25,26.0,26.5,27.0,28.5,28.25,26.0,26.25,26.5,26.75,26.75,26.5,27.75,27.25,26.75,26.5,26.25,26.5,26.75,26.75,27.0,26.75,26.25,26.25,26.0,25.75,26.5,26.5,26.25,26.5,26.5,26.25,26.0,26.5,26.0,26.75,26.0,26.25,26.0,26.25,25.5,26.25
13.0
26.5,26.5,27.25,26.5,26.5,26.25,27.5,27.0,26.0,27.0,28.75,28.75,26.75,25.75,26.75,26.5,27.0,27.25,28.5,28.0,26.5,26.75,26.0,26.0,26.5,26.75,28.75,28.25,26.75,26.25,26.25,26.25,26.5,26.75,27.75,26.75,26.5,26.5,26.25,26.75,27.0,26.5,27.0,26.75,26.0,26.25,26.0,25.75,26.75,26.5,26.0,26.25,26.0,26.25,25.75,25.75,26.75,26.0,26.0,26.5,26.0,25.75,26.0,26.5
14.0
26.5,26.75,27.5,26.75,26.75,26.5,27.25,27.0,26.5,26.5,28.75,29.5,27.0,26.25,26.0,26.25,27.0,26.5,28.25,27.75,26.5,26.25,26.5,26.0,26.25,26.5,28.5,28.0,26.25,26.0,26.25,26.5,26.75,26.75,27.75,26.75,26.5,26.5,26.5,26.5,26.75,26.75,26.75,26.5,26.25,26.25,25.75,25.75,26.5,26.5,26.25,26.0,26.5,26.0,26.25,26.25,26.25,26.0,26.25,26.5,26.5,25.75,26.0,26.0
15.0
26.25,26.75,27.25,26.75,26.75,26.5,27.5,26.75,26.5,27.25,29.0,28.75,27.25,26.25,26.25,26.75,27.25,26.5,28.25,27.75,26.5,26.25,26.5,26.5,26.5,26.75,28.5,28.0,26.0,26.25,26.5,26.75,26.75,26.5,28.0,27.5,26.5,26.5,26.25,26.75,26.75,26.5,27.0,26.75,26.25,26.0,26.25,26.25,26.5,26.5,26.25,26.0,26.5,26.25,25.5,26.5,26.0,26.25,25.5,26.5,25.75,26.25,25.75,26.75
16.0
25.75,27.0,28.0,27.25,26.75,26.25,27.25,26.5,26.25,27.0,28.75,29.0,27.0,26.5,26.75,26.5,26.5,27.0,28.5,28.25,26.75,26.5,26.25,26.5,26.25,26.75,28.5,28.5,26.25,26.25,26.25,26.5,27.25,26.5,27.75,26.75,26.75,26.25,26.5,26.25,26.5,26.75,26.75,26.75,26.25,26.0,26.5,26.0,26.5,26.75,26.0,26.25,26.25,26.25,26.5,25.75,26.5,26.0,26.5,26.25,26.0,26.0,26.0,26.5
17.0
26.5,26.75,27.5,27.0,26.75,26.5,27.25,27.0,26.5,27.0,29.0,29.25,27.25,26.5,26.25,26.75,26.75,26.75,28.25,28.25,26.25,26.5,26.5,26.0,26.5,26.75,28.75,28.25,26.5,26.25,26.25,26.25,26.75,26.5,28.0,27.25,26.25,26.5,26.75,26.5,27.0,26.5,27.25,26.75,26.0,26.25,26.0,25.75,26.75,26.75,26.5,26.25,26.5,26.25,25.5,26.5,26.0,26.5,26.0,26.25,26.0,25.5,25.75,25.75
18.0
26.5,27.0,27.5,27.0,26.75,27.0,27.25,27.25,26.5,27.25,29.0,29.0,27.25,26.25,26.5,26.5,26.75,26.5,28.5,27.5,26.5,26.25,26.5,26.0,26.75,27.0,28.75,27.75,26.25,26.0,27.0,26.25,26.5,26.5,27.25,27.25,26.25,26.5,26.5,26.5,26.75,26.75,27.0,26.75,26.0,26.25,26.0,26.5,26.25,26.25,26.25,26.5,26.0,25.75,25.75,26.5,26.5,26.0,25.75,26.25,26.25,26.25,25.25,26.5
19.0
26.0,26.75,27.75,27.0,26.5,26.5,27.25,26.75,26.5,27.0,29.0,29.0,26.75,26.25,26.75,26.5,26.75,26.5,28.25,28.0,26.75,26.25,26.75,25.75,26.25,27.0,28.5,28.5,26.5,26.0,26.5,26.0,27.0,26.25,27.75,27.25,26.75,26.25,26.75,26.25,26.5,27.0,27.0,26.75,26.0,26.25,26.0,25.75,26.5,26.5,26.25,26.0,26.5,26.5,26.0,26.0,26.75,26.0,25.75,26.5,26.25,25.75,26.0,26.75
20.0
26.75,26.75,27.75,27.25,26.5,26.5,27.5,27.0,26.75,27.0,29.0,29.25,27.0,26.25,26.0,26.25,27.0,26.75,28.0,28.0,26.75,26.5,26.25,26.0,26.5,26.75,28.25,28.0,26.5,26.25,26.25,26.5,26.5,26.75,27.25,27.0,26.5,26.75,26.5,26.75,27.0,26.5,27.0,26.75,26.25,26.5,26.0,25.75,26.75,26.5,26.25,26.25,26.5,26.0,26.0,26.0,26.25,26.0,26.25,26.0,26.25,25.75,26.0,26.25
21.0
26.75,26.75,28.0,26.75,26.75,26.5,28.0,27.0,26.25,27.0,29.0,29.0,27.0,26.5,26.5,26.75,26.5,26.5,28.25,28.0,26.0,26.75,26.5,26.75,26.5,26.5,29.0,28.25,26.75,26.25,26.5,26.5,27.0,26.75,27.75,27.25,26.5,26.25,26.75,26.25,27.0,26.75,27.0,26.75,26.0,25.75,26.0,25.75,26.25,26.75,26.5,26.25,26.5,26.5,26.25,26.75,26.75,25.5,26.25,26.0,26.0,25.5,26.25,25.75
22.0
27.0,27.0,27.75,27.0,26.5,26.5,27.5,26.75,26.5,27.0,29.0,29.0,27.0,26.5,26.5,26.5,26.5,26.5,28.25,28.25,26.75,26.5,26.75,26.25,26.25,27.0,28.25,28.25,26.5,26.0,26.0,26.75,26.75,26.75,27.5,27.0,26.25,26.75,26.75,26.5,26.75,27.0,27.0,27.25,26.5,26.25,25.75,26.5,26.5,27.0,26.0,26.5,26.0,26.5,25.75,26.25,26.5,25.75,26.25,26.25,25.75,25.75,25.75,26.5
23.0
26.25,27.0,27.75,27.0,26.5,27.0,27.5,26.75,26.75,26.75,29.0,29.25,26.75,26.5,26.5,26.25,26.5,27.25,28.25,28.0,26.75,26.75,26.25,26.25,26.0,26.5,28.75,27.75,26.0,26.0,26.5,26.5,27.25,26.25,27.75,27.25,26.25,26.25,26.25,26.5,27.0,26.5,27.0,26.5,26.0,26.25,26.0,26.25,26.5,26.75,26.25,26.25,26.0,26.5,26.25,26.25,26.25,26.25,26.5,26.5,26.5,26.0,26.0,26.5
24.0
26.5,26.5,27.5,26.75,26.75,26.5,27.25,27.25,26.5,27.0,28.75,29.0,27.0,26.25,26.25,26.25,27.0,26.75,28.0,28.0,26.75,26.25,26.25,26.25,26.5,26.75,28.25,28.25,26.75,26.5,26.75,26.25,27.25,26.75,27.75,27.25,26.25,26.5,26.75,27.25,27.0,26.75,27.0,26.5,26.0,25.75,26.0,26.0,26.25,26.5,26.25,26.5,26.5,26.5,26.0,26.25,26.5,26.75,26.25,25.75,26.25,25.75,26.0,26.5
25.0
26.5,27.0,27.5,27.0,26.75,26.25,27.25,26.75,26.75,27.0,29.25,28.75,27.25,26.5,26.25,26.0,26.75,26.5,28.5,28.0,26.5,26.5,26.5,25.75,26.5,26.75,29.0,28.25,26.5,26.0,26.25,26.5,26.75,26.5,27.5,27.0,26.5,26.75,26.5,26.5,26.75,26.75,27.25,26.75,26.25,26.5,26.0,26.0,26.0,26.5,26.0,26.25,26.25,26.5,26.25,26.5,26.5,26.0,26.25,26.25,26.25,25.75,26.0,26.25
26.0
26.75,26.75,27.75,27.25,26.5,26.25,27.5,26.5,26.5,27.25,28.75,28.75,26.5,26.5,26.25,26.25,27.25,26.0,28.0,27.25,26.75,26.25,26.75,26.0,26.0,26.5,28.5,28.0,26.5,26.25,26.25,26.25,27.0,26.5,27.5,27.0,26.75,26.5,26.5,26.25,26.5,27.0,27.0,26.75,26.0,26.5,26.25,26.0,26.5,26.5,26.25,26.5,26.25,26.25,26.0,26.25,26.5,26.75,26.0,26.5,25.75,25.75,25.75,26.75
27.0
26.25,26.5,27.75,27.0,26.75,26.25,27.5,27.0,26.5,27.0,29.25,29.0,27.0,26.25,26.75,26.0,26.75,27.25,28.5,28.25,26.5,27.0,26.25,26.5,26.5,26.5,28.25,28.0,26.75,26.25,26.5,26.25,27.0,26.25,27.5,27.25,26.25,26.25,26.0,26.5,26.75,27.0,27.0,26.5,26.25,26.5,26.5,26.0,26.5,27.25,26.25,26.25,26.0,26.0,25.75,26.5,26.25,26.25,26.0,26.25,26.25,26.25,25.5,26.5
28.0
26.5,27.0,27.5,27.25,26.75,26.5,27.5,27.0,26.25,27.25,28.75,29.0,27.0,26.5,26.25,26.25,27.25,26.75,28.25,27.75,27.0,26.5,26.25,26.0,26.5,27.0,29.0,28.25,26.25,26.25,26.25,26.5,26.75,26.5,27.75,27.0,26.75,26.5,26.5,26.5,26.75,26.25,26.75,26.25,26.25,26.25,26.0,26.0,26.5,26.5,26.25,26.25,26.25,26.0,26.25,26.0,26.25,26.25,26.25,26.25,26.25,25.75,25.75,26.5
29.0
26.5,27.25,27.5,27.25,26.75,26.5,28.0,27.0,27.0,27.0,29.0,29.0,26.75,26.5,26.5,26.25,27.0,27.0,27.75,28.0,27.0,26.5,26.5,26.25,26.75,27.0,28.25,28.25,26.5,26.5,26.5,26.5,26.75,26.5,27.75,27.0,26.5,26.25,26.5,26.75,26.75,26.75,27.25,26.75,26.0,26.5,26.25,26.25,26.5,26.5,26.75,26.5,26.25,26.5,26.0,26.25,26.5,26.25,26.25,26.0,26.0,25.5,25.75,26.5
30.0
26.25,26.75,28.0,27.25,26.5,26.75,27.5,27.0,26.5,27.25,29.0,29.0,26.75,26.25,26.25,26.75,27.0,27.0,28.5,28.0,26.75,26.75,26.25,26.25,26.5,26.5,28.25,28.25,26.25,26.25,26.25,26.0,26.5,26.75,27.5,27.25,26.25,26.5,26.5,26.25,27.0,26.75,27.0,26.75,26.25,26.25,26.25,26.25,26.5,27.25,26.25,26.5,26.5,26.0,25.75,26.25,26.5,26.0,26.25,26.25,26.0,25.75,26.25,26.5
31.0
26.25,27.0,27.5,26.75,27.0,26.25,27.25,26.5,27.0,27.25,28.75,28.75,26.75,26.5,26.5,26.5,26.75,26.5,28.25,28.0,26.5,26.5,26.25,26.25,26.5,26.75,28.75,28.5,26.25,26.25,26.5,26.5,27.0,26.5,27.5,27.5,26.75,26.25,26.5,26.5,27.0,26.75,27.0,27.0,26.0,26.5,26.25,26.0,26.75,27.0,26.25,26.25,26.25,26.25,26.0,25.75,26.0,26.25,26.5,26.25,26.25,25.5,25.5,26.25
32.0
27.0,26.75,27.5,27.25,26.75,27.25,27.5,27.75,26.75,27.25,28.75,29.0,27.0,26.5,26.75,26.5,27.0,26.25,28.5,27.75,27.0,26.25,26.5,26.25,26.0,26.75,28.5,28.0,26.25,26.5,26.25,26.25,27.25,26.75,27.75,27.25,26.25,26.75,26.0,26.75,27.25,26.75,26.75,26.75,26.0,26.5,26.0,26.0,26.5,26.75,26.5,26.5,26.0,26.25,26.0,26.25,26.25,25.75,26.25,26.25,26.0,26.0,26.25,26.5
33.0
26.0,26.75,28.0,27.75,26.5,26.75,27.25,27.0,27.0,27.5,28.75,29.0,26.75,26.25,26.5,26.25,26.5,26.75,28.5,28.0,26.75,26.75,26.5,26.25,26.5,26.5,28.5,27.75,26.5,26.0,26.25,26.5,26.25,26.25,27.25,27.0,26.25,26.25,26.25,26.25,27.0,26.5,27.0,26.5,26.0,26.25,25.75,26.25,26.5,26.5,26.25,26.25,26.25,25.75,25.75,26.0,26.5,25.5,26.25,26.25,25.75,25.75,25.75,26.5
34.0
26.75,26.75,28.0,27.5,26.5,26.5,27.5,26.75,27.0,27.25,28.75,28.75,27.0,26.0,26.5,26.5,27.0,26.75,28.25,28.25,26.75,26.75,26.25,26.0,26.25,26.75,28.75,28.25,26.25,26.25,26.0,26.5,27.25,26.5,27.5,27.0,26.25,26.75,26.5,26.5,26.25,26.25,26.75,26.75,25.75,26.25,26.0,25.75,26.5,27.0,26.0,26.25,26.25,26.5,26.75,26.0,26.0,26.0,26.5,25.75,25.75,26.0,26.5,26.5
35.0
26.25,26.75,27.5,27.5,26.5,26.5,27.75,27.25,26.75,27.25,28.75,29.0,26.5,26.25,26.25,26.75,27.0,27.0,28.5,28.5,26.5,26.75,26.5,26.75,26.5,26.75,28.5,28.0,26.5,26.25,26.0,26.25,26.75,26.5,27.5,27.0,26.25,26.5,26.25,26.25,27.0,26.75,27.0,27.0,26.0,26.25,26.5,26.0,26.25,26.75,26.5,26.5,26.0,26.0,25.75,26.0,25.75,26.25,26.0,26.75,25.75,25.75,26.0,26.5
36.0
25.75,26.75,27.75,27.75,26.25,26.5,27.5,27.25,26.5,27.0,28.75,28.5,26.75,26.25,26.5,26.25,27.0,26.75,28.25,27.75,26.25,26.5,26.25,26.5,26.5,26.5,28.25,28.0,26.25,26.25,26.5,26.25,27.0,26.25,27.5,27.25,26.25,26.25,26.5,26.25,27.0,26.5,27.0,26.5,25.75,26.25,26.0,26.25,26.5,26.5,26.5,26.25,26.25,26.25,26.25,26.5,26.5,26.0,26.5,26.75,25.75,25.5,25.5,26.5
37.0
26.5,26.75,28.0,28.0,26.75,26.75,27.25,27.0,27.0,27.0,28.5,29.0,27.0,26.5,26.5,26.5,27.5,27.0,28.5,28.0,26.75,26.75,27.0,26.25,26.5,27.0,28.5,28.25,26.5,26.25,26.0,26.25,27.0,26.5,27.75,27.0,26.75,26.5,26.5,26.75,26.75,26.75,27.25,26.75,26.25,26.5,26.0,26.0,26.0,27.0,26.5,26.0,26.25,26.5,25.75,26.25,26.5,26.0,26.25,26.5,25.5,26.0,26.25,26.0
38.0
26.25,26.75,27.75,27.75,26.5,26.75,27.5,26.5,26.25,27.25,28.75,28.5,26.75,26.5,26.25,26.0,27.5,26.75,28.25,28.0,26.5,26.25,26.5,26.5,26.75,26.5,28.5,28.0,26.25,26.0,25.75,26.25,26.75,26.75,27.75,27.0,26.25,26.0,26.75,26.5,26.75,26.5,26.75,26.75,26.0,26.25,26.25,26.25,26.75,26.5,26.5,26.0,26.25,26.0,26.25,25.75,26.25,26.0,26.25,26.0,26.0,25.75,25.75,26.5
39.0
26.25,27.25,28.0,28.25,26.75,26.75,27.75,26.75,26.75,27.0,28.5,28.75,26.75,26.75,26.5,26.5,26.5,26.5,28.25,28.0,26.75,26.75,26.5,26.25,26.5,27.0,28.5,28.0,26.25,26.5,26.5,26.5,26.75,26.25,27.5,27.0,26.75,26.25,26.5,26.75,26.75,26.5,26.75,26.25,25.75,26.25,26.0,26.0,26.25,26.5,26.0,26.5,26.25,26.25,26.0,26.0,26.25,25.75,26.0,26.25,26.0,26.0,26.0,26.0
40.0
26.25,27.0,28.5,27.5,26.5,26.5,27.25,26.75,26.5,26.5,28.5,28.25,26.75,26.5,26.25,26.25,26.75,27.0,28.25,28.0,26.75,26.25,26.0,26.25,26.5,26.5,28.5,28.25,26.75,26.0,26.5,26.5,26.75,26.75,27.25,26.75,26.25,26.25,26.25,26.5,26.25,26.75,26.75,27.0,26.0,26.25,26.0,25.75,26.5,26.75,26.0,26.25,26.0,26.75,25.75,26.0,26.75,26.0,26.0,26.0,26.0,26.25,26.0,26.25
41.0
26.5,27.25,28.25,27.75,27.0,26.0,27.25,26.75,26.5,26.75,28.75,28.5,27.25,26.25,26.25,26.25,26.0,26.75,28.0,28.25,26.5,26.75,26.25,26.5,26.0,26.75,28.5,28.0,26.25,26.5,26.5,26.5,26.75,27.0,27.75,27.5,26.25,26.5,26.5,26.75,27.0,26.25,26.75,26.75,26.0,26.5,26.25,26.25,26.25,26.25,26.5,26.25,26.25,26.5,25.5,25.75,26.5,26.0,26.25,26.0,26.25,26.25,25.75,26.5
42.0
26.25,26.5,27.75,27.75,27.0,26.25,27.5,27.0,26.75,27.0,28.5,28.75,27.0,26.5,26.25,26.5,26.5,26.75,28.25,27.75,26.5,26.5,26.5,26.0,26.5,26.75,28.5,28.25,26.75,25.75,26.25,26.5,26.5,27.0,27.5,26.75,26.25,26.75,26.25,26.75,27.0,26.75,27.0,26.5,26.0,26.25,26.0,25.75,26.25,26.75,26.25,26.0,26.5,26.0,25.75,26.25,26.0,26.25,26.25,26.5,25.75,26.0,25.75,26.0
43.0
26.75,26.5,28.0,27.5,26.75,26.75,27.5,26.75,26.5,26.75,28.5,29.5,27.25,26.25,26.5,26.25,26.75,27.0,28.25,28.0,27.0,26.5,26.25,26.5,26.25,26.5,28.25,28.25,26.25,26.25,26.0,26.75,26.75,26.5,27.5,27.25,26.5,26.75,26.25,26.25,26.5,26.75,27.0,26.75,25.75,26.25,25.75,25.75,26.5,26.5,25.75,26.0,26.5,26.0,26.25,26.5,26.75,26.25,25.75,26.25,26.25,25.75,26.0,27.0
44.0
26.5,26.75,27.75,27.75,26.75,26.5,27.5,26.75,26.5,26.75,28.75,29.0,27.0,26.0,26.5,26.25,26.5,27.0,28.5,27.75,26.5,26.5,25.75,26.25,26.75,26.25,28.5,28.0,26.5,25.75,26.25,26.5,27.0,26.5,27.75,27.25,26.25,26.75,26.25,26.0,26.75,26.75,26.75,26.75,26.0,26.0,25.75,26.0,26.25,26.75,26.25,26.25,25.75,26.25,26.25,26.0,26.25,26.0,26.5,26.0,25.5,25.75,25.5,26.75
45.0
26.0,26.75,27.75,27.5,26.5,26.5,27.5,26.25,26.5,27.0,28.5,28.75,26.5,26.5,26.5,26.0,26.5,26.5,28.25,27.5,26.5,26.25,26.25,25.75,26.75,26.75,28.25,28.0,26.5,26.0,26.5,26.75,26.75,26.25,27.5,27.0,26.25,26.5,26.5,26.5,26.5,26.25,26.75,27.0,26.0,26.0,26.25,26.0,26.25,26.5,26.0,26.25,26.25,26.0,26.25,26.25,26.25,26.5,26.0,26.75,26.25,25.75,25.75,26.5
46.0
26.0,26.75,27.75,27.5,26.5,26.5,27.5,26.25,26.5,27.0,28.5,28.75,26.5,26.5,26.5,26.0,26.5,26.5,28.25,27.5,26.5,26.25,26.25,25.75,26.75,26.75,28.25,28.0,26.5,26.0,26.5,26.75,26.75,26.25,27.5,27.0,26.25,26.5,26.5,26.5,26.5,26.25,26.75,27.0,26.0,26.0,26.25,26.0,26.25,26.5,26.0,26.25,26.25,26.0,26.25,26.25,26.25,26.5,26.0,26.75,26.25,25.75,25.75,26.5
47.0
26.25,26.75,27.75,27.5,27.0,26.25,27.25,26.75,27.0,26.75,28.5,28.75,27.25,26.5,26.25,26.5,27.0,26.75,28.25,28.0,26.75,26.25,26.25,26.0,26.0,26.5,28.5,27.75,26.5,26.25,26.25,26.5,26.75,26.75,27.5,27.0,26.0,26.25,26.25,26.5,26.75,26.5,26.75,26.5,26.5,26.0,25.75,26.0,26.75,26.5,25.75,25.75,26.25,26.25,25.75,26.25,26.0,26.0,26.25,25.75,26.5,25.75,25.75,26.5
48.0
26.5,26.75,28.0,27.25,26.5,26.5,27.75,26.0,26.25,27.0,28.5,28.75,26.75,26.25,26.0,26.25,26.5,26.5,28.0,28.25,26.5,26.5,26.5,26.25,26.25,26.75,28.5,28.25,26.5,25.75,26.25,26.0,26.75,26.0,27.5,26.75,26.0,26.5,26.5,26.25,27.0,27.0,27.0,26.75,26.0,26.25,25.75,26.0,27.0,27.0,26.5,26.5,26.25,26.5,25.75,26.0,25.75,26.25,26.0,26.25,25.5,25.75,25.75,26.5
49.0
26.25,27.0,28.0,27.25,26.75,26.0,27.25,26.25,26.5,27.0,28.75,28.75,26.75,26.25,26.25,26.25,26.75,26.75,28.25,28.25,26.5,26.5,26.0,26.25,26.5,26.75,28.5,28.0,26.5,26.5,26.25,26.75,27.25,26.25,27.5,27.25,26.0,26.5,26.75,26.25,26.75,26.75,26.75,26.5,26.25,26.5,25.75,25.75,26.75,26.75,26.0,26.5,26.25,26.25,25.75,26.25,26.0,26.25,26.0,26.5,26.0,25.75,25.5,26.5
50.0
26.0,26.75,27.75,27.5,26.5,25.75,27.25,26.75,26.25,27.0,29.0,29.25,26.75,26.0,26.0,26.25,26.5,26.5,28.5,28.0,26.75,26.25,26.25,26.0,26.25,27.0,28.25,28.0,26.25,25.75,25.75,26.25,26.5,26.5,27.5,26.75,26.25,26.25,26.5,26.75,26.5,26.75,26.75,26.75,25.5,26.25,26.5,25.75,26.75,26.5,26.0,26.0,26.5,26.0,25.75,26.0,26.0,26.75,26.0,26.25,26.0,25.75,26.25,26.5
51.0
26.25,26.75,27.25,27.0,26.0,26.0,27.25,26.5,26.25,26.75,28.5,28.75,26.5,26.25,25.75,26.25,26.5,26.25,28.25,27.75,26.25,26.25,26.25,26.0,26.25,26.5,28.5,28.25,26.5,26.0,26.25,26.25,26.25,26.75,27.5,26.75,26.5,26.0,26.25,26.25,27.0,26.5,26.5,26.5,25.5,26.0,26.0,26.25,26.25,26.5,26.25,26.0,26.25,26.0,25.75,26.0,25.5,26.0,26.0,26.0,26.0,25.75,25.75,26.75
52.0
26.5,26.75,27.5,27.0,27.0,26.25,27.5,26.75,26.5,26.75,29.0,29.25,27.0,26.25,26.75,26.25,26.5,26.25,28.5,28.0,26.5,26.25,26.25,26.25,26.5,27.0,28.25,28.0,26.5,25.75,26.25,26.0,27.0,26.5,27.75,27.0,26.5,26.5,26.5,26.5,26.75,26.75,27.0,26.75,26.0,26.5,25.75,26.0,26.5,26.25,26.0,25.75,26.5,26.5,25.75,26.0,26.5,26.25,26.5,26.0,26.0,25.25,26.25,26.75
53.0
26.75,26.75,27.25,27.25,26.5,26.25,27.25,26.5,26.25,26.75,28.75,28.75,26.75,26.0,26.25,26.0,26.75,26.5,28.0,28.0,26.0,26.25,26.25,26.25,26.0,26.75,28.5,28.0,26.75,26.0,26.25,26.25,26.75,26.25,27.25,27.25,26.25,26.25,26.0,26.75,27.0,26.5,26.75,26.75,26.25,26.0,26.0,25.75,26.5,27.0,26.0,26.25,26.25,26.0,26.0,26.5,26.0,26.25,26.0,26.25,26.25,25.75,25.5,26.25
54.0
26.5,26.75,27.5,27.25,26.5,26.5,27.0,26.75,26.75,27.0,28.5,28.5,26.75,26.0,26.25,25.75,26.75,26.75,28.75,27.75,26.5,26.75,26.25,26.25,26.75,26.75,28.5,28.25,26.75,26.5,26.5,26.0,26.75,26.5,27.5,27.0,26.25,26.25,26.5,26.5,27.0,27.0,27.0,26.75,26.5,26.5,26.25,26.0,26.5,26.5,26.0,26.0,26.5,26.0,25.5,26.0,26.0,26.25,26.25,26.75,26.0,26.0,25.75,26.25
55.0
26.75,26.5,27.5,26.75,26.25,26.0,27.5,26.75,26.75,27.0,28.75,28.75,26.75,26.25,26.25,26.25,26.75,26.75,28.25,28.0,26.25,26.5,26.5,26.0,26.0,26.75,28.25,28.0,26.5,25.75,26.5,26.25,26.0,26.5,27.25,27.0,26.25,26.0,26.25,26.5,27.0,26.5,27.0,26.5,26.25,26.5,26.0,25.75,26.75,26.75,26.25,26.25,26.5,26.0,26.0,26.25,26.25,26.25,26.25,26.75,26.25,26.0,26.0,26.0
56.0
26.75,26.75,27.5,27.25,26.75,26.25,27.0,27.0,26.5,27.0,28.75,28.5,27.0,26.25,26.25,26.5,26.75,26.25,28.25,27.75,26.75,26.25,26.5,26.0,26.25,26.5,28.75,28.0,26.0,25.75,26.0,26.5,26.25,26.75,27.75,26.75,26.25,26.5,25.75,26.5,26.5,26.75,26.75,26.5,26.0,26.0,26.25,26.25,26.75,26.5,26.25,26.0,26.25,26.0,25.75,26.0,26.25,25.5,25.75,26.25,26.0,25.5,25.5,26.5
57.0
26.0,26.75,27.5,27.0,26.25,26.0,26.75,26.5,26.75,27.0,28.75,28.75,26.5,26.25,26.0,26.25,26.5,26.5,28.25,28.0,26.5,26.5,26.5,26.25,26.25,27.0,28.25,28.0,26.25,26.0,26.0,26.25,26.75,26.0,27.25,27.0,26.25,26.5,25.75,26.25,26.75,26.5,27.0,26.5,26.0,26.25,25.75,25.75,26.5,26.5,26.0,26.0,26.0,26.25,25.5,26.25,26.75,25.75,26.5,26.25,26.25,26.25,25.5,26.25
58.0
26.5,27.0,27.75,27.0,26.25,26.5,27.5,27.0,26.75,27.0,28.75,29.0,26.75,26.25,26.0,26.25,27.0,27.0,28.5,28.25,26.75,26.75,26.5,25.75,26.25,26.75,28.5,28.0,26.0,26.0,26.25,26.5,26.75,26.75,27.75,26.75,26.25,26.5,26.5,26.25,26.75,26.5,26.5,26.75,26.0,26.0,26.0,25.75,26.5,26.5,26.5,25.75,26.5,26.5,26.0,26.0,26.25,26.0,26.25,26.25,25.75,25.75,25.75,26.25
59.0
26.75,27.0,27.75,27.25,26.75,26.25,27.25,27.25,26.75,27.5,28.5,28.75,26.5,26.75,26.25,26.75,26.75,26.5,28.0,27.75,26.25,26.75,26.25,26.0,26.25,26.25,28.25,28.25,26.75,26.5,26.5,26.25,26.5,26.5,27.5,26.75,26.5,26.5,26.5,25.75,27.0,26.75,27.0,26.75,26.0,26.5,26.0,25.75,26.25,26.75,26.0,26.0,26.0,26.25,25.75,26.25,26.0,26.0,26.0,26.0,26.0,25.75,25.75,26.75
60.0
26.25,27.0,27.75,27.0,26.75,26.5,27.25,26.75,26.75,27.0,28.75,28.5,27.0,26.5,26.75,26.5,26.5,26.75,28.25,28.0,26.25,26.25,26.5,26.25,26.0,26.5,28.5,28.0,26.5,26.0,26.0,26.25,26.75,26.5,27.5,26.75,26.5,26.25,26.5,26.25,26.75,26.5,27.0,26.75,26.0,26.0,26.0,25.75,26.25,26.75,26.0,26.0,26.25,26.25,25.5,26.25,26.25,26.25,25.75,25.75,25.75,26.25,25.5,25.75
61.0
26.5,26.75,27.75,27.5,26.75,26.25,27.5,26.75,26.75,27.0,29.0,29.0,27.0,26.75,26.25,26.25,26.75,27.0,28.25,27.75,26.25,26.25,26.25,26.25,26.5,26.75,28.5,28.25,26.5,26.25,26.5,26.25,26.5,26.25,27.5,27.0,25.75,26.25,26.25,26.5,27.0,26.75,26.75,26.5,26.25,26.5,26.0,25.75,26.75,26.75,26.25,26.5,26.0,26.0,26.0,26.0,26.25,26.25,26.75,26.5,26.5,26.0,25.75,26.25
62.0
26.0,26.75,27.5,27.25,26.75,26.25,27.75,26.75,26.25,27.25,28.75,28.75,26.5,26.25,26.5,26.75,27.0,27.0,28.25,28.25,26.5,26.0,26.25,26.75,26.5,26.75,28.75,28.0,26.75,26.25,26.25,26.5,26.5,26.75,28.0,27.0,26.75,26.25,26.5,26.25,27.0,26.75,27.0,27.0,26.0,26.5,26.0,25.75,26.5,26.75,26.0,26.5,26.5,26.75,26.0,26.25,26.5,26.5,26.5,26.5,26.25,25.75,25.75,26.0
63.0
26.25,26.5,27.75,27.0,26.5,26.75,27.25,26.5,26.5,27.25,28.75,28.75,26.5,26.5,26.75,26.25,26.5,26.5,28.0,28.0,26.5,26.25,26.75,26.5,26.25,26.75,28.75,28.0,26.25,26.25,26.25,26.75,27.0,26.25,27.75,27.25,26.5,26.75,26.25,26.75,26.5,26.5,27.0,26.75,25.5,26.25,26.25,26.0,26.75,26.75,26.0,26.0,26.0,25.75,25.75,25.75,25.75,26.75,26.25,26.0,26.25,26.0,26.0,26.0
64.0
26.5,27.25,27.25,27.25,26.5,26.5,27.25,26.5,26.5,27.0,29.25,29.0,27.25,26.25,26.5,26.25,26.75,26.75,28.5,28.25,26.75,26.75,26.5,25.75,26.5,26.75,28.75,28.25,26.25,26.25,26.0,26.75,26.75,26.75,27.75,27.0,26.5,26.25,26.25,26.5,27.0,26.75,27.0,26.75,26.0,26.25,26.25,26.25,26.25,26.75,26.0,26.0,26.5,26.5,26.25,26.25,26.75,26.25,25.75,26.25,25.75,26.25,25.25,26.25
65.0
26.5,27.0,27.75,27.25,26.75,26.25,27.5,26.5,26.25,26.75,29.0,29.25,27.0,26.5,26.5,26.5,26.5,27.25,28.25,28.0,26.5,26.5,26.75,26.0,26.75,26.75,28.75,28.0,26.5,26.0,26.75,26.25,26.75,26.75,27.25,27.5,26.25,26.5,26.5,26.75,26.75,26.75,27.0,26.75,26.0,26.75,26.25,25.75,26.75,26.5,25.75,26.5,26.5,26.5,26.0,26.25,26.5,26.0,26.25,26.5,26.0,26.0,25.5,27.0
66.0
26.0,26.25,28.0,27.25,26.75,26.25,27.5,27.25,26.75,26.5,28.75,28.75,27.0,26.75,26.5,26.5,27.0,26.5,28.25,27.75,26.75,26.25,26.25,26.25,26.5,27.0,28.75,28.0,26.5,26.25,26.25,26.75,27.0,26.5,27.5,27.25,26.25,26.5,26.5,26.75,27.0,26.75,27.5,26.75,26.0,26.0,26.25,26.25,26.75,26.5,26.25,26.25,26.5,26.5,26.0,26.0,25.75,26.0,26.5,26.5,26.25,26.0,26.0,26.5
67.0
26.0,27.0,27.75,27.25,26.75,26.75,27.25,27.0,27.0,27.25,29.0,29.0,27.0,26.0,26.75,26.75,27.25,26.5,28.25,28.25,26.5,26.25,26.5,26.25,26.0,27.25,28.5,28.0,26.5,26.25,26.25,26.5,26.75,27.0,27.5,27.25,26.25,26.75,26.5,26.75,26.75,26.5,27.25,27.0,26.25,26.5,26.0,26.0,27.0,26.5,26.0,26.5,26.25,26.25,25.75,26.5,26.25,26.25,26.25,26.75,26.25,25.5,26.0,26.5
68.0
26.5,26.5,28.0,27.25,26.75,26.5,27.25,26.75,26.5,26.75,29.0,28.75,27.0,26.25,26.5,26.25,26.75,26.5,28.25,27.75,26.5,26.5,26.25,26.5,26.25,27.0,28.75,28.25,26.5,26.25,26.25,26.0,26.75,26.5,27.75,27.25,26.25,26.75,26.0,26.5,26.75,26.75,27.0,26.5,26.75,26.25,26.5,25.5,26.5,26.75,26.25,26.25,26.25,26.25,25.75,26.0,26.25,26.5,26.25,26.25,25.75,25.75,25.5,26.25
69.0
26.5,27.0,27.5,27.0,27.0,26.25,27.25,27.25,26.5,27.25,28.75,28.75,26.75,26.0,26.5,26.5,26.5,26.75,28.25,27.75,27.0,26.75,26.75,26.0,26.25,27.0,28.5,28.25,26.5,26.5,26.0,26.75,26.5,26.5,27.75,27.0,26.75,26.0,26.75,26.75,27.0,26.75,27.0,26.5,26.5,26.5,26.25,25.75,26.0,26.75,26.25,26.25,26.0,26.5,26.0,26.25,26.25,25.5,26.0,26.0,26.0,25.25,25.5,26.25
70.0
27.0,27.0,27.75,27.25,26.75,26.5,28.0,27.0,26.75,27.25,29.25,29.0,27.0,26.5,26.5,26.75,26.75,26.25,28.25,28.0,26.5,26.25,26.75,26.0,26.5,27.0,28.75,28.0,26.75,26.5,26.5,26.5,26.75,26.5,27.75,26.75,26.75,26.5,26.5,26.5,26.75,27.0,27.5,26.5,26.5,26.25,26.5,25.75,26.75,26.75,26.75,26.0,26.25,26.0,26.0,26.5,26.5,26.5,26.75,26.5,26.75,26.25,26.0,26.5
71.0
26.5,27.25,27.75,27.5,26.75,26.25,27.25,27.0,26.5,26.75,28.75,29.0,27.25,26.75,26.75,26.5,27.0,27.0,28.0,28.0,26.75,26.5,26.0,26.25,26.5,27.0,28.75,28.5,26.5,26.25,26.25,26.5,27.0,26.5,28.0,26.75,26.5,26.75,26.75,26.75,26.75,26.75,26.75,27.0,26.25,26.75,26.25,26.0,26.5,26.75,26.25,26.25,26.5,26.25,25.75,26.0,26.25,26.25,26.5,26.5,26.25,25.75,26.0,26.5
72.0
26.25,27.0,27.75,27.25,27.0,26.5,27.5,26.5,26.5,27.0,29.25,29.25,27.0,26.25,26.25,26.5,27.0,26.75,28.5,27.75,26.75,26.25,26.5,26.0,26.75,26.75,28.75,28.25,26.25,26.0,26.25,26.5,27.0,27.0,27.75,27.25,26.75,26.5,26.5,26.5,26.75,27.0,27.0,26.75,26.25,26.5,26.25,26.0,26.5,26.75,26.5,26.5,26.5,26.0,25.75,26.5,26.5,26.5,26.0,26.0,26.0,26.0,26.0,26.75
73.0
26.75,27.0,28.0,27.0,26.5,26.0,27.5,27.0,26.75,26.75,29.0,28.75,27.0,26.75,26.25,26.25,27.0,27.0,28.5,28.25,26.75,26.75,26.5,26.75,26.25,26.75,29.0,27.75,26.25,25.75,26.5,26.5,27.0,26.5,27.75,27.25,26.5,26.25,26.5,26.5,26.75,26.5,27.25,26.75,26.25,26.5,26.25,26.0,26.75,26.75,26.75,26.0,26.5,26.0,26.25,26.0,27.0,26.0,26.75,26.25,26.5,25.75,25.75,26.25
74.0
26.5,26.75,27.5,27.25,26.75,26.25,27.0,26.75,26.75,27.0,29.0,29.0,27.0,26.25,26.5,26.0,27.25,26.75,28.75,28.0,26.75,26.75,26.5,26.25,26.75,26.75,28.75,28.0,26.5,26.5,26.25,26.75,26.75,26.75,27.75,27.25,26.5,26.25,26.25,26.5,27.25,27.0,27.5,27.0,26.5,26.5,26.25,26.25,26.75,27.0,26.5,26.5,26.25,26.25,25.75,27.0,26.75,26.75,26.75,26.25,26.5,26.25,25.75,26.25
75.0
27.0,27.0,28.0,27.5,26.5,26.5,27.25,27.25,26.75,27.5,29.0,29.0,27.0,26.0,26.75,26.5,26.75,26.25,28.5,28.0,26.75,26.75,26.25,26.0,26.25,26.5,29.0,28.0,26.5,26.25,26.25,26.0,26.25,26.75,27.75,27.25,26.25,26.25,26.0,26.5,26.5,26.5,27.0,26.75,26.25,26.5,26.25,26.0,26.5,26.5,26.25,26.25,26.5,26.25,25.75,26.75,26.25,26.25,26.25,26.5,26.0,25.75,26.5,26.75
76.0
27.25,27.0,28.0,27.5,26.5,26.5,27.75,27.0,26.75,27.25,29.0,29.0,26.75,26.75,26.0,26.5,27.25,26.5,28.75,28.0,27.0,26.5,26.75,26.25,26.5,27.0,28.75,28.25,26.5,26.0,26.25,26.75,26.5,27.0,27.75,27.25,26.75,26.75,26.75,26.25,27.0,26.75,27.25,27.0,26.25,26.75,26.0,26.0,26.75,27.0,26.5,26.25,26.5,26.5,25.75,26.0,26.5,26.25,26.25,26.5,26.5,26.25,26.0,26.75
77.0
26.5,26.75,27.75,27.25,26.5,26.75,27.25,27.0,27.25,27.5,29.25,29.0,27.25,26.5,26.5,26.5,27.0,26.75,28.5,28.25,26.75,26.75,26.25,26.0,26.5,26.75,28.75,28.25,26.75,26.25,26.5,26.75,26.75,26.75,27.5,27.25,26.5,26.5,26.5,26.75,27.25,27.0,27.0,27.25,26.0,26.25,26.25,26.25,26.25,26.75,26.0,26.5,26.25,26.25,26.0,26.25,26.25,26.5,26.5,26.5,26.0,26.0,26.25,26.75
78.0
27.0,27.25,27.5,27.0,27.0,26.5,27.5,27.25,26.75,26.75,29.25,29.0,27.0,26.75,26.5,27.0,27.25,27.25,28.75,28.0,26.75,26.75,26.75,26.5,26.75,27.25,28.75,28.5,26.5,26.0,26.75,26.5,26.75,26.25,27.75,27.0,26.0,26.75,26.75,26.5,27.0,26.75,27.0,26.75,26.25,26.25,26.25,26.0,26.75,26.75,26.5,26.25,26.5,26.75,25.5,27.0,26.5,26.75,26.0,26.5,26.5,26.5,26.0,26.25
79.0
26.75,27.0,27.75,27.25,26.75,26.5,27.25,27.0,26.75,27.0,28.75,28.75,27.25,26.5,26.5,26.5,27.5,26.75,28.75,28.25,26.5,26.75,26.25,26.25,27.0,27.0,29.0,28.0,26.5,26.5,26.25,26.5,26.5,26.5,27.75,27.0,26.5,26.75,26.5,26.5,27.0,26.75,27.25,26.75,26.75,26.0,25.75,26.25,26.75,26.5,26.25,26.5,26.25,26.25,26.25,26.25,26.25,25.75,26.25,26.25,26.0,26.0,26.5,26.75
80.0
26.75,27.0,28.0,26.75,27.0,26.75,27.75,26.5,27.0,26.75,29.0,28.75,27.0,26.75,26.25,26.25,27.0,27.0,28.5,28.0,26.5,27.0,26.25,26.25,26.75,27.0,28.75,28.0,26.25,26.25,26.25,26.5,27.25,26.75,27.5,27.25,26.25,26.0,26.25,26.75,27.0,26.75,26.75,26.75,26.0,26.75,26.0,26.0,26.25,27.0,26.25,26.5,27.0,26.0,25.75,26.25,26.25,26.25,25.75,26.5,26.5,26.0,25.75,26.25
81.0
26.25,26.5,27.5,27.5,26.25,26.25,27.5,26.5,26.5,27.25,28.75,29.0,27.0,26.5,26.25,26.25,26.5,26.5,28.5,28.0,26.5,26.75,26.0,26.25,26.0,26.75,28.75,28.25,26.75,26.0,26.25,26.5,26.75,26.25,27.5,27.25,26.25,26.5,26.0,26.75,26.75,26.75,27.0,27.0,26.25,26.25,26.0,26.5,26.25,26.75,26.25,26.5,26.25,26.0,25.75,26.25,26.5,26.25,26.0,26.5,26.0,26.0,25.5,26.5
82.0
26.25,26.75,27.5,27.25,27.0,26.75,27.0,26.5,26.5,27.0,29.25,28.75,26.25,26.25,26.5,26.75,26.75,26.75,28.75,27.75,27.0,26.25,26.5,26.0,26.5,27.0,28.5,27.75,26.0,26.25,26.25,26.25,26.5,26.25,27.5,27.0,26.5,26.25,26.0,26.5,27.0,26.75,26.5,26.75,26.5,26.75,26.0,25.75,26.25,26.5,26.25,26.5,26.25,26.25,25.75,26.5,26.75,26.25,25.75,26.0,26.25,25.75,26.0,26.5
83.0
26.75,26.75,27.75,27.25,27.0,26.25,27.5,26.75,26.25,27.0,29.0,28.75,26.75,26.25,26.5,26.5,26.75,26.75,28.25,28.0,26.75,26.75,26.25,26.5,26.25,26.75,28.75,28.25,26.5,26.0,26.25,26.5,26.5,26.5,27.75,27.0,26.5,26.5,26.25,26.5,27.0,26.75,27.0,27.0,26.0,26.25,26.0,26.0,26.75,26.75,26.25,26.25,26.5,25.75,26.0,26.0,26.25,26.25,26.5,26.0,26.25,26.25,25.5,26.75
84.0
26.75,26.75,27.75,27.25,27.0,26.25,27.5,26.75,26.25,27.0,29.0,28.75,26.75,26.25,26.5,26.5,26.75,26.75,28.25,28.0,26.75,26.75,26.25,26.5,26.25,26.75,28.75,28.25,26.5,26.0,26.25,26.5,26.5,26.5,27.75,27.0,26.5,26.5,26.25,26.5,27.0,26.75,27.0,27.0,26.0,26.25,26.0,26.0,26.75,26.75,26.25,26.25,26.5,25.75,26.0,26.0,26.25,26.25,26.5,26.0,26.25,26.25,25.5,26.75
85.0
27.0,26.75,28.25,27.25,26.75,26.5,27.25,27.0,26.75,27.0,28.75,29.0,27.0,26.0,26.25,26.0,27.0,26.75,28.25,28.25,26.5,26.25,26.5,26.25,26.25,26.75,28.75,27.75,26.5,26.25,26.5,26.25,26.5,26.25,27.75,27.25,26.25,26.5,26.5,26.25,27.0,26.75,26.75,27.0,26.25,26.75,26.25,26.5,26.75,26.5,26.5,26.0,26.0,26.25,25.75,26.25,26.5,26.75,25.75,26.25,26.5,26.0,26.0,27.0
86.0
26.75,26.75,28.0,27.5,26.5,26.5,27.25,26.5,27.0,27.25,29.0,29.0,27.0,26.25,26.25,26.0,27.0,26.75,28.5,28.25,26.5,26.5,26.25,26.25,26.5,27.0,28.5,28.0,26.5,26.25,26.5,26.75,26.75,26.5,28.0,27.0,26.5,26.0,26.75,26.25,26.75,26.5,27.0,27.0,26.25,26.0,26.0,26.0,26.75,26.75,26.25,26.25,26.5,26.25,25.5,26.5,26.5,26.75,26.0,26.5,26.25,26.25,25.75,26.75
87.0
26.5,27.0,27.75,27.25,26.75,26.5,27.25,26.75,26.25,26.5,28.75,29.0,27.0,26.75,26.25,26.5,26.25,26.5,28.25,28.0,26.75,26.75,26.0,26.25,26.25,26.5,28.5,27.75,26.5,25.75,26.25,26.5,26.75,26.75,27.75,27.25,26.25,26.25,26.5,27.25,26.75,26.5,27.25,26.5,25.75,26.25,25.75,26.25,26.25,27.0,26.5,26.25,26.0,26.25,26.0,26.0,26.0,26.25,26.5,26.25,26.25,25.75,26.25,27.0
88.0
26.5,27.0,28.0,27.0,27.0,26.5,27.25,27.5,26.5,27.0,29.0,29.0,26.5,26.5,26.25,26.75,27.0,26.75,28.5,27.75,26.5,26.5,26.25,26.5,26.25,26.5,28.75,28.0,26.75,26.0,26.0,26.75,27.0,26.25,27.5,27.0,26.5,26.0,26.5,26.5,27.25,27.0,27.0,26.75,26.0,26.25,26.75,26.0,26.75,27.25,26.25,26.25,26.25,26.25,25.75,26.25,26.5,26.25,26.5,26.0,26.5,26.0,26.0,26.25
89.0
26.25,27.25,27.5,27.25,26.5,26.5,27.0,27.25,27.0,26.5,29.0,29.25,26.75,26.25,26.75,26.5,26.75,27.0,28.25,28.0,26.25,26.5,26.25,26.0,26.5,27.0,28.75,28.0,26.75,26.25,26.5,26.25,26.75,26.75,27.75,27.0,26.5,26.5,26.5,26.25,27.25,26.75,27.0,26.75,26.25,26.25,26.25,25.75,26.75,27.0,26.25,26.25,26.25,26.75,26.0,26.25,26.75,26.25,26.5,26.25,26.25,25.75,25.75,26.0
90.0
26.5,27.0,28.0,27.25,26.75,26.5,27.25,27.0,26.5,27.0,29.0,29.0,27.0,26.5,26.5,26.5,27.0,27.25,28.5,28.0,26.5,26.25,26.5,26.25,26.75,26.75,28.75,28.0,26.5,26.5,26.0,26.5,26.75,26.75,27.75,27.0,26.5,26.25,26.5,26.5,26.75,26.75,27.0,26.75,26.5,26.25,26.0,25.75,26.5,27.0,26.5,26.75,26.0,26.25,25.75,26.25,26.75,26.0,26.5,26.75,26.25,26.25,26.0,26.5
