1.0
26.25,26.5,26.0,25.75,26.25,26.25,27.25,27.25,26.5,26.75,26.75,26.0,26.5,26.0,26.0,26.75,26.75,27.25,28.25,27.25,26.25,26.25,26.25,26.25,26.0,28.0,29.25,28.5,26.25,26.25,26.25,26.5,27.0,26.5,27.0,26.75,26.25,26.5,26.0,26.25,26.75,26.0,26.75,26.5,26.25,26.25,26.0,25.5,26.0,26.25,25.5,26.0,26.0,25.75,25.25,25.25,26.25,26.25,26.25,26.25,25.5,26.0,25.75,25.75
2.0
26.0,26.5,25.75,25.75,26.75,26.0,27.0,26.75,26.5,26.25,26.75,26.25,26.5,26.0,26.0,26.25,26.25,27.0,28.0,27.25,26.25,26.25,26.25,26.0,26.0,27.75,28.75,27.75,26.0,26.25,26.0,26.25,26.5,26.0,26.75,26.5,26.0,26.25,26.25,26.0,26.5,26.25,26.25,26.0,25.75,26.0,26.0,25.75,26.5,26.5,26.0,25.5,26.0,25.75,25.5,25.75,25.75,26.0,25.75,26.0,25.75,26.0,25.75,26.25
3.0
25.75,26.25,26.25,26.25,26.25,26.25,27.5,26.75,26.25,26.5,26.25,26.0,26.5,26.25,26.0,26.5,27.0,27.25,28.25,27.0,26.75,26.25,26.25,26.25,26.25,27.75,28.5,28.0,26.25,26.25,26.5,26.25,26.75,27.0,26.75,26.0,26.25,26.25,26.0,26.5,26.75,26.25,26.5,26.25,26.0,26.25,25.75,25.75,25.75,26.5,26.0,26.25,26.5,26.0,25.75,26.0,26.75,26.25,26.0,26.5,26.25,25.75,25.25,25.75
4.0
26.75,26.25,26.25,25.75,26.25,26.5,27.5,27.0,26.0,26.25,26.25,25.75,26.25,26.0,26.0,26.0,26.5,27.25,28.25,27.0,26.5,26.25,26.0,26.0,26.75,27.75,28.5,27.5,26.0,26.0,26.0,26.25,26.75,26.25,27.0,26.25,25.75,26.5,26.75,26.75,26.75,26.0,26.5,26.25,26.0,26.25,25.75,25.25,26.5,26.5,26.25,26.0,25.75,26.25,25.75,25.75,26.25,26.0,26.0,26.0,25.75,25.5,25.5,26.0
5.0
26.25,26.5,26.25,25.75,25.75,26.0,27.5,27.0,26.25,26.0,26.25,26.25,26.5,26.25,26.75,25.75,26.5,27.0,27.75,27.25,26.25,26.0,26.25,26.25,26.0,27.75,28.25,27.25,26.0,25.75,26.0,26.25,27.0,26.0,26.25,26.25,26.0,26.0,26.25,26.5,26.5,26.25,26.25,26.0,26.0,26.0,26.0,25.5,26.75,26.25,25.75,25.75,26.25,26.0,25.75,26.25,26.25,26.0,26.5,26.25,26.25,25.5,25.75,25.75
6.0
26.25,26.0,26.0,26.0,26.0,26.25,27.0,27.0,26.5,26.5,26.0,26.5,26.25,26.0,25.75,26.25,26.5,27.0,28.25,27.0,26.5,26.5,26.25,26.0,26.75,27.25,28.25,27.25,26.25,25.75,26.0,26.25,26.75,26.0,26.5,26.0,25.75,26.0,26.25,26.0,26.75,26.5,26.75,26.75,25.75,26.0,25.75,25.5,26.5,26.5,26.0,25.75,26.0,26.0,25.5,25.25,26.0,26.0,26.25,26.25,25.75,25.75,25.5,25.5
7.0
26.25,26.25,26.25,26.0,26.25,25.75,27.25,27.5,26.75,26.25,26.75,26.0,26.5,25.75,26.25,26.5,26.5,27.25,28.25,27.25,26.25,26.5,26.5,26.0,26.5,27.5,28.5,27.75,26.75,26.25,26.25,26.0,27.0,26.0,26.75,26.0,26.25,26.0,26.25,26.25,27.0,26.25,26.75,26.25,26.0,26.0,25.75,25.5,26.0,26.25,26.0,26.0,26.25,26.0,25.75,25.25,26.25,26.25,26.25,26.0,26.0,25.75,25.75,26.0
8.0
26.0,26.5,26.5,26.0,26.25,26.0,27.25,27.25,26.25,26.75,26.5,26.5,26.5,26.5,26.0,26.25,26.5,27.25,28.25,27.5,26.5,26.75,26.0,26.0,26.25,28.0,28.5,27.75,26.25,26.25,26.0,26.75,26.75,26.0,27.0,26.25,26.25,26.5,26.25,26.5,26.75,26.0,26.75,26.5,26.0,26.25,26.25,25.25,26.25,26.5,25.75,26.0,26.0,26.25,26.5,25.75,26.0,25.25,25.75,26.5,25.75,25.75,25.75,25.75
9.0
26.0,26.25,26.25,25.75,26.25,26.5,27.25,27.25,26.25,26.5,26.5,26.25,26.25,26.25,26.0,26.0,26.75,27.0,28.75,27.5,26.5,26.25,26.0,26.0,26.5,28.0,28.5,28.0,25.75,25.75,26.25,26.5,26.75,26.5,27.0,26.5,26.5,26.0,26.0,26.5,26.75,26.5,26.75,26.75,25.75,26.0,26.0,25.75,26.25,26.25,25.5,25.75,26.25,26.0,25.75,25.25,26.25,26.0,26.0,26.5,26.0,26.0,25.5,26.0
10.0
25.75,26.25,26.0,25.5,26.5,26.0,27.5,26.5,26.0,26.5,26.5,26.0,26.25,26.0,26.5,26.25,26.25,27.0,28.25,27.0,26.25,26.0,26.0,25.75,26.0,27.75,28.25,27.5,26.0,25.75,26.25,26.25,26.5,26.0,27.0,26.0,26.25,26.25,26.0,27.0,26.75,26.0,26.25,26.25,26.0,26.25,25.75,25.75,26.5,26.0,26.0,25.75,25.75,25.75,25.75,26.25,26.25,25.75,25.75,26.25,25.5,25.75,25.75,25.5
11.0
25.75,26.5,25.75,25.75,26.0,26.0,27.25,27.0,26.0,26.5,26.75,26.25,26.25,25.75,26.25,26.25,26.75,27.0,28.0,27.0,25.75,25.75,26.0,25.75,26.75,27.5,28.5,28.0,26.0,25.75,26.0,26.25,26.75,26.5,27.25,26.0,25.75,26.0,26.25,26.25,26.5,26.5,26.75,26.25,25.5,26.0,25.75,25.5,26.25,26.5,26.0,25.75,26.5,26.0,25.75,25.25,26.25,25.5,25.75,25.75,26.0,25.25,25.5,26.0
12.0
25.75,26.5,26.25,26.0,26.25,26.25,27.25,27.0,26.5,26.25,26.75,26.25,26.5,26.0,26.25,26.25,26.5,27.0,28.25,27.5,26.25,26.0,26.5,26.0,26.0,28.25,29.0,28.25,26.25,26.0,26.0,26.25,26.5,26.25,27.0,26.5,26.0,26.25,26.5,26.0,26.75,26.0,26.5,26.25,25.75,26.0,25.75,25.75,26.0,26.25,26.5,25.75,26.0,25.75,25.75,25.5,26.5,26.0,26.0,26.25,26.5,26.25,25.25,26.0
13.0
26.0,26.5,26.5,25.75,26.0,26.5,27.25,27.25,25.75,26.25,26.5,26.5,26.25,26.25,25.75,26.25,27.0,27.0,28.0,27.25,26.25,26.25,26.0,26.0,26.5,27.75,28.5,28.0,26.25,25.75,25.75,26.5,26.75,26.25,26.75,26.25,26.0,26.0,26.5,26.25,26.5,26.25,26.5,26.5,25.75,26.25,25.75,25.5,26.5,26.25,25.5,26.0,26.25,26.0,25.5,25.5,26.0,26.5,26.0,26.0,26.0,25.75,25.75,25.75
14.0
26.25,26.25,26.25,25.75,26.0,26.0,27.5,27.25,26.75,26.5,26.5,26.0,26.0,26.5,26.25,26.5,26.75,27.0,28.0,27.5,26.25,26.25,26.25,25.75,26.5,27.75,28.25,27.75,26.25,26.25,26.25,26.5,26.5,26.5,26.5,26.25,26.75,26.0,26.25,26.25,26.25,26.25,26.75,26.5,26.25,26.0,25.75,25.25,26.75,26.5,26.0,25.75,26.25,26.25,25.5,25.5,26.5,25.75,26.25,25.75,25.75,26.0,25.5,25.75
15.0
26.25,26.5,26.25,26.25,26.25,26.25,27.0,27.25,26.75,26.0,26.75,26.25,26.75,26.25,26.75,26.0,26.5,27.0,28.5,27.25,26.5,26.25,26.25,26.25,26.25,27.75,28.5,27.75,26.25,25.75,26.0,26.0,27.0,26.5,26.5,26.5,26.5,26.0,26.25,26.25,26.5,26.25,26.5,26.5,26.0,26.0,25.75,25.75,26.25,26.5,26.0,26.0,26.0,26.25,26.0,25.75,26.0,26.0,26.0,25.5,25.75,25.25,25.75,26.0
16.0
26.25,26.5,26.25,26.25,26.25,26.25,27.0,27.25,26.75,26.0,26.75,26.25,26.75,26.25,26.75,26.0,26.5,27.0,28.5,27.25,26.5,26.25,26.25,26.25,26.25,27.75,28.5,27.75,26.25,25.75,26.0,26.0,27.0,26.5,26.5,26.5,26.5,26.0,26.25,26.25,26.5,26.25,26.5,26.5,26.0,26.0,25.75,25.75,26.25,26.5,26.0,26.0,26.0,26.25,26.0,25.75,26.0,26.0,26.0,25.5,25.75,25.25,25.75,26.0
17.0
26.0,26.25,26.25,25.5,26.0,25.75,27.75,27.0,26.25,26.5,26.5,26.0,25.75,26.0,25.75,26.25,26.5,27.0,28.25,27.5,26.25,26.0,26.25,25.5,26.0,27.75,28.5,27.5,26.5,25.75,26.0,26.25,26.5,26.5,27.0,26.25,26.0,26.25,26.5,26.25,26.0,26.5,26.5,26.25,26.0,25.75,26.0,25.75,25.75,26.5,25.75,25.75,26.25,25.75,25.5,25.5,26.0,26.0,26.0,26.25,26.0,25.5,25.75,25.75
18.0
26.0,26.5,26.0,25.75,26.5,26.25,27.25,27.0,26.0,26.25,26.5,26.25,26.25,25.75,26.5,26.0,26.75,26.5,28.25,27.5,26.5,26.0,26.0,26.0,26.25,27.25,28.25,27.75,26.0,26.0,26.0,26.25,26.5,26.5,26.75,26.25,26.25,26.25,26.25,26.0,26.5,26.25,26.5,26.25,25.75,25.75,26.25,25.5,26.0,26.5,25.75,26.25,26.0,25.75,25.5,25.5,26.5,25.5,26.0,26.5,25.75,25.75,25.75,25.75
19.0
26.25,26.25,26.25,26.0,26.25,26.25,27.0,26.75,26.5,26.75,26.5,26.75,26.25,25.75,26.25,25.75,27.0,27.25,28.25,27.0,26.5,26.0,26.25,25.75,26.5,28.0,28.25,27.75,26.25,26.0,26.25,25.75,26.5,26.5,26.75,26.5,26.0,26.5,26.0,26.5,26.75,26.0,26.25,26.5,25.75,26.0,25.5,25.5,26.25,26.25,25.75,26.0,26.0,26.25,26.0,25.5,26.0,25.5,26.0,26.25,26.5,25.75,25.25,25.75
20.0
25.75,26.0,25.75,26.0,26.25,26.5,27.5,27.0,26.75,26.5,26.5,26.25,26.75,26.25,26.25,26.5,26.5,27.0,28.25,27.5,26.5,26.25,26.0,25.75,26.25,27.75,28.75,27.75,26.0,26.0,26.0,26.0,27.0,26.5,26.75,26.25,26.25,26.0,26.25,27.0,26.5,26.25,26.75,26.5,26.0,26.25,26.0,26.0,26.0,26.5,26.5,26.0,26.0,25.75,25.75,25.75,26.25,26.25,26.0,26.0,25.75,25.75,25.75,25.75
21.0
26.0,26.5,26.25,25.5,26.25,26.25,27.0,27.0,26.25,26.5,26.5,26.5,26.5,25.75,26.25,26.25,26.5,27.0,28.25,27.25,26.25,26.0,26.0,26.0,26.75,27.75,28.5,27.75,26.25,26.0,26.25,26.0,27.0,26.25,27.0,26.5,26.0,26.25,26.0,26.5,26.5,26.25,26.25,26.5,25.5,26.0,26.0,25.5,25.75,26.5,26.0,25.5,26.25,26.0,25.75,25.25,26.0,26.0,26.0,25.75,26.0,25.75,26.0,25.75
22.0
25.75,26.5,26.0,26.0,26.25,26.0,27.5,27.0,25.75,26.75,26.75,26.0,26.25,25.75,26.5,26.25,27.0,26.75,28.0,27.5,26.0,25.75,26.25,26.0,26.0,27.5,28.75,27.5,26.25,25.5,25.75,26.0,26.75,26.5,27.0,26.0,26.0,26.0,25.75,25.75,26.25,26.5,26.25,26.25,25.75,26.0,25.75,25.25,26.5,26.25,25.75,26.0,26.0,25.5,26.0,25.5,26.5,26.0,26.5,26.25,26.0,25.25,25.75,26.25
23.0
25.5,25.75,26.0,25.25,25.75,25.5,27.5,26.75,26.25,26.5,26.75,26.25,26.5,26.0,26.5,25.75,26.5,27.25,28.0,27.5,26.75,26.25,26.25,25.75,26.75,27.75,28.25,27.75,26.0,26.0,26.0,26.25,26.25,26.25,27.0,26.0,26.25,26.0,26.0,25.75,26.75,26.0,26.25,26.0,26.0,26.25,25.75,25.75,26.0,26.75,26.25,26.0,26.25,26.0,25.5,25.5,26.25,26.0,26.25,26.0,25.5,25.5,26.5,25.5
24.0
26.25,26.25,26.25,25.75,26.25,26.25,27.0,26.75,26.75,26.75,26.5,26.25,26.25,26.0,26.5,26.0,26.75,27.0,27.75,27.25,26.25,26.25,25.75,25.75,26.5,27.5,28.5,28.0,26.5,25.75,26.25,26.25,26.5,26.25,27.25,26.5,26.25,26.5,26.25,26.5,26.75,26.5,26.5,26.5,26.0,26.0,26.0,25.5,26.0,26.25,26.0,26.0,25.75,26.0,25.25,26.0,26.0,26.0,26.0,26.25,25.75,25.5,25.5,26.25
25.0
26.25,26.5,26.25,25.75,26.5,26.25,27.5,27.5,26.0,26.5,26.75,26.25,26.25,26.0,26.25,26.0,27.25,27.0,28.0,27.25,26.0,26.0,26.25,26.0,26.25,28.0,28.5,27.5,26.25,26.0,26.25,26.5,27.0,26.0,26.75,26.0,26.5,26.0,26.0,26.25,26.5,26.0,26.75,26.25,26.0,26.25,26.0,26.0,26.5,26.5,26.0,26.25,26.5,25.75,25.75,25.75,26.25,25.75,26.25,26.5,26.0,25.75,25.75,26.25
26.0
26.5,26.75,25.75,25.75,26.5,26.0,27.25,27.0,26.25,27.0,26.5,26.25,26.0,26.0,26.0,26.25,27.0,27.0,28.25,27.25,26.25,26.0,26.0,25.75,26.5,28.0,29.0,28.0,26.25,26.25,26.25,26.5,26.5,26.5,26.75,26.25,26.0,26.25,26.25,26.25,26.75,26.0,26.75,26.5,26.0,26.0,26.0,25.75,26.0,26.25,26.5,25.75,26.0,25.75,25.5,25.5,26.5,26.25,26.25,26.25,26.0,25.75,26.0,26.0
27.0
26.25,26.75,26.25,25.75,26.0,26.25,27.5,27.25,26.5,26.25,26.5,26.25,26.25,26.25,26.0,26.25,26.75,27.0,27.75,27.25,26.5,25.75,26.25,25.5,26.0,27.5,28.75,28.0,26.25,26.0,26.25,25.75,26.75,26.25,26.75,26.0,26.25,25.75,26.0,26.0,26.5,26.5,26.75,26.5,26.0,26.25,25.75,25.75,26.25,26.25,26.0,26.0,26.0,26.0,25.75,26.25,26.0,26.0,26.0,25.75,26.25,26.0,26.0,25.75
28.0
26.0,26.5,25.75,25.5,26.25,26.5,27.25,27.25,26.25,26.75,26.25,26.0,26.5,25.75,25.5,26.25,26.5,27.25,28.0,27.25,26.25,25.75,26.25,25.75,26.0,27.5,28.75,28.0,26.0,25.5,26.0,25.75,26.0,26.25,26.25,25.75,26.25,25.75,25.75,26.25,26.0,26.25,26.0,26.5,25.75,26.25,25.75,25.5,26.0,26.0,25.75,25.75,25.75,25.75,25.5,25.5,25.75,25.75,26.0,26.0,25.75,25.75,25.5,26.0
29.0
26.25,26.5,26.0,26.25,26.25,25.75,27.0,27.0,26.0,26.25,26.5,26.25,26.5,26.0,26.0,26.25,26.5,27.0,28.0,27.5,26.0,26.5,26.25,25.75,26.25,27.25,28.5,28.0,26.5,25.75,25.75,26.25,26.75,26.5,26.75,26.5,26.25,26.25,26.5,26.25,26.75,26.25,26.5,26.0,26.0,26.25,25.5,25.75,26.0,26.25,26.0,25.75,25.5,26.0,25.75,25.25,26.25,26.0,26.0,26.0,26.5,25.75,26.25,26.0
30.0
26.0,26.0,26.25,26.0,26.0,26.25,27.0,26.75,26.25,26.0,26.5,25.75,26.75,26.0,26.5,26.5,27.0,27.25,27.75,27.25,26.5,26.25,26.5,26.0,26.25,27.5,28.5,27.75,26.25,26.25,26.0,26.0,26.75,26.25,26.75,25.75,26.25,25.75,26.0,26.5,26.75,26.5,26.25,26.5,25.75,26.5,25.75,25.75,26.25,26.5,26.0,25.75,26.25,26.25,25.75,25.75,26.0,25.75,25.75,26.0,26.0,25.75,26.5,25.5
31.0
25.75,26.25,25.5,25.75,26.0,26.0,27.25,27.0,26.0,26.5,26.0,26.25,25.75,25.5,26.0,25.75,26.5,26.75,27.75,27.0,26.0,26.0,25.75,26.0,26.25,27.75,28.5,27.75,26.25,26.5,26.0,26.0,26.75,26.25,27.0,26.25,26.25,26.25,26.25,26.0,26.25,26.5,26.25,26.5,25.5,26.0,25.5,26.0,26.5,26.25,26.25,25.75,26.0,26.0,26.0,25.25,26.0,26.0,25.75,26.5,25.75,25.25,25.75,25.5
32.0
25.75,26.5,26.5,25.75,25.75,26.25,27.25,27.25,26.0,26.5,26.25,26.25,26.5,25.75,26.25,26.0,26.75,27.0,27.75,27.25,26.5,26.0,26.0,26.0,26.5,27.5,28.5,28.0,26.5,26.0,26.25,26.25,27.25,26.0,27.0,26.25,26.25,26.25,26.5,26.25,26.25,26.75,26.25,26.5,25.5,26.25,25.75,25.5,26.25,26.5,26.0,25.5,26.5,26.0,26.0,25.75,26.0,25.75,25.75,26.0,25.75,25.75,25.75,26.0
33.0
26.0,26.25,26.25,25.75,25.75,25.75,27.5,27.0,26.75,26.5,26.5,26.25,26.0,25.5,26.25,25.75,26.5,27.25,28.0,27.25,25.75,26.0,26.25,26.0,26.25,27.75,28.75,27.75,26.0,25.75,26.0,26.5,26.5,26.0,27.0,26.0,26.0,26.0,26.25,26.0,26.75,26.5,26.5,26.25,25.5,26.0,26.25,26.0,26.0,26.0,26.0,26.0,26.0,26.0,25.5,25.75,26.25,25.75,25.75,26.0,26.25,25.0,25.5,25.75
34.0
26.25,26.5,26.5,25.75,26.25,26.25,27.5,26.5,26.5,26.5,26.5,26.25,26.25,25.75,26.0,26.25,26.5,27.0,28.0,27.0,26.5,26.5,26.0,26.0,26.0,27.75,28.75,28.0,26.0,26.0,26.25,26.25,26.75,26.5,27.0,26.75,26.0,26.25,25.75,26.5,26.75,26.5,26.5,26.75,25.75,26.0,26.25,25.75,26.25,26.5,26.25,26.25,26.0,26.0,26.0,25.5,25.75,26.25,26.0,26.0,25.75,26.0,25.75,25.75
35.0
25.75,26.5,26.0,26.0,26.25,26.0,27.25,26.75,26.25,26.25,26.5,26.5,26.5,26.0,26.25,26.0,26.5,27.0,27.75,27.5,26.0,26.0,26.25,26.25,26.25,27.5,28.5,27.75,26.25,26.0,26.0,26.5,26.75,26.5,27.0,26.0,26.5,26.0,26.5,26.5,26.5,26.25,26.25,26.5,25.5,26.25,25.25,26.0,26.25,26.5,25.75,26.0,25.75,26.25,25.5,25.75,26.75,26.0,25.5,26.0,25.5,25.5,25.25,26.0
36.0
25.75,26.25,26.25,25.75,26.25,26.0,27.75,27.0,26.75,26.25,26.25,26.25,26.5,26.25,26.25,26.0,26.5,26.75,27.5,27.25,26.25,26.0,26.0,26.25,26.75,27.75,28.5,27.75,26.0,26.25,25.75,26.25,26.75,26.25,26.75,26.25,26.25,26.25,26.5,26.5,26.75,26.0,26.5,26.25,26.0,26.25,26.0,25.5,26.25,26.25,26.0,26.0,26.25,25.75,25.5,25.75,26.0,26.0,26.0,26.0,26.0,26.0,25.75,26.25
37.0
26.5,26.5,26.25,25.5,26.5,26.0,27.5,26.75,26.0,26.5,26.5,26.25,26.5,26.0,25.75,25.5,27.0,27.0,27.75,27.5,26.5,26.5,26.5,26.0,26.25,28.0,29.0,28.0,25.75,25.75,26.0,26.5,26.5,26.0,26.75,26.25,26.0,26.25,26.0,26.25,26.25,26.25,26.25,26.25,25.75,26.25,25.75,25.75,26.25,26.25,25.75,26.0,26.25,25.75,25.75,25.75,26.25,26.0,26.0,26.0,26.0,25.75,25.75,26.0
38.0
25.5,26.5,26.0,25.75,26.25,26.0,27.25,27.25,26.25,26.5,26.75,26.0,26.75,25.75,26.25,26.5,26.25,27.0,28.25,27.5,26.5,26.5,26.25,25.75,26.5,27.75,29.0,27.75,26.25,25.75,26.0,26.0,26.5,26.5,26.75,26.0,26.25,26.25,25.75,26.5,26.75,26.75,26.25,26.25,26.0,26.5,26.0,25.5,26.25,26.5,26.5,25.5,26.0,25.75,25.5,25.75,26.75,26.0,26.0,26.5,25.5,25.5,25.5,26.25
39.0
26.25,26.75,26.25,26.25,26.0,26.5,27.75,26.75,26.5,27.0,27.25,26.5,26.75,26.0,26.0,26.0,26.75,27.75,28.25,27.5,26.25,26.25,26.25,26.25,26.0,27.75,29.0,27.5,26.0,26.0,26.0,26.5,26.5,26.5,27.0,26.5,26.0,26.5,26.25,26.25,26.25,26.5,26.5,26.5,25.5,26.25,26.0,26.0,26.5,26.25,26.25,26.0,26.0,26.25,25.75,25.75,26.25,26.0,26.5,26.0,26.0,26.0,26.5,25.75
40.0
26.25,26.0,26.0,25.75,26.25,26.25,27.25,27.0,26.5,26.75,26.75,26.0,26.5,26.0,26.25,26.25,26.25,27.25,28.25,27.0,26.0,26.25,26.25,25.75,26.0,27.75,28.5,27.5,26.25,25.75,26.0,26.25,27.0,26.0,26.5,25.75,25.75,26.25,26.0,26.25,26.5,26.5,26.5,26.5,25.5,25.5,25.75,25.0,26.25,26.25,26.0,26.0,25.75,26.0,25.5,25.75,25.75,25.75,25.75,26.0,25.75,25.5,26.0,25.75
41.0
26.75,27.0,26.25,26.5,26.0,26.0,27.5,27.25,26.75,27.0,26.75,26.25,26.5,25.75,26.5,26.0,26.75,27.75,28.75,27.25,26.0,26.0,26.5,25.75,26.5,28.0,28.75,27.75,26.0,26.0,26.25,26.25,27.0,26.25,26.5,26.5,26.0,26.0,26.25,26.25,26.5,26.25,26.5,26.25,26.0,25.75,26.0,25.75,26.5,26.5,26.0,26.25,26.0,26.0,25.5,25.5,26.25,25.75,26.25,26.0,25.75,25.5,25.75,25.75
42.0
26.0,26.25,26.25,26.0,26.25,26.75,27.5,26.75,26.25,27.25,26.5,26.0,26.75,26.0,26.75,26.25,26.75,27.5,28.75,26.75,26.0,26.0,26.5,26.25,26.25,27.5,28.5,27.25,26.25,25.75,26.0,26.25,26.75,26.5,26.75,26.25,26.25,26.25,26.0,26.0,26.75,26.5,26.25,26.25,25.75,25.75,25.75,25.75,26.25,26.5,26.25,25.75,26.0,26.5,25.5,25.75,26.5,26.25,26.0,26.25,26.25,25.5,25.75,25.75
43.0
26.0,26.75,26.25,26.0,26.25,26.0,27.25,27.0,26.5,27.0,27.25,26.5,26.5,26.0,26.25,26.25,26.75,27.75,29.0,27.0,26.25,26.25,26.25,26.25,26.25,28.0,28.5,27.0,26.25,25.75,26.0,25.75,26.75,26.25,26.25,26.25,26.5,26.0,26.25,26.25,26.75,26.75,26.75,26.5,25.75,26.25,26.0,25.75,26.25,26.5,25.75,26.25,26.5,25.75,25.75,25.75,25.75,26.5,25.5,25.75,26.0,26.0,25.5,26.0
44.0
26.25,26.0,26.25,25.75,26.25,26.25,27.5,27.0,26.25,26.75,27.0,26.75,26.5,26.5,26.25,26.5,26.75,27.75,29.0,27.0,26.25,26.25,26.0,26.0,26.5,27.75,28.5,27.0,26.25,26.25,26.25,26.75,27.0,26.25,27.0,26.0,26.5,26.5,26.0,26.25,26.75,26.5,26.5,26.25,26.0,26.25,26.25,26.0,26.0,26.25,26.25,26.0,25.5,25.75,25.5,26.0,26.25,26.0,26.25,26.25,26.25,25.5,25.5,25.5
45.0
26.25,26.5,26.25,25.75,26.25,26.0,27.25,27.25,26.75,26.75,27.0,26.5,26.75,25.75,25.75,26.0,26.5,27.75,29.0,27.0,26.0,26.25,26.25,25.5,26.5,27.5,28.75,27.75,26.0,26.0,26.0,26.5,27.0,27.0,26.5,26.25,26.5,26.5,25.75,26.5,27.0,26.25,26.25,26.25,25.75,26.0,26.0,25.5,26.5,26.5,25.75,26.25,26.0,26.0,25.75,25.75,26.0,26.5,26.25,25.5,26.5,25.75,25.75,25.75
46.0
26.5,26.75,26.5,26.0,26.5,26.0,27.0,27.0,26.25,27.25,27.5,26.5,26.25,26.0,26.0,25.75,27.0,27.75,28.75,27.5,26.25,26.25,26.0,26.0,26.5,27.75,28.5,27.5,26.0,26.25,26.25,26.25,27.0,26.25,26.75,26.25,26.25,26.0,26.25,26.25,26.5,26.25,26.5,26.5,26.0,26.25,25.75,25.5,26.25,26.75,26.0,25.5,26.0,26.0,25.5,25.5,26.5,25.75,26.25,25.75,26.0,25.25,25.75,25.75
47.0
25.75,26.75,26.5,26.0,26.5,26.5,27.25,26.75,26.0,27.0,27.25,26.75,26.5,26.0,26.0,26.25,26.5,27.5,29.25,27.25,26.25,26.25,26.25,26.0,26.25,27.75,28.75,27.5,26.25,26.0,26.25,26.25,26.75,26.5,26.25,26.25,25.75,26.25,26.25,26.5,26.75,26.25,26.75,26.25,25.75,26.0,26.0,26.25,26.0,26.5,26.25,26.0,26.25,25.75,25.5,26.0,26.75,26.25,26.25,26.25,25.75,25.5,25.75,26.0
48.0
26.25,26.5,26.0,25.5,26.5,26.0,27.25,27.0,26.25,27.0,27.25,26.5,26.0,26.25,26.0,26.0,27.0,27.0,29.25,27.25,26.25,26.0,26.5,26.5,26.5,27.75,28.5,27.5,26.25,25.75,26.0,25.5,27.0,26.5,26.75,26.75,26.0,26.0,25.75,26.5,26.5,26.0,26.75,26.0,26.0,26.0,25.75,25.5,26.5,26.0,26.0,25.75,26.0,26.0,25.5,25.75,26.0,26.25,26.0,26.25,26.0,26.0,26.0,26.25
49.0
26.25,26.75,26.25,26.0,26.5,26.25,27.25,27.25,26.25,26.75,27.5,27.0,26.75,26.0,26.0,26.0,26.25,27.25,28.75,27.25,26.0,26.25,25.75,26.25,26.5,28.0,28.5,27.5,26.5,26.0,25.75,26.0,26.75,26.5,26.75,26.25,26.25,26.25,26.5,26.0,26.25,26.25,26.75,26.75,25.75,26.0,26.25,25.5,26.0,26.25,25.5,26.25,25.75,26.25,25.5,26.0,25.75,26.0,26.25,26.25,25.75,25.75,25.5,26.25
50.0
26.0,26.75,26.25,25.75,26.5,26.25,27.0,27.0,26.25,26.75,27.75,26.75,26.0,26.0,26.0,26.5,27.0,27.0,28.75,28.0,26.25,26.25,26.0,26.25,26.75,27.75,28.5,27.25,26.5,25.75,26.25,26.5,26.75,26.5,26.75,26.25,26.25,26.0,26.25,26.25,27.0,26.25,26.25,26.5,26.0,26.25,26.0,25.5,26.5,26.5,26.5,26.25,26.0,26.25,25.75,25.5,26.25,26.5,26.0,26.5,25.75,26.0,25.75,26.25
51.0
26.5,26.5,26.5,26.0,26.5,26.25,27.5,27.0,26.25,26.75,27.5,26.25,26.75,26.25,26.25,26.25,26.75,27.5,28.75,27.75,26.5,26.5,26.25,26.25,26.5,27.75,29.0,27.25,26.25,26.0,26.0,26.25,26.75,26.5,26.5,26.5,26.5,26.25,26.0,26.0,26.75,26.25,26.5,26.75,25.5,26.5,25.75,25.75,26.25,26.75,26.25,26.0,25.75,25.75,25.75,26.0,26.25,26.0,26.0,26.75,26.25,26.0,26.0,26.0
52.0
26.0,26.0,26.25,26.0,26.25,26.25,27.5,27.25,26.5,26.5,27.25,27.0,26.5,26.0,26.25,26.25,27.0,27.5,28.75,27.5,26.5,26.0,26.0,26.0,26.0,27.75,28.5,27.25,26.25,26.0,26.0,26.25,26.75,26.5,26.75,26.0,26.0,26.0,25.75,26.25,26.5,26.5,26.75,26.5,26.0,26.0,25.75,25.75,26.75,26.5,26.0,26.0,26.25,25.5,25.75,25.75,26.25,26.25,25.75,26.0,26.25,25.5,25.5,25.75
53.0
26.0,26.25,26.25,26.0,26.0,26.25,27.25,26.75,26.5,26.5,26.75,26.75,26.5,26.5,26.25,26.0,27.0,27.25,28.75,27.75,26.0,26.0,26.0,26.0,25.75,27.75,28.5,27.25,26.25,25.75,26.0,25.75,26.25,26.5,26.5,26.5,26.0,26.25,26.25,26.0,26.5,26.5,26.5,26.25,26.25,25.75,26.25,25.5,26.25,26.0,26.0,25.5,26.25,25.75,26.0,25.75,26.25,25.75,26.25,26.0,25.75,25.5,26.25,26.0
54.0
26.0,26.25,26.25,26.0,26.0,26.25,27.25,26.75,26.5,26.5,26.75,26.75,26.5,26.5,26.25,26.0,27.0,27.25,28.75,27.75,26.0,26.0,26.0,26.0,25.75,27.75,28.5,27.25,26.25,25.75,26.0,25.75,26.25,26.5,26.5,26.5,26.0,26.25,26.25,26.0,26.5,26.5,26.5,26.25,26.25,25.75,26.25,25.5,26.25,26.0,26.0,25.5,26.25,25.75,26.0,25.75,26.25,25.75,26.25,26.0,25.75,25.5,26.25,26.0
55.0
26.5,26.5,26.25,26.0,26.25,26.0,27.75,26.75,26.25,26.75,26.75,26.25,26.0,25.25,26.5,26.5,27.0,27.75,28.75,27.5,26.25,26.0,26.5,26.0,26.5,28.25,29.0,27.25,26.25,26.0,26.25,26.0,26.75,26.25,26.5,26.5,26.0,26.25,25.75,26.0,26.5,26.25,26.5,26.0,25.5,26.0,26.0,25.75,26.25,26.75,26.0,25.75,26.25,26.25,25.75,25.5,25.75,26.0,26.0,26.75,26.25,26.0,25.25,25.75
56.0
26.0,27.0,26.0,26.25,26.25,26.25,27.5,26.75,26.75,26.5,26.5,26.5,26.25,26.0,26.25,26.0,27.0,28.0,28.0,27.75,26.5,26.0,26.75,26.25,26.75,27.75,28.75,27.25,26.25,25.5,26.0,26.25,26.75,26.5,26.5,26.0,26.25,26.25,26.5,26.25,27.0,26.25,26.5,26.25,25.75,26.0,26.0,25.5,26.5,26.75,26.0,26.0,26.0,26.0,25.75,26.25,26.5,26.5,26.25,26.0,26.0,25.5,26.25,26.0
57.0
26.25,26.75,26.5,26.0,26.5,26.25,27.25,27.25,26.75,26.75,26.75,26.0,26.5,26.25,26.5,26.25,26.75,27.5,28.25,27.25,26.25,26.0,26.25,26.25,26.25,28.0,28.5,27.25,26.25,26.0,26.0,26.25,27.0,26.25,26.25,26.25,26.0,26.5,26.25,26.25,26.5,26.0,26.5,26.0,26.25,26.25,25.75,25.5,26.5,26.5,26.25,26.0,26.25,26.25,25.75,25.5,26.25,26.0,26.0,26.0,26.25,25.75,25.5,25.5
58.0
26.25,26.25,26.25,26.0,26.0,26.25,27.5,27.25,26.5,26.5,26.75,26.25,26.5,26.25,26.0,26.0,27.0,27.75,28.5,27.25,26.25,26.0,26.25,26.25,26.5,27.5,28.25,27.25,26.0,25.5,26.0,26.25,26.5,26.5,26.5,26.0,26.25,26.25,26.75,26.5,26.25,26.25,26.5,26.25,26.25,25.75,26.0,25.25,25.75,26.25,26.0,26.25,25.75,25.75,25.75,26.0,26.75,25.75,26.0,26.0,26.25,25.75,26.0,25.75
59.0
25.75,26.5,26.25,26.0,26.0,26.25,27.5,27.0,26.0,26.25,26.5,26.5,26.5,26.25,25.75,26.0,26.75,27.25,28.25,27.25,26.5,26.25,26.5,26.25,26.0,28.0,28.75,27.25,26.5,26.0,26.0,26.25,26.75,26.75,26.5,26.5,26.25,26.25,26.25,26.25,26.25,26.25,26.5,26.75,25.75,26.25,26.0,26.0,26.75,26.5,26.0,26.0,25.75,26.0,25.75,25.0,25.75,26.25,26.0,26.0,26.25,26.0,26.0,25.25
60.0
25.75,26.5,26.25,25.75,26.5,26.75,27.5,27.5,26.75,26.5,26.5,26.25,26.25,26.0,26.5,26.25,27.25,27.25,28.5,27.75,26.25,26.25,26.0,26.0,26.5,27.5,28.75,27.0,26.0,25.75,26.0,26.25,26.75,27.0,26.5,26.25,26.25,26.25,26.25,26.75,27.0,26.5,26.75,26.5,25.75,26.0,26.0,25.25,26.25,26.25,26.25,26.25,26.25,26.25,26.0,25.75,26.0,26.0,25.75,26.25,25.5,25.75,25.75,26.0
61.0
25.75,26.5,26.5,26.0,26.25,26.0,27.25,27.25,26.25,26.75,26.5,26.5,26.25,25.75,26.25,26.5,26.75,26.5,27.75,27.25,26.5,26.0,26.25,26.25,26.5,27.25,28.75,27.75,26.25,26.25,25.75,26.75,26.5,26.5,26.75,26.5,26.25,26.0,26.75,26.5,27.0,26.5,26.25,26.5,26.0,26.25,26.5,26.0,26.25,26.25,26.0,25.5,26.0,26.0,25.5,25.5,26.5,26.0,26.25,26.5,25.75,26.25,26.0,26.0
62.0
26.0,26.5,26.0,26.0,26.0,26.25,27.5,26.5,26.25,26.75,26.5,26.5,26.25,26.0,26.25,26.25,26.5,26.75,28.0,27.75,26.25,26.5,26.25,26.25,26.5,27.5,28.25,27.75,26.25,25.75,26.25,26.25,26.75,26.5,26.75,26.5,26.5,26.75,26.25,26.5,26.5,26.25,26.5,26.5,25.75,26.5,26.0,26.25,26.25,26.75,26.5,26.0,26.25,26.0,25.75,25.5,26.25,26.0,26.0,26.25,25.75,25.5,26.0,26.0
63.0
26.0,26.25,26.0,25.75,26.75,26.0,27.5,26.75,26.25,26.75,26.5,26.5,26.5,26.0,26.25,26.25,26.5,27.25,27.75,27.5,26.25,26.75,26.25,26.0,26.25,27.25,28.5,27.75,26.5,25.5,25.75,26.25,27.25,26.25,27.0,26.5,26.5,26.25,26.5,26.25,26.5,26.25,26.75,26.5,26.25,26.25,25.75,25.75,26.0,26.5,26.25,26.0,26.0,25.75,25.75,26.25,26.0,26.25,25.75,26.25,25.5,25.75,25.5,26.0
64.0
26.0,26.25,25.75,25.5,26.25,26.0,27.5,26.75,26.5,26.5,26.5,26.0,26.5,26.0,26.0,26.25,27.0,26.75,28.5,27.75,26.25,26.0,26.25,26.5,26.5,27.0,28.5,27.75,26.75,26.0,26.0,26.0,26.75,26.75,26.5,26.5,26.5,26.0,26.25,26.5,26.5,26.25,26.5,26.25,26.0,26.25,25.5,25.75,26.5,26.5,26.0,26.0,26.5,26.0,25.25,26.0,26.5,26.0,26.0,26.75,26.0,26.0,25.75,26.25
65.0
26.25,26.25,26.0,26.25,26.5,26.0,27.25,26.5,26.75,26.5,26.5,26.0,26.25,26.0,26.0,26.5,26.75,27.0,28.25,27.25,26.75,26.5,26.0,26.25,26.25,26.75,28.25,27.75,26.25,25.75,26.0,26.25,26.0,26.25,26.75,26.75,26.0,26.5,26.25,26.25,26.5,26.25,26.75,26.5,25.5,26.25,26.25,25.5,26.25,26.0,26.25,25.75,26.0,25.75,25.75,25.75,26.25,26.0,26.0,26.0,26.25,25.5,26.25,25.25
66.0
26.5,27.0,26.5,25.75,26.25,25.5,26.75,26.25,26.75,26.25,26.5,26.5,27.0,26.0,26.0,26.75,26.5,26.75,28.25,27.75,26.75,26.0,26.25,26.75,26.5,26.5,28.0,28.0,26.75,26.25,26.0,26.5,26.5,26.5,26.5,26.75,26.5,26.5,26.5,26.75,26.75,26.75,26.25,26.25,25.75,26.0,26.25,25.75,25.75,26.75,26.0,26.0,26.25,26.0,25.5,25.75,26.25,26.0,26.0,26.5,26.25,26.0,26.0,26.0
67.0
25.75,26.0,26.25,25.75,26.5,26.25,27.75,27.0,26.75,26.75,26.75,26.25,26.5,26.25,26.25,26.5,26.75,26.25,28.75,27.75,26.25,26.25,26.25,26.0,26.0,27.0,28.5,27.75,26.25,26.0,26.5,26.25,26.5,26.5,26.75,26.5,26.0,26.0,26.25,27.0,26.75,26.25,26.75,26.25,26.5,26.0,26.0,25.75,26.25,26.5,26.5,26.25,26.25,26.25,26.0,26.0,26.5,25.75,26.5,26.0,26.0,26.0,25.75,25.5
68.0
26.0,26.5,26.75,26.25,26.25,25.75,27.5,27.0,26.5,26.75,27.25,26.5,26.5,26.0,26.5,26.25,26.5,26.75,28.0,28.0,26.25,26.25,26.25,26.25,25.5,27.0,28.5,28.0,26.5,25.75,26.25,26.25,26.75,26.5,27.0,26.25,26.5,26.25,26.5,26.25,26.5,26.25,26.75,26.75,26.25,26.25,26.25,25.75,26.5,26.5,26.25,25.75,26.25,26.25,25.75,26.0,26.75,26.25,26.25,26.25,26.0,25.75,25.5,25.75
69.0
26.25,26.75,25.75,26.0,26.25,26.25,27.5,27.0,26.25,26.25,26.75,26.25,26.25,26.0,26.75,26.5,26.75,27.0,28.25,28.0,26.5,26.5,26.0,26.0,26.0,27.0,28.75,28.25,26.25,26.25,26.0,26.0,26.75,26.25,27.0,26.25,26.5,26.75,26.5,25.75,27.0,26.25,26.5,26.25,26.25,26.5,26.0,26.0,26.0,26.25,26.0,26.0,26.25,25.75,26.0,25.5,25.5,26.0,26.0,26.0,26.0,25.5,25.75,26.25
70.0
26.25,26.75,26.5,26.0,26.25,26.25,27.5,27.0,26.5,26.5,26.75,26.25,26.5,26.0,26.75,26.0,26.75,26.75,28.75,28.25,26.25,26.25,26.25,26.25,26.5,27.5,28.5,27.75,26.0,26.25,25.75,26.25,26.75,26.5,26.75,26.5,26.25,26.0,26.25,26.25,26.75,26.5,26.5,26.25,26.0,25.75,25.75,25.5,26.25,26.25,26.5,26.0,26.0,25.75,25.75,25.5,26.5,25.75,26.0,26.0,25.75,25.5,25.5,25.75
71.0
26.25,26.5,26.0,26.25,26.75,26.0,28.0,27.25,27.0,26.5,26.75,26.5,26.25,25.75,26.25,26.0,27.0,26.75,28.5,27.25,26.5,26.25,26.5,26.5,26.0,27.5,29.0,27.5,26.5,26.5,26.25,26.75,26.75,26.25,26.75,26.75,26.5,26.0,26.5,25.75,27.0,26.75,26.75,26.5,26.0,26.25,26.5,26.25,26.5,26.5,26.0,26.25,26.5,26.5,26.25,25.75,26.5,26.5,26.0,26.0,26.25,26.0,26.0,26.0
72.0
26.25,26.25,26.0,26.0,26.25,26.0,27.5,26.75,26.5,26.25,26.5,25.75,26.5,26.0,26.25,26.25,26.5,27.0,28.5,27.75,27.0,26.5,26.5,26.0,26.25,27.5,28.5,27.75,26.0,26.0,26.0,26.5,26.5,26.25,27.25,26.5,26.25,26.0,26.75,26.5,26.5,26.25,26.75,26.5,26.25,26.25,25.75,26.0,26.25,26.75,26.0,26.0,26.25,26.25,26.0,26.0,26.5,25.5,26.25,25.75,26.25,25.75,25.5,26.25
73.0
26.0,26.5,26.25,26.25,26.25,26.25,27.5,26.75,26.25,26.5,26.75,26.25,27.0,26.5,26.0,26.25,27.0,26.5,28.25,28.0,26.5,26.5,26.25,26.25,26.5,27.5,28.5,28.0,26.5,26.25,26.25,26.0,26.75,26.25,27.0,26.5,26.25,26.5,26.25,26.5,27.0,26.25,26.75,26.5,26.0,26.5,26.0,26.25,26.25,26.75,26.5,25.75,26.25,26.0,26.25,26.25,26.25,26.25,26.25,26.0,25.75,25.75,26.0,26.25
74.0
26.25,26.25,26.0,25.5,26.25,26.25,27.5,27.0,26.75,26.75,26.75,26.5,26.25,26.25,26.0,26.25,26.5,27.0,28.5,27.75,26.5,26.5,26.5,26.0,26.25,27.75,28.75,28.0,26.0,26.0,26.5,26.75,27.25,26.5,27.0,26.75,26.5,26.25,26.25,26.5,27.0,26.25,26.75,26.5,26.25,26.5,25.75,25.5,26.5,26.75,26.25,25.5,26.25,26.0,25.5,25.75,26.5,26.5,25.75,26.0,25.75,26.0,26.0,26.25
75.0
26.0,26.5,26.0,26.0,26.5,26.25,27.5,27.0,26.25,26.5,26.5,26.5,26.5,26.25,26.25,26.0,27.0,26.75,28.5,28.0,26.5,26.75,26.25,26.0,27.0,27.25,29.0,28.0,26.75,26.5,26.5,26.75,26.75,26.75,26.75,26.75,26.5,26.75,26.5,26.5,26.75,26.5,26.5,27.0,26.75,26.25,26.0,26.0,27.0,26.25,26.25,26.25,26.5,26.25,26.0,26.5,26.25,26.25,26.5,26.5,26.0,26.25,26.0,25.75
76.0
26.5,26.25,26.25,25.75,26.25,26.5,27.5,27.0,26.25,26.75,26.5,26.75,26.75,26.0,26.0,26.25,26.75,26.5,29.0,28.25,26.5,26.5,26.5,26.0,26.5,27.25,28.75,28.25,26.75,26.25,26.25,26.75,27.0,26.75,27.25,26.75,26.5,26.25,26.0,26.5,26.5,26.5,26.5,26.5,26.0,26.5,26.0,25.75,26.25,26.5,26.25,26.0,26.25,26.0,25.75,25.75,26.0,26.0,26.0,26.25,26.0,25.75,25.5,26.75
77.0
26.25,26.5,26.25,26.0,26.5,26.75,27.5,26.75,26.25,26.25,26.5,26.75,26.25,26.25,26.25,26.0,26.75,26.75,28.25,28.0,26.5,26.5,26.0,26.0,26.75,27.25,28.75,27.75,26.0,25.75,26.25,26.25,26.75,26.25,26.25,26.25,26.0,26.25,26.5,26.0,26.5,26.75,26.75,26.5,26.0,26.0,26.0,25.75,26.25,26.5,26.25,26.0,26.5,25.75,25.75,26.5,26.0,26.25,26.0,26.5,26.0,26.0,25.75,26.25
78.0
26.25,26.75,26.25,26.0,26.5,26.0,27.5,27.25,26.0,26.75,26.75,26.5,26.5,25.75,25.75,26.25,27.0,27.0,28.5,28.0,26.75,26.75,26.5,26.0,26.5,27.5,28.75,27.75,26.5,26.25,26.25,26.25,27.25,26.25,27.0,26.5,26.75,26.25,26.25,26.5,26.5,26.5,27.0,26.75,25.75,26.25,25.75,25.75,26.75,26.75,26.25,26.25,25.75,26.5,25.75,26.0,26.25,26.0,26.25,25.5,26.0,26.0,25.25,25.75
79.0
26.25,26.5,26.25,26.25,26.25,26.25,27.5,27.75,26.25,27.0,26.25,26.25,26.25,26.0,26.5,26.0,26.75,27.0,28.75,27.75,26.25,26.25,26.0,26.5,26.25,27.25,28.75,27.75,26.0,26.25,26.5,26.5,27.0,26.75,27.0,26.5,26.5,26.25,26.5,26.75,26.75,26.75,26.75,26.5,26.0,26.5,26.0,26.0,26.75,26.75,26.0,26.25,26.25,26.0,26.25,25.75,25.75,26.25,26.0,26.0,26.25,25.5,26.0,25.75
80.0
26.25,26.5,26.25,26.0,26.25,26.0,27.5,27.25,26.0,27.0,26.5,26.5,26.25,26.75,26.25,26.25,26.5,27.0,28.0,27.5,26.25,26.5,26.25,26.25,26.25,27.25,29.0,28.0,26.25,25.5,26.5,26.25,27.0,27.0,26.75,26.5,26.25,26.0,26.25,26.0,27.25,26.75,26.5,26.5,26.0,26.0,26.5,25.75,26.25,26.5,25.75,26.25,26.25,26.5,26.0,26.0,26.25,26.5,26.0,26.25,26.25,25.5,25.75,26.25
81.0
26.25,26.75,26.25,26.25,26.5,26.5,27.5,27.25,26.75,26.5,26.75,26.5,26.75,26.25,26.25,26.5,26.75,27.0,28.5,27.75,27.0,26.5,26.0,26.25,26.75,27.25,28.75,27.75,26.25,26.0,26.25,26.0,26.5,26.5,27.25,26.75,26.5,26.5,26.5,26.5,27.0,26.5,26.75,26.25,26.0,26.75,26.0,25.75,26.75,26.5,26.5,25.75,26.25,26.0,26.0,25.5,26.25,26.25,26.0,26.25,25.75,26.0,26.0,25.75
82.0
26.5,26.25,26.25,26.25,26.0,26.25,27.0,27.0,26.75,26.5,26.75,26.75,26.5,26.0,26.25,25.75,26.75,26.75,29.0,28.0,26.25,26.0,26.25,26.25,26.25,27.5,29.0,27.75,26.25,26.0,26.25,26.5,26.5,26.75,27.0,26.5,26.25,26.5,26.25,27.0,26.75,26.25,26.5,26.5,26.0,26.5,26.0,25.5,26.5,26.75,26.5,26.25,26.25,26.25,26.0,26.0,26.25,26.0,26.25,26.5,26.0,26.0,26.25,25.75
83.0
25.75,26.25,26.75,26.0,26.5,26.25,27.25,27.0,26.0,26.75,26.75,26.5,26.25,26.25,26.5,26.5,26.5,26.75,29.0,28.25,26.5,26.25,25.75,26.0,26.5,27.5,29.25,28.0,26.25,25.75,26.25,26.5,26.5,26.75,26.75,26.5,26.5,26.75,26.25,26.25,26.5,26.25,26.75,26.5,26.0,26.5,26.0,26.0,26.75,26.5,25.75,26.25,26.25,25.75,26.0,25.5,26.5,26.0,26.5,26.25,26.0,26.5,26.5,25.75
84.0
26.0,26.5,26.0,26.0,26.5,26.25,27.25,27.0,26.25,26.75,26.5,26.75,26.25,26.0,26.25,26.5,26.5,26.75,28.25,27.75,26.5,26.0,26.0,25.75,26.5,27.5,29.0,27.75,26.25,25.75,26.25,26.25,26.75,26.0,27.25,26.5,26.25,26.25,26.25,26.0,26.5,26.25,26.5,26.25,26.25,26.25,26.0,25.75,26.75,26.5,26.25,26.25,26.0,26.25,26.0,25.75,26.5,26.0,26.5,26.0,26.0,25.25,26.0,25.75
85.0
26.25,26.5,26.25,26.0,26.5,26.0,27.5,26.75,26.0,27.0,26.75,26.5,26.5,26.75,26.25,26.25,26.75,27.0,28.5,28.0,26.75,26.25,26.75,25.75,26.5,27.5,29.0,28.0,26.5,26.0,26.25,26.75,27.0,26.75,27.0,26.25,26.5,26.25,26.25,26.5,27.0,26.5,26.25,26.25,26.0,26.5,26.0,25.75,26.0,26.5,26.5,26.0,26.5,26.25,26.0,26.25,26.0,25.75,26.25,26.75,26.0,26.0,26.0,26.5
86.0
26.5,26.25,26.0,26.25,26.5,26.25,27.5,26.5,26.0,26.75,26.75,26.5,26.5,25.75,26.25,26.75,27.0,26.75,28.25,27.75,26.5,26.5,26.75,26.5,26.5,27.75,29.0,28.0,26.5,26.25,26.0,26.25,26.75,26.75,27.25,26.5,26.25,26.5,26.25,26.75,27.0,26.5,26.75,26.5,26.25,26.0,26.0,25.75,26.75,26.75,26.0,26.5,26.0,26.0,26.0,25.75,26.5,25.75,26.25,26.5,26.0,25.75,26.0,26.0
87.0
26.0,26.25,26.25,26.25,26.5,25.75,27.5,27.25,26.75,26.75,26.75,26.25,26.5,26.25,26.5,26.75,26.75,27.0,28.75,28.0,26.75,26.0,26.5,26.75,26.5,27.5,29.0,27.75,26.5,25.75,26.5,26.25,26.75,26.5,26.75,26.25,26.5,26.0,26.25,26.5,27.0,27.0,27.0,26.5,26.25,26.25,26.25,26.0,26.5,26.5,26.0,26.0,26.5,26.0,26.0,26.0,26.5,26.25,26.0,26.25,26.0,26.0,26.0,25.75
88.0
26.25,26.25,26.5,25.75,26.5,26.25,27.5,27.25,26.75,26.25,26.5,26.25,26.75,26.25,25.75,25.75,26.5,27.25,28.5,27.75,26.5,26.25,26.5,26.0,26.75,27.5,29.0,28.25,26.5,26.25,26.0,26.25,27.25,26.5,27.25,26.75,26.25,26.25,26.25,26.0,27.25,26.5,26.5,26.5,26.0,26.0,26.0,26.25,26.25,26.25,26.0,26.0,26.5,26.25,26.25,26.0,26.0,26.5,26.5,26.0,25.75,26.0,25.75,26.25
89.0
26.25,26.75,26.5,26.25,26.25,26.75,27.75,27.25,26.5,26.5,27.0,26.75,26.5,26.25,26.25,26.25,26.5,26.75,28.75,28.0,26.5,26.25,26.25,26.25,26.25,27.5,29.0,28.0,26.5,26.25,26.25,26.25,26.5,26.75,27.0,26.75,26.0,26.75,26.5,26.25,26.75,26.5,26.75,26.25,26.0,26.75,26.0,25.5,26.25,26.75,26.25,26.25,26.25,25.75,26.0,25.75,26.0,26.0,26.0,26.0,25.5,26.0,25.75,26.0
90.0
26.0,26.5,26.5,25.75,26.5,26.75,27.25,26.75,26.5,26.75,26.75,26.5,26.5,26.0,26.75,26.5,26.25,27.0,29.0,28.0,26.25,26.0,26.0,26.5,26.25,27.5,29.0,27.75,26.5,26.25,26.25,26.5,26.75,26.75,27.0,26.25,26.25,26.5,26.0,26.25,27.0,26.75,26.5,26.5,26.25,26.25,25.75,26.0,25.75,26.0,26.25,26.25,26.5,26.5,26.25,26.25,26.25,26.25,26.25,26.0,26.0,26.0,26.5,25.75
