1.0
26.25,26.75,26.0,26.0,26.0,26.25,26.75,26.75,26.25,26.25,26.5,26.25,26.25,26.0,26.25,26.25,26.25,26.25,26.75,26.25,27.25,27.5,27.0,26.25,26.5,26.5,26.25,26.5,28.5,28.0,26.75,26.25,26.5,26.25,26.5,28.0,28.0,27.25,26.75,26.5,26.25,26.0,26.5,26.75,26.75,26.75,26.0,26.0,26.5,26.25,26.5,25.75,26.25,26.0,26.0,25.75,25.75,26.25,26.0,26.0,26.0,25.5,25.75,26.0
2.0
25.75,26.25,26.0,25.75,26.0,25.75,26.75,27.25,26.5,26.5,26.75,26.25,26.5,26.25,26.5,26.25,26.5,26.25,26.5,26.5,27.25,27.25,26.25,26.25,26.25,26.25,26.5,27.25,28.5,28.0,26.5,26.5,27.0,26.25,26.75,28.0,28.0,27.5,26.75,26.5,26.75,26.5,27.0,26.75,26.5,26.5,26.25,25.5,26.5,26.5,26.0,26.25,26.25,26.5,25.75,25.5,26.0,25.5,26.0,26.0,25.75,26.0,25.5,25.75
3.0
26.0,26.5,26.0,26.0,26.25,26.0,26.5,27.0,26.0,26.75,26.5,26.5,26.5,25.75,26.0,26.25,26.5,26.25,26.5,26.5,27.25,26.75,26.25,26.25,25.75,26.75,26.25,27.25,28.25,27.25,26.25,26.25,27.25,26.5,27.5,27.75,27.5,27.5,26.75,26.75,26.25,26.5,26.75,27.0,26.5,26.5,26.25,25.5,26.25,26.75,26.0,26.0,26.25,26.0,25.75,25.5,26.25,26.25,25.75,26.0,25.5,25.75,25.75,26.25
4.0
26.0,26.5,26.5,26.25,25.75,26.0,26.75,26.75,26.5,26.5,27.0,26.0,26.25,25.75,26.25,26.25,26.0,26.25,26.75,26.5,27.5,26.25,26.75,26.25,26.0,26.5,26.5,28.0,28.25,27.0,26.5,26.25,26.5,26.75,27.75,27.25,27.75,27.5,26.25,26.5,26.25,26.25,26.75,27.0,26.25,26.5,26.0,25.75,26.5,26.0,26.5,26.0,26.25,26.0,25.75,25.5,25.75,26.0,26.0,26.0,26.25,25.75,25.75,25.5
5.0
26.25,26.25,26.5,25.5,26.25,26.0,26.75,26.25,26.0,26.5,26.25,26.25,26.0,26.0,26.25,26.0,26.5,26.25,26.75,27.5,27.0,26.5,26.0,26.25,26.25,26.5,27.25,28.25,27.75,26.5,26.25,26.75,26.75,26.0,27.75,27.5,27.75,27.25,26.25,26.25,26.25,26.0,27.0,27.0,26.75,26.5,26.0,25.5,26.0,26.0,26.25,26.0,25.75,26.0,25.75,25.5,25.75,26.0,26.25,26.0,25.75,25.25,25.75,25.75
6.0
26.5,26.25,26.75,25.75,26.75,26.0,26.75,26.5,26.5,26.0,26.5,26.5,26.25,26.25,26.0,26.5,26.5,26.25,27.0,27.25,26.5,26.5,26.25,26.0,26.0,27.0,28.0,28.0,27.5,26.25,26.5,26.25,27.25,27.25,27.5,28.0,28.0,26.75,26.25,26.25,26.75,26.75,27.0,27.0,26.75,26.75,26.0,25.75,26.25,26.25,25.75,26.25,26.25,26.5,25.5,25.75,26.25,26.0,26.0,25.75,26.0,25.75,25.75,26.25
7.0
26.75,26.25,26.25,26.25,26.25,26.5,27.0,26.5,26.5,26.75,26.5,26.5,26.5,25.75,26.25,26.25,26.5,26.25,27.25,27.0,26.75,26.25,26.25,25.75,26.5,27.25,28.25,27.75,26.5,26.25,26.0,26.5,27.25,27.5,27.5,27.5,28.0,26.25,26.0,27.0,26.75,26.25,27.25,27.0,26.5,26.25,25.5,26.0,26.25,26.25,25.75,26.0,26.5,26.0,26.25,25.75,26.0,26.25,26.0,26.5,26.0,26.0,25.75,26.75
8.0
26.25,26.25,26.25,26.5,26.75,25.75,27.5,26.75,26.0,26.25,26.75,26.75,26.5,26.5,26.25,26.0,27.0,26.5,27.5,26.75,26.5,26.75,26.25,26.25,27.0,27.75,28.75,27.5,26.25,26.0,25.75,26.75,27.0,27.25,27.75,28.0,27.5,26.25,26.5,26.5,26.75,26.5,27.0,27.25,26.0,26.5,26.25,26.0,26.25,26.75,26.5,26.25,26.25,26.5,25.75,25.75,26.25,26.25,26.25,26.25,26.25,25.75,26.0,26.0
9.0
26.0,26.75,26.75,25.5,26.0,26.25,27.25,26.5,26.25,26.25,26.5,26.75,26.25,26.0,26.25,26.0,27.0,27.25,27.0,26.25,26.25,26.5,26.0,25.75,27.25,28.5,28.25,27.0,26.25,26.25,26.25,26.25,27.0,27.0,27.5,28.25,27.0,26.25,26.5,26.0,26.75,26.5,27.75,27.0,26.5,26.0,25.75,25.25,26.25,26.5,26.5,26.25,26.25,26.0,25.75,25.75,25.75,26.0,25.75,26.25,26.0,25.5,25.5,25.5
10.0
26.25,26.25,26.5,26.5,26.5,25.75,27.0,26.75,27.0,26.5,26.5,26.5,26.0,26.25,26.25,26.0,26.75,27.0,27.0,26.75,26.0,26.5,25.75,25.5,26.5,28.75,28.25,26.75,26.25,26.25,26.0,26.25,27.0,27.5,28.0,28.5,27.0,26.5,26.5,26.25,26.75,26.75,27.25,27.0,26.75,26.25,26.0,25.75,25.75,26.25,26.25,26.0,26.25,26.5,25.5,25.75,26.25,25.75,25.75,26.0,25.75,25.75,25.75,25.75
11.0
25.75,26.75,26.25,26.5,26.25,26.0,26.75,27.25,26.25,26.25,26.5,26.0,26.5,25.75,26.25,25.75,26.5,27.0,27.25,26.25,26.5,26.75,26.0,26.25,27.0,28.75,27.75,26.5,26.25,25.75,26.0,26.5,27.5,27.75,27.5,28.5,27.0,26.0,26.25,26.0,26.5,26.5,27.5,27.25,26.5,26.25,25.5,25.5,25.5,26.5,26.0,26.5,26.25,26.25,25.75,25.75,26.0,26.0,26.25,26.0,26.0,26.25,25.25,25.75
12.0
26.25,26.5,26.5,25.75,26.0,26.25,27.0,26.5,27.0,27.0,26.5,26.5,26.25,26.0,26.0,26.25,26.75,27.25,27.25,26.5,26.0,26.0,26.0,26.5,26.75,28.5,27.75,26.75,26.5,26.25,26.0,26.0,27.25,27.75,27.5,29.0,27.25,26.5,26.0,26.5,26.75,26.5,27.5,27.5,26.5,26.5,26.5,25.75,26.25,26.5,26.5,25.75,26.0,26.25,26.25,26.0,26.25,26.25,25.75,26.25,26.0,26.25,26.25,26.0
13.0
26.5,26.5,26.75,25.75,26.5,26.0,27.0,26.75,26.75,26.75,26.5,26.75,26.25,26.0,26.0,26.0,27.25,27.25,27.5,26.5,26.25,26.5,26.25,26.25,27.25,28.75,27.75,27.0,26.25,26.25,26.0,26.25,27.0,27.75,28.0,28.5,27.25,26.5,26.25,27.0,26.75,26.5,27.5,27.5,26.5,26.5,25.75,25.75,26.0,26.75,26.25,26.25,26.75,26.25,26.25,25.5,26.5,26.5,26.0,26.75,26.25,25.75,26.0,26.0
14.0
26.25,26.5,26.75,26.0,26.5,26.25,27.0,27.25,26.75,26.75,26.75,26.75,26.25,26.25,26.5,26.5,26.75,27.25,26.75,26.25,26.25,26.25,26.25,25.75,27.0,29.0,28.0,27.0,26.0,26.0,26.0,26.0,27.0,27.5,27.5,28.75,27.25,26.5,26.0,26.25,26.75,26.75,27.25,27.75,26.5,26.75,26.0,25.75,26.75,26.25,26.25,26.0,26.0,26.25,25.75,26.25,26.25,25.75,26.5,26.5,26.0,25.75,25.75,25.75
15.0
26.5,26.75,26.5,26.25,26.0,26.5,27.0,26.75,26.25,26.75,26.5,26.75,26.5,26.5,26.5,26.75,27.25,27.75,27.25,26.5,26.5,26.75,26.25,26.5,27.0,29.0,28.0,26.5,26.5,26.0,26.25,26.25,27.0,28.0,28.0,29.0,27.0,26.5,26.5,26.0,27.0,26.75,27.25,27.0,26.75,26.25,26.0,26.0,26.75,27.0,26.25,26.25,26.25,26.0,26.0,25.75,26.75,26.25,26.25,26.25,26.25,26.25,25.75,25.75
16.0
26.25,26.25,26.0,25.75,26.5,26.25,27.0,26.5,26.5,27.25,26.75,26.75,26.25,26.25,26.5,26.25,26.75,27.25,27.25,26.5,26.25,26.75,26.5,26.25,27.0,29.25,28.0,26.75,26.5,26.0,26.5,26.75,27.0,27.5,28.0,28.5,27.25,26.25,26.5,26.5,26.75,26.5,27.25,27.0,26.5,26.25,26.0,26.0,26.5,26.5,26.25,26.25,26.5,25.75,26.0,25.75,26.0,26.0,26.0,27.0,26.0,26.0,25.5,26.25
17.0
26.5,26.75,26.25,26.0,26.75,26.25,27.0,27.0,26.25,26.75,26.75,26.5,26.5,26.0,26.0,26.5,26.75,27.5,27.25,26.5,26.0,26.25,26.25,25.75,27.5,29.0,28.0,27.0,26.5,26.0,25.75,26.0,27.25,27.75,27.75,29.0,27.0,26.5,26.25,26.5,27.0,26.5,27.25,27.25,26.5,26.25,26.0,25.75,26.5,26.75,26.0,26.25,26.5,26.25,26.0,26.0,26.25,26.0,26.0,26.0,26.0,25.75,25.75,26.0
18.0
26.0,26.5,26.5,26.5,26.5,26.25,27.0,26.75,26.25,26.5,26.5,26.5,26.5,26.25,26.25,26.25,27.0,27.5,27.0,26.75,26.25,26.5,26.25,26.0,27.25,29.0,28.0,26.75,26.5,26.0,26.25,26.25,27.0,27.5,28.5,28.75,27.5,26.25,26.75,26.5,26.5,26.5,27.25,27.0,26.25,26.25,26.0,25.75,26.5,27.0,26.25,26.25,26.25,26.5,25.75,25.75,26.5,26.5,26.5,26.0,26.25,26.0,25.75,26.0
19.0
26.0,26.75,26.5,26.25,26.25,26.25,27.0,27.25,26.25,26.75,26.75,26.25,26.5,26.25,26.5,26.0,27.5,28.0,27.5,26.5,26.5,26.5,26.25,26.0,27.75,28.75,28.0,27.0,26.75,26.25,26.5,26.5,27.25,27.25,28.25,28.5,27.0,27.0,26.25,26.5,26.75,26.5,27.5,27.0,26.75,26.5,26.25,25.75,26.5,26.25,26.5,26.5,26.5,26.5,26.0,25.75,25.75,26.5,26.25,26.25,25.75,25.25,25.5,26.5
20.0
26.5,26.25,26.5,26.5,26.25,26.25,26.75,26.75,26.5,26.75,26.5,26.75,26.25,26.25,26.5,26.5,26.75,28.0,27.5,26.5,27.0,26.5,26.0,26.0,27.0,29.0,27.75,27.0,26.5,26.0,26.25,26.5,27.25,27.75,28.25,29.0,27.0,26.5,26.25,26.5,26.75,26.75,27.5,27.5,26.5,26.5,26.0,26.25,26.5,26.75,26.5,26.25,26.5,26.0,26.0,26.0,26.5,26.0,26.25,26.25,25.75,25.75,25.5,26.25
21.0
26.5,26.5,26.5,25.75,26.75,26.5,27.5,26.75,26.75,27.25,26.75,26.5,26.25,26.5,26.0,26.75,27.5,27.75,27.5,26.5,26.5,26.5,26.25,26.0,27.75,28.75,27.75,27.0,26.5,26.25,26.5,26.25,27.5,27.75,28.5,28.5,27.0,26.75,26.75,26.75,27.0,27.0,27.75,27.5,26.25,26.25,26.0,25.75,26.25,26.75,26.25,26.0,26.25,26.5,25.5,26.0,26.25,26.5,26.0,26.5,26.25,25.5,26.0,26.0
22.0
26.25,27.0,26.25,26.25,26.25,26.0,27.0,26.25,26.75,26.75,27.0,26.75,26.5,26.0,26.25,26.25,27.25,27.75,27.25,26.25,26.0,26.75,26.25,26.5,27.5,29.0,27.75,27.0,26.5,26.25,26.5,26.0,27.25,27.75,28.25,28.5,26.75,26.75,26.25,26.25,27.25,26.75,27.5,26.75,26.5,26.25,26.0,25.5,26.25,26.5,26.25,26.25,26.75,26.25,26.0,25.5,26.0,25.75,26.5,26.0,26.0,25.75,25.75,25.5
23.0
26.25,26.5,26.25,26.25,26.5,26.0,26.75,27.0,26.5,26.75,26.5,27.0,26.25,26.25,26.25,26.25,27.25,27.75,27.5,26.5,26.25,26.75,26.25,26.25,27.5,29.0,27.75,26.75,26.5,26.25,26.25,26.25,27.25,27.0,28.5,28.5,27.0,26.5,26.0,26.5,27.0,26.75,27.25,27.0,26.5,26.25,26.0,25.75,26.0,26.5,26.75,26.0,26.5,26.25,25.75,25.5,26.5,26.25,26.0,26.0,26.25,25.75,25.75,26.25
24.0
26.5,26.75,26.75,26.25,26.5,26.25,27.25,26.25,26.25,27.0,26.75,26.75,26.5,26.25,26.5,26.25,27.5,27.75,27.25,26.5,26.5,26.25,26.25,26.0,27.5,29.25,28.0,27.0,26.75,26.5,26.75,26.5,27.5,27.25,28.75,28.75,27.25,26.75,26.5,26.75,26.75,27.0,27.5,27.25,26.75,26.5,26.0,25.75,26.75,26.25,26.25,26.25,26.5,26.0,25.75,25.75,26.5,26.5,26.25,26.75,26.5,26.0,26.25,26.25
25.0
26.5,26.75,26.5,26.25,26.75,26.25,26.5,27.0,26.75,26.5,26.5,26.5,26.75,26.25,26.25,26.25,27.25,27.75,27.25,26.25,26.5,26.25,26.5,25.75,27.5,29.0,27.75,26.75,26.0,25.75,26.25,26.5,27.0,27.75,28.5,28.75,27.5,26.75,26.25,26.5,26.75,26.75,27.25,27.5,26.5,26.25,26.25,26.0,26.25,26.75,26.25,26.25,26.5,26.25,25.75,26.0,26.0,25.75,26.0,25.75,25.75,25.75,25.25,25.75
26.0
26.5,26.75,26.5,26.25,26.75,26.25,26.5,27.0,26.75,26.5,26.5,26.5,26.75,26.25,26.25,26.25,27.25,27.75,27.25,26.25,26.5,26.25,26.5,25.75,27.5,29.0,27.75,26.75,26.0,25.75,26.25,26.5,27.0,27.75,28.5,28.75,27.5,26.75,26.25,26.5,26.75,26.75,27.25,27.5,26.5,26.25,26.25,26.0,26.25,26.75,26.25,26.25,26.5,26.25,25.75,26.0,26.0,25.75,26.0,25.75,25.75,25.75,25.25,25.75
27.0
26.25,27.25,26.5,26.0,26.25,26.5,27.25,26.75,26.75,26.5,26.5,26.5,26.25,26.25,26.25,26.25,27.75,28.25,27.25,26.25,26.25,26.25,26.25,26.0,27.5,28.75,28.0,26.5,26.75,26.0,26.25,26.25,26.75,27.75,28.5,28.75,27.0,26.75,26.0,26.25,27.0,27.0,27.5,27.5,26.5,26.5,26.5,25.75,26.5,27.0,27.0,26.5,26.25,26.0,26.0,26.0,26.5,26.5,26.25,26.25,26.0,25.5,26.0,25.5
28.0
26.25,26.25,26.25,26.25,26.25,26.25,27.5,26.5,26.5,27.0,26.75,26.75,26.25,26.0,26.0,26.5,27.5,27.5,27.0,26.5,26.25,26.25,26.25,26.0,27.5,28.75,27.5,26.5,26.5,26.25,26.25,26.5,26.75,27.5,28.5,29.0,27.0,26.75,26.5,26.5,26.75,27.0,27.75,27.25,26.5,26.5,26.5,26.25,26.25,26.0,26.25,26.75,26.5,26.25,26.0,25.5,26.5,26.25,25.75,26.25,26.0,25.75,25.75,26.25
29.0
26.25,26.5,26.25,26.25,26.25,26.0,27.5,26.75,26.5,26.5,27.0,26.5,26.5,26.0,26.25,26.0,27.25,27.75,27.0,26.5,26.5,26.5,26.25,26.25,27.5,29.0,27.75,27.0,26.25,26.25,26.25,26.75,27.0,27.75,28.5,28.75,27.0,26.5,26.5,26.5,26.5,26.75,27.5,27.25,26.75,26.0,26.25,25.5,26.25,26.75,26.5,26.5,26.0,26.25,25.75,26.0,26.25,26.0,26.5,26.25,26.0,25.75,26.25,25.5
30.0
26.5,26.75,26.75,26.25,26.75,26.5,27.25,27.25,26.75,26.75,26.5,26.75,26.75,26.25,26.5,26.75,27.75,28.0,27.5,26.5,27.0,26.25,26.25,26.75,28.0,29.0,27.75,26.5,26.5,26.25,26.5,26.25,27.75,27.75,28.75,29.0,27.0,26.75,26.5,26.75,26.75,26.75,27.75,27.5,26.5,26.5,26.0,26.0,26.5,27.0,26.75,26.25,26.5,26.0,25.75,26.0,26.75,25.75,26.0,26.0,26.0,26.25,25.5,26.0
31.0
26.5,26.5,26.5,26.5,26.5,26.5,27.0,27.0,26.25,26.5,27.0,26.75,27.0,26.5,26.0,26.25,27.25,28.0,27.25,26.75,26.75,26.5,26.75,26.5,27.75,29.0,27.75,27.25,26.5,26.5,26.5,26.75,27.25,27.75,28.75,28.75,27.25,26.75,26.25,26.25,26.5,27.0,27.75,27.75,26.5,26.5,26.25,26.25,26.25,26.75,26.5,26.5,26.75,25.75,25.75,25.75,26.5,26.75,26.0,26.25,26.5,26.25,25.75,26.5
32.0
26.25,26.75,26.5,26.75,26.75,26.0,27.25,26.5,26.75,27.0,26.75,26.5,26.75,26.5,26.5,26.5,27.25,27.5,27.25,26.25,26.5,26.0,26.5,26.5,27.5,29.0,28.0,27.0,26.75,26.0,25.75,26.5,27.5,27.75,28.25,29.25,27.0,26.5,26.25,26.25,27.0,26.75,27.25,27.75,26.25,26.25,25.75,26.0,26.75,26.5,26.0,26.0,26.5,26.0,26.0,25.5,26.25,26.25,26.75,26.25,26.5,25.5,25.75,26.0
33.0
26.0,26.75,26.75,26.5,26.25,26.75,26.75,26.75,26.75,26.75,26.5,26.75,26.5,26.0,26.5,26.25,27.25,27.5,27.25,26.5,26.25,26.75,26.5,26.0,27.5,29.0,27.75,27.0,26.5,26.25,26.25,26.25,27.5,27.75,28.75,29.0,27.5,26.5,26.25,26.5,27.25,27.0,27.5,27.25,26.75,26.75,26.0,25.5,26.0,26.5,26.25,25.75,26.5,26.25,26.0,25.5,26.0,26.0,26.0,26.5,25.75,25.75,26.0,26.0
34.0
26.25,27.0,26.0,26.25,26.25,26.5,26.75,27.25,26.5,26.25,26.75,26.25,26.5,26.25,26.0,26.0,27.25,27.75,27.25,26.5,26.5,26.25,26.5,26.0,27.5,28.75,28.0,26.75,26.5,25.75,26.5,26.25,27.25,27.5,28.25,28.25,26.75,26.75,27.0,26.25,27.0,27.0,27.5,27.0,26.5,26.0,26.0,25.25,26.5,26.5,26.25,26.25,26.5,26.25,25.75,25.75,25.5,25.75,26.25,26.0,25.75,25.5,25.75,25.75
35.0
26.0,26.5,26.25,26.5,26.5,26.5,27.0,27.0,26.5,26.75,26.5,26.75,26.75,26.25,26.25,26.5,27.25,28.0,27.25,26.5,26.25,26.75,26.25,26.0,27.5,29.0,28.0,26.75,26.5,26.25,26.0,26.25,27.5,27.75,28.5,28.25,27.0,26.5,26.25,26.5,26.75,26.75,27.5,27.5,26.75,26.5,26.25,25.75,27.0,26.75,26.5,26.25,26.25,26.0,26.0,25.75,26.25,26.0,26.5,26.0,25.75,25.75,25.25,25.25
36.0
26.25,26.75,26.5,26.25,26.25,26.75,26.75,27.25,26.75,27.0,26.75,26.25,26.5,26.5,26.5,26.75,27.0,27.5,27.5,26.5,26.5,27.0,26.75,26.5,27.75,28.75,27.75,27.0,27.0,26.5,26.5,26.5,27.25,27.75,28.75,28.75,27.0,26.25,26.0,27.0,27.0,27.0,27.5,28.0,26.25,26.5,26.25,26.0,26.5,26.5,26.5,26.5,26.25,26.25,25.75,26.0,26.25,26.5,26.25,26.0,26.0,25.75,26.25,26.25
37.0
26.25,26.75,26.0,26.25,26.5,26.25,26.75,26.75,26.5,26.75,26.5,26.5,26.5,26.5,26.25,26.0,27.25,28.0,27.5,26.75,26.5,27.0,26.5,26.25,27.75,28.75,28.0,26.75,26.5,26.5,26.5,26.0,27.25,27.5,28.75,28.75,27.25,26.25,26.5,26.75,26.5,26.5,27.5,27.5,26.25,26.25,26.0,25.5,26.25,26.75,26.25,26.25,26.25,26.0,26.0,25.5,26.5,26.5,26.0,26.25,26.0,25.75,25.75,25.75
38.0
25.75,27.0,26.5,26.0,26.25,26.0,26.75,26.75,26.75,26.75,26.75,26.5,26.75,26.25,26.25,26.25,27.25,27.75,27.25,26.75,26.5,26.5,26.5,26.25,27.5,28.75,28.0,26.5,26.5,26.75,26.5,26.25,27.25,27.75,28.5,28.75,27.25,26.25,26.5,26.75,26.75,26.5,27.5,28.0,26.25,26.5,26.0,25.5,26.0,26.25,26.0,26.0,26.75,26.25,25.5,26.25,25.75,26.0,26.25,26.25,26.25,26.25,26.0,26.25
39.0
26.5,26.5,26.25,25.75,26.5,26.25,27.25,26.75,26.5,26.25,26.75,26.75,26.75,26.0,26.25,26.0,27.0,27.5,27.5,26.5,26.25,26.25,26.25,25.75,27.5,28.75,27.75,26.75,26.5,26.25,26.25,26.5,27.25,27.5,28.5,28.75,27.25,26.5,26.5,26.5,26.5,26.75,27.75,27.5,26.75,26.25,26.0,25.5,26.25,26.75,26.5,26.5,26.25,26.25,26.0,25.5,26.25,26.25,26.0,26.25,25.75,25.5,25.75,25.75
40.0
26.5,26.75,26.5,26.25,27.0,26.25,27.0,27.0,26.75,26.75,26.5,26.5,26.5,25.5,26.5,26.75,27.5,27.5,27.0,26.25,26.25,26.25,26.5,26.5,27.5,28.75,27.75,27.0,26.5,26.5,26.25,26.5,27.25,28.25,28.25,28.75,27.25,26.75,26.25,26.5,26.5,26.75,27.5,27.5,26.75,26.25,26.0,26.0,26.25,26.5,25.75,26.25,26.0,26.25,26.25,25.75,26.5,25.75,26.5,26.25,26.0,26.0,25.75,26.0
41.0
26.25,26.75,26.25,26.0,26.5,26.25,26.75,26.5,26.75,26.75,26.75,27.0,26.5,26.0,26.5,26.75,27.0,27.75,27.25,26.0,26.5,26.0,26.25,25.75,27.25,28.75,27.75,26.75,26.5,26.25,26.0,26.25,27.5,27.75,28.75,28.75,27.25,26.25,26.0,26.25,27.0,26.75,27.5,27.25,26.0,26.0,26.0,25.75,26.0,26.0,26.75,26.0,26.75,26.25,26.0,25.75,26.0,26.25,25.75,26.0,25.5,26.0,25.75,26.0
42.0
26.25,26.75,26.0,26.25,26.5,26.25,27.25,27.25,26.75,26.75,26.5,26.75,26.5,26.75,26.0,26.0,27.25,27.75,27.0,26.25,26.5,26.25,26.25,26.0,27.5,29.0,27.75,27.0,26.75,26.0,26.25,26.5,27.0,28.0,28.25,28.75,27.0,26.25,26.25,26.75,26.5,26.75,27.5,27.0,26.25,26.5,26.0,25.75,26.5,26.5,26.25,26.0,26.25,26.25,26.5,25.5,26.5,26.25,26.25,26.0,26.0,25.75,26.0,25.5
43.0
26.25,26.75,26.25,25.75,26.5,26.25,27.25,27.0,26.75,26.5,26.75,26.5,26.75,26.0,26.5,25.75,27.0,27.5,27.5,26.75,26.75,26.25,26.75,26.25,27.75,29.25,28.25,26.75,26.25,26.25,26.25,26.25,27.5,27.75,28.75,28.75,27.25,26.5,26.25,26.25,26.75,26.75,27.75,27.25,26.75,26.25,26.0,25.75,26.25,27.25,26.5,26.5,26.25,26.0,25.75,26.0,26.75,26.0,26.0,26.25,26.25,25.75,25.75,26.5
44.0
26.25,26.5,26.25,26.0,26.5,26.5,27.0,26.5,26.25,27.0,26.5,26.75,26.25,26.0,26.0,26.5,27.5,27.75,27.0,26.25,26.75,26.75,26.5,26.5,27.5,28.75,27.75,26.75,26.25,25.75,25.75,26.5,27.25,27.5,28.75,28.5,27.0,26.75,26.5,26.5,27.0,27.0,27.25,27.5,26.5,26.25,26.0,25.5,26.5,26.0,26.25,26.0,26.25,26.25,26.0,25.75,26.25,26.0,26.0,26.0,26.25,25.25,26.0,25.25
45.0
26.25,26.5,26.5,25.5,26.5,26.25,26.75,27.0,26.25,26.75,26.5,26.75,26.25,26.25,26.25,26.5,27.25,27.5,27.0,26.25,26.5,26.25,26.0,26.25,27.25,28.5,27.25,26.75,26.25,26.25,26.25,26.5,27.5,28.0,28.25,28.75,27.5,26.25,26.25,26.0,26.75,26.75,27.75,27.5,26.75,26.25,25.75,26.0,26.25,26.5,26.0,26.0,26.25,26.25,25.75,26.25,26.25,26.5,26.25,26.75,26.0,25.5,25.75,26.5
46.0
26.25,26.75,26.5,26.0,26.25,26.5,27.0,26.75,26.5,26.5,26.75,26.5,26.25,26.0,26.25,26.25,26.75,27.5,27.0,26.25,26.25,26.25,26.25,26.25,27.25,28.75,27.5,26.75,26.25,26.25,26.0,26.5,27.25,27.75,28.0,28.5,26.75,26.25,26.5,26.75,26.5,27.0,27.5,27.5,26.25,26.25,26.25,25.75,26.0,26.5,26.5,26.25,26.25,26.0,25.5,26.0,26.25,26.5,26.0,26.25,26.0,25.75,25.25,26.0
47.0
26.0,26.5,26.0,26.0,26.25,26.0,27.5,27.0,26.5,26.75,27.0,26.25,26.25,25.75,26.25,25.75,27.25,27.5,27.25,26.25,26.5,26.25,26.25,26.5,27.5,28.5,27.75,26.5,26.5,26.25,26.0,26.0,27.25,27.75,28.0,28.5,26.75,26.25,26.5,26.5,26.5,26.75,27.5,27.75,26.25,26.0,26.25,25.75,26.75,26.5,26.5,26.5,26.25,26.5,25.5,25.75,26.0,26.25,26.0,26.25,25.75,25.25,25.5,26.25
48.0
26.5,26.75,26.25,25.75,26.5,26.25,26.75,26.75,26.5,26.75,26.5,26.25,26.5,26.25,26.5,25.75,26.75,27.25,27.0,26.25,26.25,26.25,26.25,25.75,27.5,28.75,27.75,26.75,26.0,25.75,26.25,26.75,26.75,27.5,28.25,28.5,27.0,26.25,26.5,26.25,26.75,27.0,27.5,27.5,26.25,26.25,26.25,26.0,26.5,26.75,26.0,25.75,26.25,26.25,25.5,25.5,26.5,26.0,26.25,26.5,26.0,25.75,26.25,25.75
49.0
26.5,26.75,26.75,26.0,26.25,26.25,27.25,27.25,26.25,26.5,26.5,26.5,26.25,26.25,26.0,26.25,27.0,27.25,27.0,26.25,26.75,26.75,26.5,26.5,27.5,28.75,27.75,26.5,26.5,26.25,26.5,26.75,27.25,27.75,28.25,28.75,27.25,27.0,26.25,26.75,26.75,26.75,27.5,27.5,26.25,26.25,25.75,26.0,26.25,26.25,26.25,26.0,26.0,26.5,26.0,26.0,26.25,25.5,26.0,26.75,26.0,26.0,25.75,25.5
50.0
26.5,26.75,26.5,26.0,26.0,26.0,27.0,27.25,26.0,26.75,26.75,26.5,26.75,26.5,26.25,26.25,27.0,27.5,27.25,26.25,26.75,26.5,26.25,26.0,27.5,28.75,27.25,27.0,26.25,26.25,26.0,26.25,27.0,27.5,28.0,28.5,26.75,26.75,26.5,26.25,26.75,26.75,27.75,27.25,26.5,26.5,26.0,26.0,26.5,26.0,26.0,26.25,26.25,26.5,25.75,25.25,26.0,26.25,26.25,26.0,26.0,26.25,25.75,25.25
51.0
26.25,26.0,26.0,25.75,26.25,26.25,27.0,26.5,26.25,26.0,26.25,26.75,26.5,26.5,26.0,26.5,27.5,27.5,27.0,26.5,26.5,26.75,26.75,26.75,27.5,28.5,27.75,26.5,26.75,26.0,26.25,26.0,27.25,27.75,28.25,28.0,26.75,26.5,26.0,26.25,27.0,27.0,27.5,27.75,26.5,26.25,26.0,26.5,26.5,26.25,26.0,26.25,26.5,26.0,25.5,26.0,26.5,26.75,26.0,26.0,25.75,25.75,26.0,25.75
52.0
26.75,27.0,26.25,26.25,26.75,26.25,27.25,26.75,26.5,26.5,26.5,26.5,26.5,26.0,26.5,26.0,26.5,27.5,27.0,26.5,26.5,26.5,26.0,26.5,27.5,29.0,27.75,26.75,26.5,26.5,26.75,26.25,27.25,27.25,28.25,28.5,26.75,26.25,26.5,26.0,27.0,27.0,27.5,27.25,26.5,26.0,26.5,25.75,26.25,26.5,26.25,26.0,26.75,26.5,25.75,26.0,25.75,26.0,26.25,26.5,26.0,25.75,26.0,26.0
53.0
26.25,26.5,26.0,26.0,26.5,26.25,27.0,26.5,26.25,27.0,26.5,26.5,26.25,25.75,26.0,26.25,27.25,27.75,27.0,26.25,26.25,26.25,26.25,25.75,27.0,28.5,27.25,26.5,26.25,26.0,26.25,26.25,27.0,27.75,28.25,28.25,27.25,26.75,26.25,26.5,26.75,26.5,27.75,26.75,26.0,26.25,26.0,25.25,26.75,26.5,26.5,25.75,26.5,26.5,26.0,26.25,26.25,25.75,26.0,26.25,25.75,26.0,25.5,25.75
54.0
26.0,26.75,26.5,25.75,26.5,25.75,26.75,26.25,26.25,26.25,26.5,26.5,26.25,26.0,26.5,26.25,26.75,27.25,27.25,26.5,26.0,26.5,26.25,26.0,27.5,28.75,27.5,26.5,26.5,26.25,26.0,26.25,27.5,27.5,28.0,28.25,27.0,26.25,26.0,26.25,26.75,26.5,27.5,27.25,26.5,26.25,25.75,25.75,26.5,26.5,26.0,26.0,26.5,26.25,26.25,25.5,26.25,26.0,26.0,26.25,26.0,25.25,25.75,25.75
55.0
26.25,26.75,26.25,25.75,26.25,26.5,27.0,26.5,27.0,26.75,26.75,26.5,26.5,26.25,26.5,26.5,27.0,27.5,27.5,26.5,26.25,26.5,26.5,26.25,27.5,29.0,27.75,26.75,26.5,26.0,26.25,26.25,27.5,27.75,29.0,28.25,27.0,27.0,26.5,26.25,27.0,26.5,27.5,27.5,26.5,26.5,26.0,26.0,26.5,26.75,26.75,26.25,26.25,26.25,25.5,25.5,26.5,26.25,26.0,26.0,26.25,25.75,26.0,25.75
56.0
26.5,27.0,26.25,26.0,26.25,26.5,26.75,27.0,26.75,27.25,27.0,26.75,26.5,26.0,26.0,26.75,26.5,27.75,26.75,26.25,26.25,26.25,26.0,26.25,27.75,28.75,27.75,27.0,26.5,26.25,26.0,26.25,27.0,27.5,28.75,28.25,27.0,26.5,26.5,26.75,26.75,27.0,27.5,27.75,26.25,26.5,26.5,25.75,26.25,26.5,26.75,25.75,26.5,25.75,26.0,25.75,26.0,26.0,26.5,26.25,26.25,26.0,25.5,26.0
57.0
26.5,27.0,26.75,26.25,26.75,26.5,26.75,26.5,26.5,26.75,26.5,26.25,26.25,26.25,26.0,26.0,27.25,27.5,27.5,26.75,26.25,26.5,25.75,26.0,27.75,28.75,28.0,26.75,26.25,26.25,26.5,26.75,27.5,27.75,28.75,28.5,27.0,26.25,26.25,26.5,26.75,27.0,27.5,27.25,26.75,26.5,26.25,26.5,26.75,26.75,26.25,26.25,26.5,25.75,26.0,26.0,26.25,26.25,26.0,26.0,26.0,25.75,25.5,26.25
58.0
26.0,26.5,26.0,25.75,26.0,26.5,26.75,26.5,26.5,26.5,26.5,26.5,26.25,26.5,26.25,26.25,27.0,27.75,27.0,26.25,26.25,26.5,26.0,26.25,27.75,28.75,27.75,26.25,26.25,26.0,26.5,26.25,27.0,27.5,28.5,28.75,27.25,26.5,26.25,26.75,27.0,27.0,27.5,27.5,26.25,26.25,26.25,26.0,26.75,26.0,26.25,26.25,26.25,26.0,25.75,25.5,25.75,26.0,26.5,26.0,26.5,25.5,26.0,26.25
59.0
26.25,27.25,26.5,26.5,26.5,26.0,26.75,27.0,26.75,26.25,26.5,26.5,26.25,25.75,26.25,26.75,26.75,27.5,27.25,26.25,26.75,26.25,26.75,25.75,27.5,29.0,27.75,26.5,26.25,26.0,26.25,26.5,27.25,27.25,28.5,28.5,27.25,26.5,26.25,26.5,26.75,27.0,27.25,27.75,26.75,26.5,26.0,26.0,26.5,26.5,26.5,26.0,26.25,26.5,25.75,25.75,26.5,26.25,26.25,26.5,26.0,25.75,26.0,26.0
60.0
26.75,26.25,26.5,25.75,26.25,26.0,27.25,27.0,26.25,26.5,26.75,26.25,26.5,26.25,26.25,26.25,27.25,28.0,27.5,26.25,26.0,26.25,26.25,26.25,27.25,28.5,27.75,26.5,26.75,26.0,26.25,26.25,27.25,27.75,28.25,28.5,27.5,26.75,26.0,26.5,26.5,26.5,27.25,27.5,26.5,26.75,26.0,26.0,26.5,26.5,26.25,26.0,26.25,26.25,25.75,25.5,26.5,26.5,26.0,26.0,26.0,25.5,26.0,26.0
61.0
26.25,26.25,26.5,26.25,26.5,26.25,27.0,26.5,26.5,26.25,26.75,26.5,26.25,26.25,26.25,26.25,27.0,27.5,27.0,26.5,26.25,26.25,26.5,26.25,27.25,28.5,27.5,27.0,26.25,26.25,26.25,26.5,27.25,28.0,28.25,28.75,27.5,26.75,26.75,26.75,26.75,27.0,27.25,27.25,26.5,26.0,25.75,25.75,26.5,26.75,26.5,26.5,26.5,26.25,26.0,26.0,26.0,26.25,26.0,26.75,26.5,26.0,25.75,25.75
62.0
26.5,26.75,26.25,26.0,26.25,26.25,27.25,26.75,26.5,26.75,26.75,26.5,26.5,26.75,26.25,26.25,27.0,27.5,27.0,26.5,26.75,26.25,26.25,26.5,27.25,28.75,28.0,26.75,26.75,26.0,26.5,26.0,27.0,28.0,27.75,29.25,27.25,26.25,26.25,26.25,26.5,26.75,27.75,27.25,26.5,26.5,25.75,26.0,26.75,26.5,26.5,26.0,26.5,26.25,26.0,25.5,26.5,26.0,25.75,26.5,26.25,26.0,25.25,26.0
63.0
26.5,26.75,26.25,26.0,26.25,26.25,27.25,26.75,26.5,26.75,26.75,26.5,26.5,26.75,26.25,26.25,27.0,27.5,27.0,26.5,26.75,26.25,26.25,26.5,27.25,28.75,28.0,26.75,26.75,26.0,26.5,26.0,27.0,28.0,27.75,29.25,27.25,26.25,26.25,26.25,26.5,26.75,27.75,27.25,26.5,26.5,25.75,26.0,26.75,26.5,26.5,26.0,26.5,26.25,26.0,25.5,26.5,26.0,25.75,26.5,26.25,26.0,25.25,26.0
64.0
26.5,26.75,26.5,26.0,26.5,26.75,27.0,27.25,26.5,26.5,26.25,26.5,26.5,25.75,26.25,26.25,27.25,27.25,27.25,26.5,26.25,26.5,26.25,26.25,27.0,28.75,28.0,26.75,26.5,26.0,26.5,26.25,27.75,27.75,28.0,28.75,26.75,26.75,26.0,26.25,26.75,27.0,27.5,27.25,26.25,26.5,26.25,26.0,26.5,27.0,26.75,26.0,26.5,26.25,26.0,25.5,26.5,26.0,26.25,26.5,26.0,25.75,25.75,26.0
65.0
26.0,26.0,26.25,26.0,26.5,26.0,26.5,26.75,26.25,27.25,26.75,26.5,26.75,26.5,26.0,26.5,26.5,27.25,27.25,26.5,26.75,26.75,26.5,26.25,27.0,28.25,28.0,26.5,26.25,26.0,26.25,26.0,27.25,27.75,27.5,28.5,27.25,26.25,26.5,26.25,26.75,26.75,27.25,27.5,26.25,26.25,26.25,25.75,26.25,26.75,26.5,26.25,26.5,26.0,25.75,25.25,26.0,26.0,26.25,26.25,25.5,26.0,25.75,25.75
66.0
25.75,26.75,26.0,26.25,26.5,26.5,26.5,27.0,26.75,26.5,26.75,26.25,26.75,26.25,26.0,26.0,26.75,27.0,27.0,26.25,26.5,26.25,26.5,26.0,27.25,28.5,27.5,27.0,26.5,26.25,26.5,26.75,27.5,28.25,27.5,28.75,27.75,26.25,26.25,26.75,26.5,26.5,26.75,27.0,26.5,26.25,26.5,25.5,26.5,26.5,25.75,26.25,26.25,26.25,26.0,25.25,26.5,26.0,26.75,26.0,25.75,25.75,25.75,25.75
67.0
26.75,26.5,26.75,26.0,26.5,26.25,26.75,26.5,26.75,26.5,26.5,26.75,26.5,26.5,26.25,26.25,26.75,27.25,27.0,26.25,26.5,26.5,26.5,26.0,27.0,28.25,27.5,26.75,26.75,26.0,26.5,26.0,27.75,28.25,27.75,28.25,27.5,26.0,26.5,26.75,27.25,26.75,26.75,27.5,26.5,26.25,26.5,26.0,26.5,27.0,26.25,26.25,26.5,26.25,25.5,26.0,26.25,26.25,26.25,25.75,26.5,25.75,26.0,25.75
68.0
26.5,26.75,26.5,26.25,26.5,26.5,27.0,26.5,26.5,26.75,26.75,27.0,26.5,26.5,26.0,26.5,26.75,27.25,26.75,26.25,26.25,26.75,26.0,26.25,27.25,28.25,27.75,26.75,26.75,26.0,26.0,26.25,27.5,28.5,28.0,28.75,27.5,26.75,26.5,26.5,26.75,27.0,27.5,27.25,26.25,26.25,26.0,25.75,26.75,27.0,26.25,26.25,26.75,26.5,25.5,26.25,26.0,26.25,26.25,26.5,25.75,25.5,26.0,26.25
69.0
26.0,26.75,26.5,26.25,26.5,26.25,26.75,26.75,26.75,26.5,26.5,27.0,26.75,26.25,26.25,26.0,27.0,27.0,26.75,26.5,26.75,26.5,26.25,26.25,27.25,28.0,27.75,27.25,26.5,26.25,26.0,26.25,27.5,28.75,27.5,28.25,27.75,26.25,26.5,26.5,27.0,27.5,27.5,27.25,26.0,26.5,25.75,26.0,26.25,27.0,26.25,26.5,26.25,26.5,26.0,26.0,26.25,26.25,26.0,26.5,26.25,25.25,25.25,25.75
70.0
26.5,26.5,26.25,26.0,26.25,26.25,26.5,27.25,26.25,27.0,26.75,26.25,26.5,26.0,26.25,26.5,26.5,27.0,26.75,26.5,26.5,26.25,26.25,26.25,27.5,28.0,27.5,27.0,26.5,25.75,26.5,26.0,27.75,28.75,27.5,28.75,27.0,26.75,26.5,26.25,26.75,26.75,27.25,27.75,26.75,26.25,26.25,25.75,26.0,27.0,26.0,26.5,26.25,25.75,26.0,25.75,26.75,26.25,26.0,26.25,26.25,25.75,26.0,26.0
71.0
26.25,26.25,26.5,26.25,26.25,26.0,27.25,26.75,26.5,26.25,26.75,26.5,26.5,26.25,26.25,26.5,27.0,27.0,27.0,26.5,26.5,26.5,26.25,25.75,27.25,28.25,28.0,26.75,26.5,26.25,26.0,26.25,28.0,28.75,27.75,28.5,27.25,26.5,26.5,26.75,27.0,26.75,27.0,27.25,26.75,26.25,26.0,25.5,26.5,26.5,26.5,26.25,26.5,26.0,26.25,25.75,26.0,25.75,26.25,26.25,26.0,25.75,25.25,26.25
72.0
26.25,26.75,26.25,25.75,26.75,26.5,26.75,26.75,26.75,26.5,26.75,26.5,26.5,26.25,26.25,26.5,27.25,27.25,27.0,26.5,26.25,26.75,26.75,25.75,26.75,28.25,27.5,27.0,26.5,26.25,26.0,26.0,27.75,29.0,27.75,28.5,27.5,26.25,26.5,26.75,26.75,26.75,27.25,27.5,26.5,26.5,26.0,25.75,26.25,27.0,26.75,26.25,26.25,26.5,26.25,26.0,26.0,26.0,26.75,26.25,25.75,25.75,25.75,25.75
73.0
26.25,26.75,26.5,26.0,26.5,26.25,27.0,26.75,26.75,27.0,26.5,26.75,26.5,26.5,26.5,26.5,26.5,26.75,26.75,26.25,26.25,26.5,26.25,26.25,27.25,27.75,27.5,27.25,26.5,26.5,26.25,26.5,27.5,28.75,28.0,28.75,27.75,26.75,26.25,26.5,27.0,27.5,27.0,27.75,26.75,26.25,26.0,25.75,26.25,26.5,26.25,26.0,26.25,26.25,26.25,26.5,26.25,26.0,26.0,26.0,26.25,26.25,25.75,26.0
74.0
26.0,27.0,26.0,26.5,26.25,26.25,26.75,26.75,26.5,26.5,26.5,26.75,26.5,26.0,26.25,26.5,26.75,26.5,27.0,26.5,26.25,26.25,26.25,26.0,27.0,27.75,27.5,27.0,26.5,26.25,26.25,26.75,27.25,28.25,27.75,28.5,27.5,26.75,26.25,26.75,26.75,27.0,27.25,27.5,26.5,26.25,26.0,25.75,26.0,26.75,26.25,26.0,26.25,26.25,26.0,25.25,25.5,26.5,26.0,26.25,25.75,26.0,26.25,26.0
75.0
26.5,26.75,26.5,26.25,26.25,26.5,26.75,26.5,26.5,27.0,26.5,26.5,26.25,26.25,26.25,26.5,27.0,27.0,27.0,26.25,26.5,26.75,26.5,26.25,27.0,28.0,27.75,26.75,26.25,26.25,26.25,26.5,27.25,28.75,27.75,28.5,27.0,26.0,26.5,26.25,27.0,27.0,27.5,27.0,26.5,26.75,25.75,26.0,26.25,27.0,26.25,26.5,26.5,26.75,25.5,26.5,26.0,26.0,26.25,26.25,25.75,25.75,25.5,25.75
76.0
26.0,26.5,26.25,26.25,26.25,26.5,26.5,26.75,26.25,26.5,26.75,26.75,26.75,26.25,26.75,26.25,26.75,27.25,27.25,26.25,26.5,26.25,26.25,26.25,27.0,28.0,27.75,26.5,26.5,26.5,26.0,26.5,27.5,28.75,28.0,28.0,27.5,27.0,26.5,26.25,26.75,27.5,27.0,27.25,26.5,26.25,26.0,26.0,26.25,26.75,26.5,26.0,26.25,26.25,25.75,25.75,25.5,26.25,26.0,26.5,26.25,26.0,25.75,25.25
77.0
26.25,26.5,26.25,26.0,26.25,26.0,27.25,26.5,26.25,26.0,26.75,26.75,26.5,26.0,26.75,26.25,27.0,26.5,27.0,26.25,26.25,26.25,26.0,26.25,27.25,28.25,27.5,26.75,26.5,26.0,26.5,26.0,27.5,28.5,28.0,28.0,27.5,26.5,26.0,26.5,26.5,27.0,27.5,27.25,26.75,26.25,25.75,25.75,26.75,26.75,26.25,26.0,26.25,26.25,26.0,25.25,26.5,25.75,26.0,25.75,26.25,25.25,25.5,25.25
78.0
26.25,27.25,26.25,26.25,26.5,26.0,26.75,26.25,26.25,26.5,27.0,26.25,26.75,26.25,25.75,26.75,26.75,26.75,27.0,26.5,26.25,26.5,26.25,26.0,26.5,28.0,27.5,27.0,26.25,26.25,26.25,26.25,27.0,28.5,27.75,28.0,27.5,26.25,26.25,26.75,26.5,26.75,27.0,27.5,26.25,26.25,26.0,25.75,26.25,26.75,27.0,26.0,26.5,26.0,26.0,26.0,26.0,26.0,26.0,26.0,25.5,25.75,26.0,26.25
79.0
26.75,26.75,26.5,26.0,26.5,26.5,27.0,26.75,26.0,26.75,27.0,26.75,26.25,26.25,26.5,26.0,27.0,26.5,27.0,26.75,26.5,26.5,26.25,26.25,27.0,28.25,27.25,27.0,26.5,26.25,25.75,26.25,27.0,28.25,28.0,28.5,27.5,26.5,26.25,26.5,27.0,26.75,27.0,27.5,26.5,26.5,26.25,26.0,26.25,26.75,26.25,26.0,26.25,26.25,26.0,26.0,26.5,26.0,26.25,26.0,25.75,25.75,26.0,25.75
80.0
26.5,26.25,26.25,25.75,26.25,26.5,27.0,26.75,26.25,26.25,26.75,27.0,26.25,26.0,26.25,26.0,27.25,26.75,27.0,26.25,26.5,26.5,26.0,26.0,26.5,27.75,27.5,26.25,26.5,25.75,26.0,26.0,27.25,28.25,27.75,28.5,27.25,26.25,26.0,26.5,26.75,26.5,27.0,27.0,26.0,26.75,25.75,25.25,26.5,26.5,26.5,26.0,26.5,26.0,26.0,25.75,26.25,26.0,26.25,26.0,26.0,25.75,25.5,25.5
81.0
26.25,26.25,26.0,26.0,26.0,26.0,26.75,27.25,26.5,26.5,26.25,26.5,26.75,26.0,26.0,26.5,26.75,26.75,27.0,26.5,26.0,26.75,26.5,26.25,26.5,28.0,28.0,27.0,26.75,26.25,26.5,26.25,27.5,28.25,27.75,28.0,27.0,26.5,26.0,26.25,27.25,27.0,27.25,27.25,26.25,26.25,25.75,26.0,26.5,26.5,26.5,26.5,26.5,25.75,26.0,25.5,26.25,25.75,26.25,25.75,26.25,26.0,25.5,25.5
82.0
25.75,26.75,26.25,26.25,26.5,26.0,26.75,26.5,26.25,26.5,27.0,26.5,26.25,26.25,26.5,26.25,26.5,26.75,27.0,26.0,26.25,26.25,26.25,26.0,27.0,28.5,27.5,26.75,26.75,26.0,26.25,26.5,27.5,28.25,28.0,28.25,27.0,26.25,26.75,26.25,26.75,26.75,27.5,27.25,26.75,26.25,26.25,25.75,26.5,26.5,26.0,26.0,26.0,26.25,25.5,25.25,26.25,25.75,26.0,25.75,26.25,25.5,25.5,26.0
83.0
26.0,26.75,26.25,26.0,26.25,26.0,26.5,26.75,25.75,26.25,26.75,26.5,26.5,26.25,25.75,25.75,26.5,26.75,27.0,26.0,26.25,26.5,26.25,25.75,27.0,28.25,27.5,26.75,26.5,25.75,26.25,26.5,27.5,28.0,27.5,28.5,27.25,26.25,26.5,26.5,26.5,26.5,27.25,27.0,26.25,26.25,26.25,25.5,26.0,26.5,26.25,26.0,26.0,26.0,25.75,26.0,26.0,26.25,26.0,26.5,26.25,26.0,25.25,26.25
84.0
26.0,26.25,26.25,26.25,26.5,26.0,26.5,26.5,26.5,26.5,26.5,26.25,26.25,26.25,25.75,26.5,26.75,27.5,27.0,26.5,26.25,26.5,26.25,26.25,27.0,28.25,27.5,26.5,26.25,26.25,25.5,26.25,27.25,28.5,27.75,28.25,27.0,26.25,25.5,26.75,26.75,27.0,27.25,27.0,26.0,26.5,26.0,25.75,26.25,26.75,26.25,26.0,26.5,25.75,25.75,25.75,26.25,26.5,26.0,26.5,26.75,25.75,25.75,26.0
85.0
26.25,26.75,26.5,26.0,26.25,25.75,27.25,26.75,26.0,26.5,26.75,26.75,26.25,26.0,26.25,26.0,26.5,27.25,26.75,26.25,26.25,26.5,26.25,26.25,27.5,28.5,27.25,26.5,26.5,26.25,26.5,26.25,27.5,28.25,28.25,28.25,26.75,26.5,26.25,26.5,26.5,27.0,27.5,27.25,26.0,26.25,25.75,25.75,26.5,26.5,26.25,26.0,26.25,25.75,25.75,25.75,26.5,26.25,26.5,26.25,26.25,25.75,25.5,26.25
86.0
26.25,26.5,26.25,25.75,26.25,26.0,26.75,26.75,26.25,26.5,26.75,26.25,26.5,26.0,26.0,26.0,27.0,27.25,27.0,26.25,26.5,26.25,26.25,26.0,27.0,28.5,27.5,26.5,26.25,26.0,26.25,26.25,27.5,27.75,28.0,28.5,26.75,26.25,26.75,26.75,27.25,26.75,27.5,27.25,26.0,26.0,25.75,25.75,26.5,26.75,26.5,26.0,26.0,26.0,26.0,25.75,25.75,25.75,25.75,26.5,25.75,26.0,26.0,26.5
87.0
26.25,26.5,26.0,26.0,26.5,26.0,27.0,26.5,26.25,26.5,27.0,26.75,26.5,26.5,26.25,26.25,26.5,27.0,26.75,26.0,26.25,26.25,26.5,26.0,27.5,28.0,27.5,26.75,26.25,26.0,26.25,26.25,27.25,28.0,28.0,28.25,26.75,26.25,26.25,26.5,26.5,26.5,27.5,27.25,26.25,26.5,26.25,26.0,26.25,26.5,26.75,26.0,25.75,26.25,25.5,25.75,25.75,25.75,26.25,26.5,25.75,25.5,25.5,26.0
88.0
26.0,26.0,26.75,25.5,26.25,25.75,27.0,26.75,26.5,26.25,26.75,26.25,26.5,25.5,25.75,26.25,26.75,27.25,27.25,26.0,26.25,26.25,26.0,25.75,27.25,28.0,27.75,26.5,26.25,26.25,26.25,26.25,27.25,27.75,28.25,28.75,26.75,26.25,25.75,26.5,26.5,26.75,27.0,27.25,26.25,26.0,25.75,25.5,26.5,26.5,26.5,26.5,26.0,26.0,25.75,25.5,26.25,25.75,26.0,26.25,25.75,25.5,25.75,25.75
89.0
26.0,26.0,26.5,25.75,26.5,26.0,26.75,26.5,26.25,26.5,26.5,26.75,26.0,26.0,26.0,26.25,27.25,27.5,27.0,26.25,26.75,26.5,26.0,26.0,27.25,28.25,27.25,26.5,26.0,25.75,26.0,26.5,27.5,28.0,28.25,28.25,26.5,26.0,26.5,26.5,27.0,26.75,27.25,27.25,26.25,26.5,25.75,25.5,26.75,26.5,26.5,26.0,26.25,26.25,25.75,25.75,26.25,26.0,26.5,26.0,26.25,26.0,25.75,26.0
90.0
26.25,26.5,26.0,25.75,26.25,26.0,26.75,26.75,26.75,26.25,26.5,26.25,26.5,26.0,26.25,26.0,27.0,27.5,27.0,26.0,26.25,26.5,26.5,26.25,27.75,28.5,27.25,26.5,26.5,26.25,26.0,26.0,27.25,28.25,28.0,28.25,27.25,26.25,25.75,26.75,27.0,26.0,27.25,27.0,26.5,26.25,25.75,25.75,26.75,26.75,26.5,26.25,26.25,25.75,25.75,25.5,26.25,26.5,26.5,26.25,25.75,25.75,25.75,26.25
