1.0
26.25,26.5,26.5,26.5,26.5,26.25,26.5,26.25,26.0,26.5,26.5,26.25,26.25,26.25,26.25,26.25,26.75,26.5,26.5,26.25,26.0,26.5,26.5,26.0,26.25,27.0,27.0,26.5,26.0,25.75,26.0,26.5,27.0,27.25,28.25,26.75,26.25,26.0,26.5,26.25,26.75,27.75,28.75,27.25,26.0,25.75,26.0,25.5,26.75,27.5,27.0,26.75,26.5,26.25,25.25,25.75,26.0,26.5,26.5,26.25,26.25,25.75,25.25,26.25
2.0
26.5,27.0,26.25,26.0,27.0,26.5,27.0,26.5,26.75,26.25,26.25,26.25,26.5,26.25,26.5,26.0,27.0,26.5,26.5,26.25,26.5,26.75,26.25,26.0,26.5,26.75,27.0,26.5,26.25,26.0,26.5,26.0,27.25,27.25,28.25,27.25,26.25,26.5,26.25,26.5,27.5,28.0,28.75,27.25,26.0,26.25,26.25,26.0,26.75,27.0,27.0,26.0,26.25,25.75,26.0,25.5,26.75,26.5,26.5,26.5,26.5,25.5,25.75,26.0
3.0
25.75,26.5,26.5,26.5,27.25,26.25,26.75,26.5,26.25,25.75,26.5,26.25,26.5,26.25,26.25,26.25,26.75,26.25,26.25,26.0,26.25,26.0,26.25,26.25,26.25,26.75,26.75,26.0,26.0,25.75,26.25,26.0,27.25,27.75,28.25,27.0,26.0,26.25,26.25,26.5,27.25,28.0,28.75,27.25,25.75,25.75,25.5,26.0,26.75,27.25,26.5,26.5,26.25,26.0,25.25,26.0,26.75,26.0,26.25,26.0,25.75,26.0,25.25,25.75
4.0
25.75,26.5,26.5,26.25,26.75,26.25,27.0,26.25,26.25,26.25,26.0,26.5,26.25,26.25,26.5,26.25,27.0,26.25,26.0,26.0,26.0,26.75,26.0,25.75,26.25,26.75,26.75,26.25,26.5,26.0,26.25,26.0,27.0,27.25,28.0,26.75,26.0,26.5,26.0,26.25,27.0,28.25,28.75,27.25,26.5,26.25,26.25,26.0,26.75,27.25,27.0,26.0,26.0,26.25,25.75,25.75,26.5,26.25,26.0,26.0,26.0,25.5,25.25,25.75
5.0
26.0,26.0,26.5,26.25,26.75,25.75,27.0,27.0,26.0,26.0,26.25,26.75,26.5,26.0,26.5,25.75,26.5,26.0,26.75,26.0,26.0,26.5,26.25,26.25,26.25,26.75,26.75,26.25,26.25,25.75,26.25,26.5,26.75,27.25,28.5,27.0,26.0,25.75,26.0,26.25,27.25,28.25,28.5,26.75,26.0,26.0,26.0,25.25,27.0,26.75,27.0,26.25,26.0,26.0,26.0,25.5,25.75,26.0,26.0,26.5,26.0,25.5,25.75,25.75
6.0
26.5,26.25,26.5,26.0,26.5,26.75,26.75,26.25,26.5,26.0,26.0,26.25,26.0,26.0,26.0,26.25,26.5,26.5,26.0,26.5,26.5,26.25,26.25,26.25,26.25,26.5,26.75,26.25,26.0,26.25,26.0,26.25,26.75,27.5,28.25,26.75,26.25,26.25,26.25,26.0,27.25,28.0,28.75,26.75,26.25,26.25,25.75,25.5,26.75,27.25,27.0,26.5,26.0,26.25,25.75,25.5,26.0,26.5,26.25,26.0,26.25,26.0,26.0,25.5
7.0
26.5,26.5,26.5,26.0,27.0,27.0,26.75,27.25,26.5,26.25,26.25,26.25,26.25,26.5,26.5,26.5,26.75,26.25,26.75,26.5,26.75,26.75,26.25,26.5,26.75,27.0,27.25,26.5,26.25,26.5,26.25,26.5,27.25,27.75,28.5,27.25,26.5,26.5,26.5,26.25,27.25,28.0,29.25,27.0,26.25,26.5,26.0,26.25,27.0,27.5,27.5,26.5,26.25,26.0,26.0,26.25,27.25,26.5,26.75,26.5,26.5,26.25,26.0,26.25
8.0
26.0,26.0,26.25,26.25,26.5,27.0,27.0,26.75,26.5,26.0,25.75,26.25,26.5,26.5,26.25,26.25,26.75,26.25,26.5,26.25,26.5,26.5,26.0,26.0,25.75,26.75,27.0,26.25,26.0,25.75,26.25,26.5,26.75,27.5,28.5,26.75,26.25,26.0,26.5,25.75,27.25,28.25,28.75,27.5,25.75,26.25,25.75,25.25,26.75,27.0,27.25,26.25,26.5,26.25,25.75,26.0,26.25,26.25,26.25,26.5,26.0,25.75,26.25,26.0
9.0
26.0,26.75,26.25,25.5,26.75,26.75,27.5,26.75,26.0,26.5,26.5,26.25,26.25,26.0,26.25,26.25,26.25,26.0,26.5,26.25,26.25,26.5,26.25,26.25,26.25,26.75,27.25,26.25,26.25,25.75,26.25,26.25,27.0,27.25,28.5,27.0,26.25,26.25,25.75,26.5,27.25,28.0,29.0,26.75,26.25,26.25,25.75,26.0,26.75,27.5,27.0,26.5,26.75,26.0,25.75,25.75,26.5,26.0,26.75,26.25,26.25,25.75,25.75,26.25
10.0
26.0,26.0,26.5,26.0,26.75,27.0,27.5,27.0,26.25,26.25,25.75,26.25,26.25,26.5,26.75,26.5,26.75,26.0,26.5,26.0,26.25,26.5,26.5,25.75,26.5,26.25,26.75,26.5,26.25,26.0,26.25,26.25,26.75,27.5,28.5,27.0,26.0,26.5,26.0,26.25,27.25,28.0,29.0,27.0,26.0,26.25,25.75,26.25,26.75,27.0,27.0,26.25,26.25,26.0,26.0,26.0,26.25,26.25,26.0,26.25,26.0,26.0,25.75,25.75
11.0
26.25,26.25,26.5,25.75,26.25,26.75,28.25,26.75,26.25,26.0,26.25,26.25,26.25,26.75,26.25,26.0,26.75,26.25,26.25,26.5,26.0,26.5,26.5,26.25,26.5,26.75,27.0,26.5,26.0,26.5,26.0,26.0,26.5,27.25,28.75,27.0,26.25,26.25,26.25,26.5,27.25,28.25,28.5,27.5,25.75,26.25,25.75,25.75,26.75,27.0,26.75,26.0,26.0,26.25,25.75,25.25,26.75,25.75,26.5,26.25,25.75,25.5,25.5,25.75
12.0
26.0,26.25,26.25,25.75,26.5,26.25,27.5,27.5,26.5,26.0,26.0,26.0,26.25,26.25,27.0,26.5,26.75,26.75,26.25,26.25,26.0,27.0,26.25,26.25,26.5,27.0,27.25,26.25,26.25,26.5,26.25,26.75,27.0,27.25,28.25,26.75,26.75,26.75,26.0,26.25,27.25,28.25,28.75,27.0,26.0,26.0,26.0,25.5,27.0,27.0,26.75,26.0,26.0,26.0,25.5,26.0,26.25,26.5,25.75,26.25,26.0,25.5,26.0,25.75
13.0
26.25,26.0,26.0,26.0,26.25,25.75,27.0,27.5,26.0,26.5,26.25,26.0,26.5,26.5,27.25,26.25,26.75,26.5,26.75,26.25,26.5,26.5,26.75,26.0,26.25,27.0,26.75,26.25,26.25,25.5,26.25,26.25,26.75,27.5,28.25,26.75,26.0,26.5,25.75,26.5,27.0,28.0,28.75,27.25,26.25,26.25,25.75,25.75,26.75,27.5,26.75,26.25,26.0,26.5,25.75,25.5,26.5,26.25,27.0,26.5,25.75,25.75,25.75,25.75
14.0
26.0,26.75,26.75,26.0,27.25,26.5,28.0,27.75,26.75,26.25,26.25,26.25,26.75,26.5,27.75,26.5,27.25,26.75,26.25,26.25,26.25,26.75,27.0,26.25,26.5,26.75,27.25,26.75,26.25,26.25,26.25,26.75,27.5,27.25,28.5,26.75,26.75,26.5,26.75,26.5,27.25,28.5,28.75,27.5,26.5,26.25,25.75,25.75,26.75,27.0,27.25,26.5,26.0,26.5,26.0,25.75,26.0,26.5,26.5,26.25,26.5,26.5,25.75,26.0
15.0
26.0,26.25,26.25,25.75,26.25,26.5,27.25,27.75,26.0,26.25,26.25,26.25,26.25,26.25,27.0,26.75,27.0,26.25,26.25,26.0,26.0,26.5,26.25,26.25,26.0,26.75,27.0,26.5,26.25,26.25,26.0,26.5,26.75,27.25,28.0,26.75,26.0,26.25,26.0,26.5,26.75,28.0,28.75,27.75,25.5,26.25,25.75,26.0,26.25,26.75,26.75,26.0,26.0,26.0,25.75,25.75,26.75,26.0,26.25,26.25,26.0,25.75,25.5,26.5
16.0
26.0,25.75,26.0,26.25,26.25,26.0,26.75,28.25,26.5,26.5,26.25,26.5,26.25,26.5,27.0,27.25,26.75,26.5,26.5,26.0,26.25,26.75,26.5,26.5,26.25,26.5,27.0,26.25,26.5,25.75,26.0,26.0,26.5,27.25,28.25,26.75,26.25,26.0,26.0,26.75,27.0,28.0,28.5,27.0,26.0,26.0,26.0,26.0,26.25,26.75,26.75,26.0,26.0,26.0,25.75,25.5,26.0,26.25,26.25,25.75,25.75,26.0,25.5,25.75
17.0
26.5,26.25,26.25,25.5,26.25,26.5,27.25,28.5,26.25,26.25,26.25,26.0,26.5,26.5,27.25,27.25,26.25,26.5,26.5,26.25,26.25,26.5,27.0,26.25,26.5,26.75,27.0,26.5,26.25,26.0,26.25,26.0,26.75,27.75,28.25,27.0,26.5,26.5,26.5,26.0,27.25,28.5,28.5,27.25,26.0,26.5,25.75,25.75,27.0,27.0,27.25,26.5,26.0,26.25,25.75,25.75,26.5,26.0,26.0,26.0,26.25,25.75,25.75,25.75
18.0
26.25,26.75,26.0,26.0,26.5,26.25,27.25,28.25,26.25,26.25,26.5,26.25,26.0,26.0,27.0,27.25,27.0,26.75,26.75,26.75,26.5,26.75,26.75,26.75,26.75,26.75,27.0,26.5,26.25,25.75,26.5,26.75,26.75,27.0,28.25,26.75,26.25,26.5,26.25,26.25,27.0,28.0,28.75,27.25,26.0,26.25,26.0,25.75,26.25,26.75,26.75,26.5,26.25,25.75,25.75,25.5,26.25,26.25,26.25,26.0,26.0,25.75,26.0,26.5
19.0
26.75,26.5,26.5,26.5,26.25,26.25,27.0,28.0,26.0,26.75,26.5,26.25,26.5,26.75,26.75,27.75,26.75,26.75,26.5,26.5,26.75,27.0,27.0,26.75,26.5,27.0,27.0,26.5,26.25,26.25,26.5,26.5,27.25,27.5,28.5,27.25,26.5,26.0,26.25,26.25,27.25,28.25,28.75,27.25,26.0,26.25,26.0,25.5,26.75,27.0,27.5,26.75,26.25,26.0,25.75,26.0,26.25,26.5,26.0,26.5,26.0,25.5,26.0,26.5
20.0
26.0,26.5,26.25,26.0,26.25,26.5,27.0,28.0,26.25,26.25,26.25,26.25,26.25,26.25,27.0,27.5,26.5,26.5,26.5,26.5,26.25,26.5,26.75,26.75,26.5,26.75,26.75,26.5,26.5,26.0,26.25,26.25,26.75,27.25,28.25,27.0,26.25,26.25,26.5,26.75,27.5,28.0,28.75,27.25,25.5,26.25,25.75,25.5,27.0,27.5,27.25,26.0,26.25,26.25,26.0,26.25,26.25,26.0,25.75,26.25,26.0,26.0,26.0,26.0
21.0
26.75,26.25,26.25,26.25,26.5,26.75,27.25,27.25,26.5,27.0,26.25,26.0,26.75,26.0,27.25,27.25,27.0,26.5,26.5,26.25,26.75,26.0,26.5,27.25,26.25,26.5,27.0,27.0,26.25,26.5,26.25,26.75,27.0,27.5,28.5,26.75,26.5,26.5,26.5,26.75,27.25,28.5,29.0,27.75,26.25,26.25,26.25,26.0,27.0,27.25,27.0,26.5,26.5,26.25,25.75,26.0,26.75,26.75,26.25,26.5,26.25,26.25,25.75,26.25
22.0
26.0,26.25,26.0,26.0,26.75,25.75,26.75,27.0,26.25,26.25,26.25,26.0,26.25,26.25,27.0,27.5,26.75,26.25,26.5,26.25,26.25,26.5,26.75,26.75,26.0,26.75,27.0,26.5,26.25,26.0,26.5,26.5,27.25,26.75,28.25,26.5,26.75,26.0,26.5,26.5,27.25,27.75,29.25,27.25,25.75,26.25,25.75,25.25,25.75,27.0,26.75,26.0,26.0,26.25,25.5,25.75,25.75,26.0,26.25,26.0,26.0,25.75,25.75,26.25
23.0
26.0,26.75,26.0,26.5,26.0,26.5,26.75,27.25,26.5,26.0,26.5,25.75,26.25,25.75,26.75,27.25,26.75,26.5,26.5,25.75,26.0,26.25,26.5,26.75,26.0,26.5,26.75,26.25,26.5,26.0,26.0,26.0,26.75,26.75,28.25,27.0,25.75,26.25,26.0,26.75,26.75,28.25,28.75,26.75,26.5,26.0,25.5,25.5,26.75,26.75,27.0,26.25,26.0,26.25,25.75,25.5,25.75,26.0,26.25,26.0,26.0,25.75,25.5,25.5
24.0
26.0,26.25,26.25,26.0,26.5,26.5,26.75,27.25,26.5,26.5,26.0,26.25,26.25,26.0,26.5,27.25,26.75,26.5,26.25,26.0,26.0,26.25,26.75,26.75,26.0,27.0,26.75,26.5,25.75,26.0,26.75,26.25,27.0,27.75,28.5,26.75,26.5,26.25,26.25,26.5,26.75,28.25,29.0,27.0,26.0,26.0,26.0,25.75,26.75,27.25,27.0,26.5,26.0,26.0,26.0,25.5,26.25,26.0,26.25,26.0,26.25,25.5,25.75,25.75
25.0
26.0,26.25,25.75,26.25,26.0,26.25,26.75,27.25,26.0,26.75,26.0,26.5,26.25,26.25,25.75,27.0,26.75,26.25,26.5,26.25,26.5,26.0,26.5,27.0,26.25,27.0,27.0,26.5,26.25,25.75,26.5,26.0,26.5,27.0,28.5,26.5,25.75,26.25,26.5,26.5,27.25,28.25,28.5,27.25,26.0,26.25,26.25,25.75,26.5,27.0,26.75,26.25,26.25,26.0,25.75,26.0,26.25,26.25,26.0,26.5,26.0,25.75,26.0,26.5
26.0
26.25,26.75,26.5,26.0,26.0,26.25,27.0,27.0,26.5,26.5,26.25,26.25,26.75,26.5,26.75,27.25,26.75,26.5,26.25,26.5,26.25,26.75,26.5,27.0,26.25,26.5,27.25,26.25,26.25,26.25,26.5,26.5,27.5,27.5,28.75,27.0,26.5,26.5,26.25,26.75,27.5,28.0,29.0,27.75,26.25,26.25,26.25,25.5,26.75,27.0,26.75,26.5,26.25,26.5,25.5,26.0,26.5,26.25,26.5,26.5,26.0,26.25,26.0,26.0
27.0
26.0,26.75,27.0,25.5,26.5,26.25,26.75,26.75,26.25,26.25,26.0,26.25,26.5,26.25,26.25,26.75,26.5,26.0,26.25,26.0,26.25,26.5,26.5,27.0,26.75,26.75,27.25,26.25,26.0,26.0,26.5,26.5,26.75,27.5,28.25,26.5,26.25,26.5,26.5,26.5,27.0,27.75,28.75,27.25,26.25,26.0,26.0,26.0,26.5,27.0,27.0,26.25,26.5,25.75,25.5,26.25,26.75,26.0,26.25,26.0,26.0,25.75,25.5,26.0
28.0
26.0,26.5,26.5,26.25,26.25,26.5,26.75,26.75,26.0,26.25,26.5,26.0,26.5,26.25,26.25,27.5,26.75,26.25,26.5,26.25,26.25,26.0,26.75,26.75,26.25,26.75,27.25,26.25,26.75,26.25,26.5,26.0,26.75,27.5,28.25,26.5,26.0,26.75,26.5,26.0,26.25,27.75,28.75,27.0,26.25,26.25,26.0,25.5,26.75,27.0,26.5,26.25,26.0,26.25,25.5,26.25,26.25,25.5,26.0,26.0,25.75,25.75,25.25,26.0
29.0
26.25,27.0,26.5,26.0,26.25,26.25,26.5,27.25,26.5,26.5,26.25,26.0,26.25,26.0,26.0,26.75,26.5,26.0,26.25,26.5,26.5,26.25,26.75,26.75,26.25,26.5,26.75,26.5,25.75,26.0,26.0,26.5,27.0,27.75,28.0,27.0,26.5,26.0,26.5,26.25,26.75,27.5,28.75,27.25,25.75,26.0,25.75,25.75,26.5,27.0,26.5,26.0,26.25,26.0,25.5,25.75,26.0,26.75,26.5,26.25,25.5,25.5,25.75,26.25
30.0
26.25,26.5,26.5,25.75,26.25,26.0,27.25,27.25,26.75,26.25,26.25,26.5,26.25,26.0,26.25,26.75,27.25,26.25,26.5,26.5,26.25,26.25,26.75,27.0,26.5,26.75,27.25,26.75,26.5,26.0,26.25,26.5,27.0,27.75,28.0,26.75,26.25,26.25,26.5,26.25,27.0,28.0,28.75,27.25,26.0,26.25,26.0,25.75,26.75,26.75,26.5,26.25,26.25,26.0,25.75,26.0,26.5,26.0,26.5,26.25,26.0,25.75,26.25,25.75
31.0
26.5,26.75,26.25,26.0,26.5,26.25,26.75,27.25,26.5,26.75,26.25,26.5,26.75,26.25,26.5,27.0,27.0,26.5,26.75,26.75,26.75,26.25,26.0,27.0,26.25,26.5,27.25,26.75,26.5,26.0,26.5,26.25,27.25,27.75,28.0,26.75,26.5,26.25,26.25,26.25,27.0,27.5,28.5,27.25,26.5,26.75,25.75,25.75,26.75,27.0,26.5,26.25,26.5,26.5,25.5,25.75,26.75,26.5,26.5,26.5,26.25,26.25,26.0,25.5
32.0
26.75,26.75,26.5,26.25,26.5,26.75,27.0,27.25,26.25,26.75,26.5,26.25,27.0,26.5,26.5,27.0,27.25,26.5,26.75,26.25,26.0,26.5,26.75,27.5,26.75,27.25,27.0,26.5,26.0,26.25,26.5,26.5,27.25,28.5,28.25,27.25,26.25,26.0,26.75,26.25,26.75,28.25,29.25,27.5,26.25,26.5,26.25,26.0,26.75,27.0,26.75,26.5,26.25,26.25,26.0,25.75,26.25,26.5,26.75,26.75,26.5,25.75,26.0,26.0
33.0
26.5,26.25,26.5,26.5,26.25,26.5,26.75,27.25,26.5,26.25,26.25,26.5,26.75,26.25,26.75,27.0,27.0,26.5,26.5,26.5,26.25,27.0,26.5,27.0,26.75,26.75,27.25,26.5,26.5,26.25,26.25,26.5,27.0,28.0,27.75,27.0,26.75,26.0,26.75,26.25,27.0,28.0,29.0,27.0,26.25,26.0,26.25,26.0,26.75,27.25,26.5,26.25,26.5,26.5,26.0,25.75,26.75,26.5,26.25,26.0,26.0,26.25,26.25,25.75
34.0
26.5,26.5,26.5,26.25,26.25,26.5,26.5,26.75,26.5,26.75,26.25,26.5,26.75,26.5,26.5,27.5,27.25,26.5,26.5,26.25,26.25,26.5,26.5,27.25,26.75,26.5,27.0,26.25,26.0,25.75,26.75,26.5,27.0,27.5,28.0,27.0,26.25,26.25,26.25,26.5,26.5,27.5,28.5,27.25,26.75,26.0,25.75,26.0,26.75,26.5,26.25,26.25,26.0,26.5,25.75,25.75,25.75,26.25,26.25,26.5,26.0,26.0,26.0,26.0
35.0
26.5,26.75,26.0,26.25,26.25,26.25,26.75,26.75,26.25,26.0,26.5,26.25,26.0,26.0,26.25,27.25,26.75,26.5,26.5,26.0,26.5,26.25,26.75,26.75,26.25,26.75,27.0,26.5,26.25,26.5,26.25,26.5,26.75,28.25,27.75,27.0,26.25,26.75,26.5,26.25,27.25,27.5,28.75,26.75,26.25,26.0,26.25,25.75,26.75,26.5,26.5,26.5,26.5,26.25,26.0,26.25,26.25,26.0,26.75,26.25,25.75,25.75,25.75,26.0
36.0
26.5,26.5,26.25,25.75,26.5,26.25,27.0,27.0,26.5,26.25,26.5,26.25,26.25,26.25,26.5,27.25,27.0,26.25,26.5,26.5,26.5,26.25,26.5,27.0,26.5,27.0,27.25,26.5,26.5,26.25,26.5,26.5,27.0,27.75,28.5,27.0,26.25,26.25,26.25,26.5,26.75,27.25,28.5,27.25,26.25,26.25,25.5,25.75,27.0,26.75,26.5,26.5,26.0,26.0,25.75,26.0,26.5,26.25,26.25,26.5,25.5,25.75,25.25,26.0
37.0
26.5,26.5,26.25,25.75,26.5,26.25,27.0,27.0,26.5,26.25,26.5,26.25,26.25,26.25,26.5,27.25,27.0,26.25,26.5,26.5,26.5,26.25,26.5,27.0,26.5,27.0,27.25,26.5,26.5,26.25,26.5,26.5,27.0,27.75,28.5,27.0,26.25,26.25,26.25,26.5,26.75,27.25,28.5,27.25,26.25,26.25,25.5,25.75,27.0,26.75,26.5,26.5,26.0,26.0,25.75,26.0,26.5,26.25,26.25,26.5,25.5,25.75,25.25,26.0
38.0
26.5,26.75,26.75,26.25,26.75,26.75,27.0,27.75,26.75,26.5,26.25,26.25,26.75,26.5,26.5,27.5,26.75,26.5,26.75,26.25,26.75,26.75,26.75,27.0,27.25,27.0,27.25,27.0,26.75,26.25,26.5,26.5,27.0,27.75,28.0,26.75,26.25,27.0,26.5,26.5,27.5,28.25,28.75,27.5,26.5,26.5,26.25,25.75,26.75,27.0,26.5,26.5,26.5,26.0,26.0,26.0,26.25,26.5,27.0,27.0,26.25,26.0,26.5,26.25
39.0
26.5,26.5,26.25,26.0,26.25,26.25,27.0,27.0,26.5,26.5,26.25,26.25,27.0,26.5,26.5,27.25,27.0,26.25,27.0,26.25,26.25,26.75,26.75,26.5,26.5,27.5,26.75,26.75,26.25,26.0,26.5,26.25,27.25,28.0,28.5,26.75,26.5,26.25,26.5,26.5,27.5,27.75,28.25,27.5,26.25,26.5,25.75,26.5,26.5,26.75,27.5,26.0,26.5,26.25,26.25,25.75,26.25,26.5,25.75,26.25,26.0,26.25,25.75,26.25
40.0
26.25,26.75,26.5,26.0,26.75,26.5,26.5,26.75,26.5,27.0,26.5,26.25,27.0,26.25,26.25,27.25,26.5,26.5,26.5,26.25,26.5,26.75,26.5,26.75,26.75,26.75,27.0,26.75,26.5,26.5,26.5,26.25,27.0,27.5,28.5,27.0,26.25,26.25,26.25,26.25,27.25,27.75,29.5,27.25,26.25,26.5,26.25,26.0,27.0,27.0,26.75,26.5,26.5,26.25,26.0,25.75,25.75,26.0,26.0,26.5,26.0,26.25,25.75,26.25
41.0
26.25,26.75,26.25,26.5,26.5,26.75,27.0,26.75,26.5,26.25,26.0,26.25,26.0,26.0,26.25,27.0,26.75,26.5,26.5,26.25,26.25,26.5,26.5,27.0,26.5,27.5,27.25,26.25,26.25,26.25,26.75,26.25,26.75,28.0,28.75,27.25,26.5,26.25,26.25,26.5,26.75,28.0,28.5,27.0,26.25,26.75,25.75,26.25,27.0,26.75,26.25,26.25,26.5,26.0,25.5,26.0,26.75,25.75,26.5,26.5,26.0,25.75,26.25,26.0
42.0
26.25,26.5,26.25,26.0,26.25,26.25,27.0,27.0,26.5,26.75,26.75,26.0,26.5,26.0,26.25,27.25,26.75,26.75,26.75,26.25,26.5,26.5,26.5,27.0,26.5,28.0,27.5,26.5,26.25,25.75,26.5,26.25,27.5,28.5,28.75,27.5,26.25,26.5,26.25,26.5,26.75,27.75,28.5,26.75,26.5,26.25,26.0,26.0,26.0,26.75,26.25,26.5,26.5,26.25,25.75,26.0,26.25,25.75,26.5,26.5,25.75,25.5,26.0,26.0
43.0
26.75,26.25,26.25,26.5,26.75,26.5,26.75,27.5,26.5,26.5,26.25,26.25,26.25,26.25,26.5,27.25,27.0,26.75,27.0,26.25,26.5,26.25,26.75,27.0,27.0,27.25,27.75,26.5,26.5,26.25,26.75,26.75,27.5,29.0,29.25,27.25,26.25,26.75,26.25,26.5,27.0,27.75,28.5,26.75,26.5,26.5,26.25,26.0,26.5,26.75,26.25,26.5,26.0,26.0,26.0,26.25,26.75,26.5,26.0,26.25,26.0,26.0,26.0,26.25
44.0
26.75,26.25,26.75,26.25,26.5,26.75,27.0,27.5,26.5,26.5,26.5,26.75,26.5,26.0,27.0,27.5,27.25,27.0,27.0,26.5,26.75,27.0,27.0,27.0,27.0,27.5,28.0,27.0,26.5,26.0,26.75,26.75,27.0,29.0,29.0,27.25,26.75,26.5,26.75,26.5,27.25,28.25,28.25,27.25,26.5,26.5,26.5,26.0,26.75,27.0,26.75,26.75,26.5,26.75,26.0,25.5,26.75,26.25,26.0,26.75,26.25,26.25,26.0,26.0
45.0
26.25,26.25,26.75,25.75,26.25,26.25,27.0,26.5,26.0,26.75,26.25,26.5,26.0,26.0,26.0,26.75,27.0,26.75,27.5,26.5,26.5,26.75,26.75,26.5,26.25,27.75,28.0,26.75,26.5,26.25,26.5,26.5,27.25,28.5,29.0,27.0,26.25,26.75,26.25,26.25,27.25,27.5,28.25,26.75,26.25,26.25,26.25,25.25,26.75,26.75,26.25,26.75,26.25,26.25,26.0,26.0,26.5,26.0,26.75,26.5,25.75,26.25,26.25,26.75
46.0
25.75,26.25,26.5,25.75,26.25,26.0,26.75,26.75,26.25,26.5,26.5,26.0,26.25,26.25,26.5,27.75,27.5,27.5,28.25,26.25,26.5,27.0,26.75,26.5,26.25,28.25,28.5,26.5,26.25,26.25,26.75,26.0,27.5,28.5,28.5,27.0,26.25,26.25,26.25,26.5,27.0,27.5,28.5,27.0,26.0,26.25,26.25,25.75,26.75,27.0,26.25,26.25,26.5,26.0,26.0,26.0,26.0,26.0,26.25,26.25,26.25,26.25,25.75,26.25
47.0
26.5,26.75,26.25,26.0,26.5,26.25,26.5,26.5,26.5,26.5,26.75,26.75,26.5,26.5,26.5,27.5,26.75,27.0,27.75,26.5,26.5,26.5,26.5,27.0,26.75,28.5,28.5,26.25,26.0,26.0,26.25,26.0,27.0,28.75,28.5,27.0,26.5,26.75,26.25,26.0,27.0,27.5,28.25,27.0,26.0,26.75,26.0,26.0,26.75,27.0,26.5,26.0,26.5,26.25,26.0,25.75,26.25,26.0,26.0,26.0,26.25,26.25,26.0,25.75
48.0
26.25,26.5,25.75,26.0,26.75,26.5,26.25,27.25,27.0,26.75,27.0,26.75,26.5,26.5,26.5,27.25,27.0,27.0,28.0,26.5,26.75,26.25,26.75,27.0,26.5,28.75,28.5,26.75,26.25,26.25,26.25,26.5,27.25,28.75,28.25,27.0,26.0,26.75,26.25,26.25,27.0,27.5,28.25,27.0,26.25,26.25,26.5,26.25,26.5,27.0,26.25,26.5,26.25,26.5,25.75,26.0,26.25,26.5,26.5,26.5,26.25,26.0,26.0,26.25
49.0
27.0,26.5,27.25,26.75,26.5,26.75,26.75,27.5,27.0,27.0,27.25,26.75,26.5,26.0,26.5,27.25,27.5,28.0,28.25,26.25,26.75,26.75,27.0,27.0,27.5,29.0,28.75,26.75,26.75,26.75,26.75,26.75,27.25,28.75,29.25,27.0,26.5,26.75,26.5,27.0,26.75,27.75,28.5,27.0,26.5,26.5,26.25,26.25,26.5,27.25,26.5,26.5,27.0,26.5,26.25,26.0,26.75,26.75,26.5,26.5,26.25,26.0,26.25,26.25
50.0
26.5,26.75,26.75,26.0,26.5,26.5,27.0,26.75,26.75,27.75,27.25,25.75,27.0,26.5,26.75,27.5,27.25,27.75,28.0,26.25,26.25,26.5,26.75,27.0,27.5,29.0,28.75,26.75,26.5,26.25,26.25,26.75,27.0,28.75,28.5,27.0,26.5,26.5,26.25,26.5,26.75,27.5,28.25,27.0,26.5,26.25,26.0,26.0,26.25,26.75,26.25,26.25,26.25,26.25,25.75,26.0,26.5,26.25,26.25,26.0,26.25,25.75,26.25,26.25
51.0
26.75,26.75,27.0,26.25,26.25,27.0,27.0,27.25,27.5,28.5,27.0,26.5,26.5,26.75,26.75,27.5,27.75,29.0,27.25,26.75,26.5,27.0,26.5,27.0,28.25,29.5,29.0,27.0,26.25,26.0,26.75,26.75,28.0,29.0,28.5,27.0,27.25,26.5,26.5,26.75,27.5,27.75,28.0,26.75,26.25,26.5,26.25,26.0,27.0,27.25,26.5,26.5,26.5,26.75,26.25,26.25,26.0,26.25,26.75,26.75,26.25,26.5,26.25,26.25
52.0
26.5,26.25,27.0,26.25,26.5,26.5,26.75,27.0,27.25,27.75,26.5,26.25,26.25,26.0,26.5,27.25,28.0,28.75,27.0,26.5,26.5,26.5,26.75,26.5,28.5,29.75,28.5,26.75,26.0,26.5,26.25,26.5,28.0,29.25,28.5,27.0,26.5,26.5,26.25,26.5,27.0,27.0,27.5,26.5,26.0,26.0,26.25,26.0,26.75,27.0,26.0,26.5,26.25,26.25,25.75,26.25,26.0,26.75,26.5,27.0,25.75,26.0,26.0,26.25
53.0
27.0,26.5,27.0,26.5,26.5,26.25,26.75,27.25,27.5,27.25,26.5,26.5,26.5,26.5,26.25,27.0,28.75,28.75,26.75,26.25,26.75,26.75,26.5,27.25,28.5,29.5,28.25,26.75,26.25,26.25,26.25,26.75,27.75,29.0,28.25,27.0,26.5,26.25,26.25,26.25,27.25,27.25,27.5,26.75,26.0,26.5,26.25,26.5,26.75,26.5,26.25,26.5,26.75,26.25,25.5,25.5,26.0,26.5,26.0,26.25,26.25,25.75,25.75,26.0
54.0
26.25,26.75,26.0,26.25,26.25,26.5,26.5,27.0,27.25,27.0,26.5,26.5,26.25,26.5,26.5,27.0,29.0,28.25,26.5,26.0,26.5,26.25,26.5,26.5,28.0,29.5,28.0,26.75,26.5,26.0,26.75,26.5,28.25,28.75,28.5,26.75,26.5,26.25,26.75,26.5,26.75,27.25,27.75,26.75,26.25,26.5,26.0,26.25,26.75,26.25,26.5,26.5,26.5,26.0,25.75,26.0,26.5,25.5,26.0,26.5,26.0,25.75,25.75,26.0
55.0
26.5,26.75,26.75,26.25,26.25,26.75,26.75,27.0,27.25,26.5,26.5,26.5,26.75,26.5,26.25,27.25,29.0,27.5,26.25,26.5,26.25,26.75,26.75,27.0,28.0,28.75,27.25,26.0,26.25,26.25,26.75,26.5,28.0,29.0,28.25,26.75,26.75,26.5,26.25,26.5,26.75,27.25,27.5,26.75,26.5,26.5,26.0,26.0,27.0,26.75,26.5,26.0,26.25,26.5,26.0,25.75,26.75,26.5,26.5,26.75,26.0,26.0,25.75,26.0
56.0
27.0,26.75,27.0,26.25,26.75,26.25,27.0,27.0,27.25,27.0,26.5,26.25,26.5,26.75,26.75,27.25,28.75,27.75,27.0,26.75,26.5,27.0,27.0,27.25,28.25,28.75,27.75,26.75,26.5,26.75,26.5,26.5,28.5,29.0,28.5,27.25,26.5,26.5,26.25,26.5,27.0,27.5,28.0,27.0,26.25,26.5,26.25,26.0,27.25,27.0,27.0,26.5,26.5,26.5,26.0,26.0,26.5,26.25,26.5,26.5,26.25,26.0,26.25,26.75
57.0
26.5,26.5,26.5,26.25,26.25,26.25,26.5,26.75,27.25,26.5,26.5,26.5,26.75,26.25,26.25,27.0,28.75,28.0,26.5,26.25,26.25,26.25,27.0,26.75,28.25,28.75,27.5,26.25,26.25,26.0,26.5,26.5,28.25,29.25,28.5,27.25,26.5,26.75,26.25,26.0,26.75,27.5,27.75,27.0,26.5,26.5,26.5,26.0,26.5,26.75,26.5,26.5,26.25,26.5,26.0,26.25,26.5,26.5,26.5,26.25,26.25,26.0,26.25,26.0
58.0
26.25,27.0,26.75,26.25,26.5,26.75,26.75,27.0,27.0,26.75,26.25,26.5,27.0,26.5,26.5,27.5,28.75,27.25,26.75,26.25,26.5,26.75,26.75,26.75,28.5,28.5,27.25,27.0,26.0,26.25,26.5,26.5,28.75,29.5,28.5,26.75,27.0,26.75,26.5,26.5,27.5,27.5,27.75,27.0,26.5,26.75,26.25,26.0,26.75,26.5,26.5,26.5,26.5,26.5,25.75,26.0,27.0,26.75,26.75,26.75,26.25,26.0,25.75,26.0
59.0
26.0,26.5,26.25,26.0,26.5,27.0,26.75,27.0,27.0,26.75,26.25,26.5,26.5,26.0,26.25,27.25,29.0,27.25,26.75,26.0,26.5,26.5,26.5,27.25,28.25,28.5,27.25,26.5,26.5,25.75,26.75,26.75,28.25,29.5,28.25,26.75,26.5,26.5,26.25,26.5,27.0,26.75,28.25,26.75,26.0,26.5,26.5,26.0,26.75,26.75,26.5,26.5,26.25,26.0,26.25,26.0,26.25,26.25,26.5,26.75,26.0,26.25,25.5,26.75
60.0
27.0,26.5,26.75,26.5,26.25,26.5,26.75,27.0,27.0,27.0,26.75,26.25,26.25,26.0,26.5,27.25,28.75,27.5,26.5,26.25,26.5,26.75,26.75,27.0,28.0,28.5,27.25,26.5,26.5,26.0,26.5,26.75,28.0,29.5,28.5,27.25,26.5,26.5,26.5,26.75,26.75,27.25,27.75,26.75,26.5,26.75,26.25,26.25,27.0,27.0,26.5,26.25,26.5,26.25,26.25,26.25,26.5,26.5,26.25,26.75,25.5,26.0,25.75,26.0
