1.0
27.0,29.0,27.75,26.5,26.75,26.25,27.25,27.0,27.25,29.0,28.75,27.5,26.75,26.0,26.5,26.5,27.5,28.25,28.75,26.5,26.25,26.25,26.5,26.25,26.25,27.25,27.5,26.5,26.25,25.75,26.0,26.75,26.75,26.25,26.25,26.75,26.5,26.25,26.25,26.75,26.5,26.25,26.75,26.25,26.0,26.5,25.75,25.75,26.5,26.5,26.25,26.0,26.0,25.75,25.5,25.75,26.0,25.75,26.5,26.25,26.5,25.5,26.0,25.5
2.0
27.25,29.5,28.25,27.0,26.75,26.75,27.25,27.25,27.5,29.0,29.0,27.75,26.75,26.5,26.75,26.25,27.0,28.5,28.75,26.75,26.75,26.5,26.25,26.0,26.75,27.75,27.75,26.5,26.5,26.25,26.5,26.5,27.0,26.5,26.5,26.0,26.5,26.5,26.5,26.25,26.75,26.75,26.5,26.25,26.25,26.0,26.0,26.0,27.0,26.5,26.5,25.75,26.25,26.25,26.0,25.75,26.25,26.5,26.25,26.5,26.0,26.25,26.0,26.0
3.0
27.0,28.25,27.75,26.25,26.0,26.0,27.0,26.5,28.25,28.75,28.75,27.5,26.75,26.25,26.25,26.0,27.25,28.5,28.25,26.25,26.5,26.25,26.0,26.25,26.75,28.0,27.5,26.25,26.25,26.25,26.5,25.75,26.75,26.5,26.25,25.75,26.5,26.0,26.5,26.25,26.75,26.5,26.5,26.75,26.0,26.0,25.5,25.5,26.25,26.75,26.0,26.5,26.25,26.25,25.75,25.75,26.5,26.25,26.0,26.25,26.0,26.25,26.0,25.75
4.0
27.25,28.0,27.5,26.25,26.5,26.25,27.25,27.0,28.75,29.25,28.25,27.5,27.0,26.25,27.0,26.5,27.5,29.0,28.0,26.0,26.25,26.0,26.25,26.25,27.0,28.0,27.5,26.25,26.25,26.25,26.25,26.5,27.0,26.75,26.5,26.25,26.25,26.0,26.25,26.75,26.75,26.5,26.5,26.25,26.0,26.0,25.75,26.0,26.5,26.5,26.5,26.0,26.25,26.0,26.25,25.75,25.75,26.0,26.5,26.25,26.25,26.0,25.75,26.0
5.0
28.5,27.25,26.5,26.25,26.75,26.25,27.25,27.0,28.25,29.0,28.5,27.5,26.5,26.25,26.25,25.75,28.5,28.75,27.5,26.25,26.5,26.5,26.25,26.0,26.75,27.75,27.25,26.25,26.5,26.0,26.5,26.5,26.5,26.5,26.5,26.0,26.5,26.75,27.0,26.25,26.75,26.5,26.75,26.75,26.25,26.5,26.25,25.5,26.25,27.0,26.25,26.0,25.75,26.0,26.0,26.0,26.5,26.0,26.25,26.5,26.25,25.75,26.0,26.5
6.0
27.5,27.0,26.5,26.25,26.5,26.0,27.0,27.25,29.0,28.5,27.75,26.75,26.75,26.0,26.5,26.25,28.5,28.75,27.75,27.0,26.0,26.25,26.0,26.5,27.0,27.25,27.5,26.0,26.5,26.0,26.25,26.5,26.75,26.25,26.25,26.0,26.0,26.25,26.5,26.0,27.0,26.5,26.75,26.5,26.25,26.0,26.0,25.5,26.25,26.5,26.0,26.0,26.25,26.0,25.75,26.25,26.5,26.25,26.0,26.5,26.0,26.0,25.75,26.5
7.0
26.75,26.5,26.75,26.0,26.75,26.25,26.75,27.0,28.25,27.0,27.75,27.25,26.75,26.25,26.5,26.75,28.5,27.5,27.5,26.0,26.5,26.5,26.25,26.25,27.25,28.0,27.25,26.25,26.25,26.25,26.25,26.25,26.5,26.5,26.5,26.5,26.5,26.5,26.5,26.25,26.75,26.5,26.75,26.25,26.25,26.5,26.0,25.25,26.0,26.5,26.75,26.25,26.75,26.25,25.5,26.25,26.5,26.25,26.25,26.5,26.0,25.75,26.0,26.25
8.0
26.5,27.0,26.5,25.75,26.5,26.5,27.0,26.75,26.5,26.75,27.25,26.75,26.25,26.25,26.25,26.75,28.25,26.5,26.75,26.5,26.75,26.5,26.5,25.75,28.25,28.25,27.0,26.5,26.25,26.0,25.75,26.0,27.0,26.0,26.25,26.25,26.25,26.25,26.5,26.5,27.25,26.75,26.75,26.25,26.0,26.25,26.25,25.5,26.25,26.5,26.0,26.25,26.25,26.25,25.75,25.75,26.5,26.5,26.5,26.25,26.0,26.0,25.75,26.25
9.0
26.5,26.75,26.25,25.75,26.5,26.25,27.25,26.25,26.75,27.0,27.5,27.0,26.25,26.25,26.5,26.25,27.25,26.25,26.5,26.0,26.25,26.5,26.0,26.0,28.0,27.0,26.5,26.0,26.0,26.25,25.75,26.0,27.25,26.75,26.25,25.75,26.5,26.5,26.0,26.5,27.0,26.75,26.25,26.75,26.0,26.0,25.75,25.75,26.0,26.75,26.0,26.0,26.5,26.25,25.75,25.25,26.25,26.0,25.75,26.0,26.0,25.5,25.75,26.25
10.0
26.25,26.5,26.5,26.0,26.5,26.25,27.0,27.0,26.75,26.5,27.5,26.75,26.25,26.5,26.0,26.5,26.75,26.25,26.5,26.25,26.25,26.5,26.0,26.0,28.0,26.5,26.5,26.0,26.25,25.75,26.0,26.25,27.25,27.0,26.5,26.0,26.5,26.25,26.25,26.25,26.5,26.75,26.5,26.0,26.0,26.5,26.0,26.0,26.5,27.0,26.5,25.5,26.0,26.25,25.75,25.75,26.75,26.0,26.25,25.75,26.0,25.75,25.75,26.5
11.0
26.0,26.75,26.25,26.25,26.5,26.25,27.0,26.75,26.25,26.75,27.5,26.5,26.75,25.75,26.25,26.5,27.25,26.25,26.75,26.5,26.0,26.5,26.5,26.5,27.25,26.75,26.75,26.25,26.25,26.25,26.0,26.0,27.25,26.75,26.5,26.0,26.25,26.5,26.75,26.25,26.5,26.5,26.5,26.5,26.25,26.5,26.0,25.5,26.5,26.75,26.25,26.25,26.0,26.0,25.75,25.5,25.75,26.25,26.0,26.0,26.0,26.0,25.75,26.0
12.0
25.75,26.5,26.0,26.5,26.25,26.25,27.0,27.0,26.75,26.75,28.0,26.75,26.5,26.5,26.25,26.0,27.5,26.25,27.0,26.0,26.25,26.0,25.75,26.25,27.75,26.5,26.25,26.0,26.0,26.0,26.5,26.5,27.25,26.5,26.5,26.25,26.5,26.25,25.75,26.5,27.0,26.5,26.5,26.5,25.75,26.25,26.0,26.0,26.5,26.5,26.25,26.0,26.0,25.75,26.0,26.0,26.25,26.25,26.5,26.0,26.0,25.75,25.75,26.0
13.0
26.5,27.0,26.75,26.0,26.5,26.25,27.0,27.0,26.5,26.75,27.5,27.0,26.25,26.25,26.25,26.5,27.75,26.75,27.25,26.25,26.25,26.5,26.75,25.75,27.75,26.75,26.25,26.25,26.5,26.0,26.25,26.0,27.75,26.75,26.5,26.0,26.0,26.25,26.75,26.0,26.75,26.5,26.5,26.25,26.25,26.25,26.25,25.5,26.75,27.25,26.0,26.25,26.25,26.25,25.5,26.5,26.5,26.5,26.0,26.75,26.25,26.0,26.5,25.75
14.0
26.0,26.75,26.25,26.0,26.25,26.5,26.75,27.0,26.5,26.75,27.25,26.75,26.0,26.0,26.25,26.5,27.0,26.5,26.75,26.25,26.0,26.0,26.0,26.0,27.75,26.5,26.0,26.25,26.25,25.75,26.5,26.25,27.75,27.0,26.5,25.75,26.25,26.25,26.0,26.5,26.75,26.5,26.5,26.5,26.0,26.25,26.25,25.5,26.5,27.0,26.25,26.0,26.25,26.0,26.0,25.75,26.0,26.0,26.25,26.25,26.25,25.75,25.75,26.0
15.0
26.0,26.75,26.25,26.0,26.25,26.5,26.75,27.0,26.5,26.75,27.25,26.75,26.0,26.0,26.25,26.5,27.0,26.5,26.75,26.25,26.0,26.0,26.0,26.0,27.75,26.5,26.0,26.25,26.25,25.75,26.5,26.25,27.75,27.0,26.5,25.75,26.25,26.25,26.0,26.5,26.75,26.5,26.5,26.5,26.0,26.25,26.25,25.5,26.5,27.0,26.25,26.0,26.25,26.0,26.0,25.75,26.0,26.0,26.25,26.25,26.25,25.75,25.75,26.0
16.0
26.25,26.25,26.75,25.75,26.25,26.25,27.0,26.75,26.75,27.0,27.25,27.0,26.25,26.5,26.25,26.25,27.25,26.75,26.5,26.25,26.5,26.5,26.25,26.25,28.0,26.5,26.25,26.0,26.0,25.75,26.25,26.25,27.25,26.75,26.0,26.25,26.25,26.5,25.5,26.5,27.0,26.75,26.5,26.5,26.25,26.0,25.75,26.0,26.75,26.75,26.25,26.25,26.25,26.25,25.75,25.75,26.5,26.5,26.0,26.5,26.0,25.75,26.0,25.75
17.0
26.25,26.5,26.25,26.0,26.25,26.25,27.0,26.75,26.75,26.75,27.5,27.25,26.75,25.75,26.0,26.25,27.25,26.25,26.5,26.5,26.0,26.5,26.25,26.75,27.75,26.75,26.0,26.25,26.0,26.0,26.75,26.5,27.75,27.25,26.25,26.0,26.5,26.25,26.5,26.25,27.0,26.75,26.5,26.5,26.25,26.0,25.5,25.5,27.0,27.25,25.75,26.25,26.25,26.0,26.0,26.0,26.5,26.25,26.0,26.0,26.0,26.0,25.75,26.0
18.0
26.25,26.0,26.5,26.25,26.5,26.0,27.0,26.75,27.0,26.5,27.25,26.75,26.25,26.25,26.25,26.25,27.5,26.75,27.0,26.25,26.25,26.75,26.25,26.0,27.75,26.5,26.5,26.0,26.5,25.75,26.0,26.5,28.0,27.0,26.25,26.25,26.75,26.25,26.25,26.0,27.5,27.0,26.5,26.75,26.0,26.5,26.25,26.0,26.75,26.75,26.5,26.25,26.5,26.25,26.0,26.25,26.5,25.5,26.0,25.75,26.0,25.75,25.75,26.0
19.0
26.0,26.5,26.75,26.0,26.5,26.25,27.0,26.5,26.0,26.5,27.0,26.75,26.25,26.25,26.25,26.75,27.0,26.75,26.75,26.25,26.25,26.25,26.25,26.0,28.0,27.0,26.25,26.5,26.25,26.25,26.5,26.5,28.25,27.0,26.5,26.5,26.25,26.5,25.75,26.25,27.25,26.75,26.25,26.25,26.0,26.25,26.0,25.75,26.75,26.75,26.5,26.25,26.5,25.75,26.0,25.5,25.75,26.75,25.75,26.25,26.25,26.5,25.75,26.5
20.0
26.25,27.0,26.5,26.25,26.5,26.0,27.25,26.75,26.5,26.75,27.75,26.25,26.25,26.25,26.5,26.25,26.75,26.5,27.0,26.25,26.5,26.0,26.25,26.25,27.75,26.5,26.5,26.5,26.25,25.75,26.5,25.75,28.5,27.25,26.5,26.0,26.25,26.5,26.75,26.25,27.0,27.0,26.5,26.0,26.0,26.25,26.0,26.0,26.5,26.75,26.5,26.0,26.75,26.25,26.0,26.0,26.75,26.5,26.0,26.25,26.0,25.75,26.25,26.0
21.0
26.25,26.75,26.75,25.75,26.5,26.25,26.75,26.0,26.25,26.5,27.25,26.75,26.5,26.25,26.25,26.5,28.0,26.5,27.0,26.25,26.5,26.75,26.5,26.0,28.25,27.5,26.25,26.5,26.5,26.25,26.25,26.25,28.5,27.25,26.75,26.0,26.0,26.25,26.25,26.5,27.25,27.0,27.0,26.25,26.0,26.5,26.5,26.0,26.75,26.75,26.25,26.25,26.0,26.5,25.75,25.5,26.25,26.75,26.75,26.0,26.25,25.75,25.5,26.0
22.0
26.25,26.5,26.5,26.0,26.5,26.25,27.0,26.5,27.0,26.75,27.75,27.0,26.5,26.25,26.75,26.5,28.0,26.75,27.0,26.5,26.25,26.25,26.5,26.25,28.0,27.75,26.5,26.25,26.5,26.25,26.5,26.25,28.5,27.75,26.75,26.25,26.0,26.5,26.25,26.25,27.25,27.0,26.75,26.75,26.0,26.5,26.0,26.0,26.75,26.5,26.5,26.0,26.25,26.5,25.5,25.5,26.75,26.75,26.25,26.25,26.25,26.0,25.75,25.75
23.0
26.75,26.5,26.5,26.25,26.75,26.5,27.25,26.75,27.25,27.0,27.75,27.0,26.5,26.25,26.75,26.5,28.0,27.25,27.0,26.5,26.25,26.75,26.25,26.0,28.25,27.75,26.75,26.5,26.5,26.0,26.5,26.25,28.5,27.25,27.0,26.75,26.75,26.5,26.25,26.25,26.5,26.75,27.0,26.5,25.75,27.0,26.0,25.5,27.0,27.0,26.0,26.0,26.5,26.5,26.0,25.75,26.25,26.5,26.5,26.25,26.25,25.75,26.0,25.5
24.0
26.75,26.75,26.0,26.25,26.5,26.5,27.5,27.25,27.0,26.75,27.75,27.0,26.25,26.0,26.25,26.0,28.75,27.25,27.0,26.5,26.5,26.75,26.75,26.25,28.5,28.25,26.25,26.5,26.0,26.5,26.25,26.5,28.5,27.5,26.75,26.25,26.5,26.5,26.75,26.5,27.25,26.75,26.75,26.75,26.0,26.25,25.75,26.25,27.0,27.0,26.5,26.25,26.5,26.5,26.0,25.75,26.0,26.0,26.0,26.0,26.75,25.5,26.0,26.5
25.0
26.75,26.75,26.75,26.25,26.5,26.0,27.5,27.25,27.5,26.5,27.5,27.0,26.5,26.0,25.75,26.5,28.75,27.75,27.0,26.25,26.25,26.25,26.5,26.25,28.5,28.0,26.25,26.25,26.75,26.25,26.25,26.25,27.5,27.75,26.5,26.25,26.25,26.75,26.25,26.25,27.25,26.5,26.75,26.0,26.25,26.25,26.25,25.75,26.5,26.75,26.25,26.25,26.25,26.0,26.0,25.75,26.75,26.0,26.25,26.25,26.25,26.25,26.0,26.0
26.0
26.75,26.75,26.75,26.5,26.5,26.5,27.25,26.75,27.75,27.25,27.75,26.75,26.25,26.5,26.75,26.5,28.75,27.75,27.0,26.25,26.5,26.75,26.25,25.75,28.75,28.25,26.75,26.5,26.5,26.25,26.5,26.5,28.0,28.25,26.75,26.25,26.0,26.25,26.25,26.75,26.5,27.0,26.75,26.75,26.5,25.75,26.25,25.75,27.25,27.0,26.0,26.25,26.25,26.75,25.75,25.75,26.5,25.75,25.75,26.5,26.25,25.75,26.0,26.0
27.0
26.5,26.5,26.5,26.25,26.0,26.5,27.0,27.0,28.0,27.0,27.75,27.0,26.75,26.0,26.75,26.25,29.5,28.25,26.5,26.25,26.5,26.25,26.25,26.25,28.5,28.25,26.75,26.25,26.5,26.0,26.5,26.25,28.0,28.0,26.75,26.0,26.5,26.5,26.25,26.25,27.25,26.75,26.75,26.75,26.25,26.25,26.25,25.5,26.75,27.0,26.5,26.0,26.5,26.0,25.75,25.75,26.0,25.75,26.5,26.0,26.25,25.75,26.25,25.25
28.0
26.75,26.75,26.5,26.25,26.25,26.25,27.0,27.25,28.25,26.75,27.25,27.0,26.75,26.5,26.25,26.75,28.75,28.25,27.0,26.25,26.25,26.5,26.25,26.25,28.5,28.0,26.75,26.25,26.5,26.0,26.5,26.5,28.25,28.25,26.75,26.0,26.75,26.5,25.75,26.5,27.0,27.0,26.5,26.5,26.0,26.5,26.0,26.5,26.5,26.5,26.25,26.0,26.5,26.25,25.75,26.0,26.25,26.5,26.25,26.25,26.0,26.0,25.75,26.0
29.0
27.0,27.0,26.0,26.25,26.25,26.75,27.25,27.25,28.0,27.0,27.75,27.0,26.75,26.25,26.25,26.5,29.25,28.0,27.25,26.5,26.75,26.75,26.0,26.25,28.75,28.25,26.75,26.75,26.25,25.75,26.5,26.5,28.25,28.25,27.25,26.25,26.0,26.5,26.5,26.5,27.5,27.25,26.5,27.0,26.25,26.75,26.0,25.25,26.75,27.25,26.25,26.5,26.5,26.5,25.75,26.0,26.75,25.5,27.0,26.5,26.0,26.0,26.0,26.5
30.0
27.25,27.0,26.25,26.0,26.5,26.25,27.0,26.75,28.0,26.5,28.0,26.75,26.25,26.25,26.25,26.5,29.0,28.0,26.75,26.25,26.5,26.75,26.5,26.25,29.25,28.5,27.0,26.25,26.25,26.25,26.25,26.25,28.25,28.5,27.0,26.25,26.5,26.25,26.5,26.25,27.0,26.75,27.0,26.5,26.5,26.5,25.75,25.75,27.0,27.0,26.5,26.25,26.0,26.0,26.25,26.0,26.5,26.5,26.25,26.25,25.75,25.75,25.75,26.0
31.0
26.75,27.25,26.5,26.25,26.75,26.25,27.0,27.25,27.25,27.25,27.5,27.0,26.5,26.25,26.25,26.5,28.75,28.0,26.75,26.5,26.5,26.75,26.25,26.0,28.75,28.25,27.25,26.75,26.25,26.25,26.5,26.5,28.75,28.75,27.5,26.5,26.5,26.5,26.25,26.75,27.5,27.25,27.0,26.5,25.75,26.75,26.0,26.25,27.0,27.0,26.5,25.75,26.5,26.75,26.25,26.0,26.75,26.25,26.25,26.25,26.25,26.0,26.0,25.5
32.0
26.75,26.75,26.75,26.25,27.0,26.25,27.25,27.25,26.75,27.75,27.5,27.0,26.25,25.75,26.25,26.5,29.0,28.25,27.0,26.25,26.5,26.75,26.25,26.0,28.25,28.5,27.25,26.5,26.25,26.0,26.25,26.25,28.5,28.5,27.75,26.5,27.0,26.25,26.0,26.0,27.25,27.5,27.25,26.5,26.25,26.5,26.25,26.25,27.25,27.25,26.25,26.0,26.5,26.0,26.25,26.25,26.5,26.25,25.75,26.0,25.5,26.25,26.0,26.5
33.0
26.25,26.75,26.5,26.25,26.5,26.25,27.0,26.75,27.5,27.75,27.5,27.25,26.5,26.5,26.5,26.0,28.5,28.25,27.25,26.25,26.5,26.25,26.5,26.25,28.25,28.75,27.25,26.25,26.5,26.25,26.25,26.25,28.5,28.5,27.75,26.25,26.5,26.75,26.25,26.5,27.25,27.5,27.0,26.75,26.0,26.0,26.0,26.25,26.75,27.0,26.5,26.25,26.5,26.0,26.25,26.25,26.0,26.25,26.75,26.25,25.75,26.25,25.75,26.5
34.0
26.25,26.75,26.5,26.0,26.25,26.5,26.5,26.5,27.0,27.25,27.25,27.0,27.0,26.25,26.5,26.5,28.0,28.5,27.75,26.0,26.25,26.5,26.0,26.5,28.25,28.75,27.25,26.25,26.25,25.75,26.25,26.75,28.25,29.0,27.75,26.25,26.25,26.25,26.5,26.5,27.25,27.5,27.25,26.75,26.25,26.5,26.0,26.0,26.5,27.0,26.5,26.25,26.5,26.25,25.75,26.25,26.25,26.25,26.25,26.25,26.0,26.0,25.75,26.0
35.0
26.5,27.25,26.75,26.5,26.75,26.25,27.0,27.25,27.5,28.25,27.75,27.25,26.75,26.5,26.75,26.5,27.75,28.25,27.75,26.5,26.5,26.5,26.5,26.5,28.25,29.0,27.5,26.5,26.5,25.75,26.25,26.25,27.75,28.75,27.5,26.75,26.25,26.75,26.25,26.5,27.25,27.25,27.5,26.75,26.75,26.75,26.5,25.75,26.75,26.75,26.75,25.75,26.25,26.0,26.0,25.75,27.0,26.5,26.0,26.5,26.25,25.75,25.75,26.25
36.0
26.5,26.75,27.0,26.25,26.5,26.25,27.5,27.0,27.5,28.25,27.5,27.0,26.5,26.75,26.25,26.25,27.5,28.25,27.75,26.75,26.5,26.25,26.5,26.0,27.5,29.5,27.75,26.5,26.5,26.5,26.0,26.25,27.5,29.25,27.75,26.75,26.5,26.75,26.25,26.25,27.5,27.5,27.25,26.5,26.0,26.5,26.5,26.25,26.75,27.0,26.5,26.75,26.0,26.25,25.75,25.75,26.0,26.25,26.0,26.25,26.25,25.75,25.75,25.75
37.0
26.5,27.25,26.75,26.25,26.25,26.5,26.5,26.75,27.0,28.25,28.25,26.75,26.5,26.0,26.5,26.25,27.25,28.25,27.75,26.5,26.25,26.5,26.5,26.25,27.0,29.25,28.0,26.5,26.25,26.25,26.5,26.25,27.0,28.75,27.75,26.75,26.25,26.5,26.75,26.5,26.75,26.75,27.0,26.5,26.5,25.75,26.0,26.0,26.25,27.25,25.5,26.0,26.25,26.5,25.75,25.25,26.25,26.25,25.75,26.25,26.0,26.0,25.75,26.5
38.0
26.25,26.75,26.75,26.25,26.5,26.0,27.25,26.75,26.5,28.25,28.25,27.0,26.5,26.5,26.5,26.75,27.5,28.75,28.5,26.25,26.25,26.25,26.75,26.25,26.75,29.5,28.25,26.75,26.5,25.75,26.25,26.25,27.25,28.0,28.0,27.0,26.5,26.25,26.5,26.75,27.0,26.75,27.0,26.75,26.5,26.0,25.75,25.75,26.5,26.75,26.25,26.5,26.5,26.25,26.0,26.0,26.5,26.25,26.5,26.25,26.25,25.75,26.0,26.5
39.0
26.5,26.75,27.0,26.75,26.75,26.25,27.25,27.0,26.5,27.5,28.5,27.75,26.75,26.25,26.5,25.75,27.0,29.25,28.75,27.25,26.5,26.0,26.25,26.25,26.75,29.25,28.5,26.75,26.5,26.25,26.25,26.5,27.0,27.5,28.25,26.75,26.0,26.5,26.25,26.5,26.75,26.75,27.0,26.75,26.0,26.5,25.75,25.75,26.75,27.25,26.5,26.5,26.5,26.25,25.5,26.0,26.5,26.0,26.25,26.25,26.0,25.75,26.0,25.5
40.0
26.25,26.75,27.75,26.5,26.25,26.25,27.25,27.25,26.75,27.25,28.75,28.0,26.75,26.0,26.75,26.75,27.0,28.5,28.75,27.5,26.5,26.5,26.0,26.0,26.75,28.75,29.0,26.75,26.5,26.25,26.5,26.0,27.0,27.5,28.0,27.0,26.5,26.25,26.25,26.75,27.5,26.5,27.0,26.75,26.25,26.25,26.0,26.0,26.5,27.25,26.25,26.25,26.5,26.5,25.75,26.25,26.5,26.25,26.25,26.5,26.25,25.75,26.25,26.75
41.0
26.5,26.75,26.75,26.5,26.5,26.5,27.5,26.75,26.5,27.0,28.5,29.0,27.25,26.25,26.25,26.25,26.75,27.5,29.5,28.0,27.0,26.75,26.5,26.5,26.75,28.0,29.25,27.75,26.5,26.5,26.75,26.25,27.0,26.75,27.75,27.25,26.5,26.5,26.5,26.75,27.25,26.75,27.25,26.75,26.5,26.25,26.25,26.0,26.75,27.25,26.75,26.25,26.75,26.25,26.5,25.5,26.75,26.25,26.0,26.5,26.25,26.0,26.0,26.75
42.0
26.75,27.0,27.25,27.0,26.75,26.5,27.5,26.75,26.5,27.5,28.0,29.0,28.0,26.75,26.75,26.75,27.0,27.5,29.25,28.0,27.25,26.5,26.25,26.25,26.25,27.25,29.5,28.0,26.5,26.25,26.75,26.25,26.75,27.0,27.75,27.5,27.25,26.25,26.5,26.75,27.0,26.75,27.0,26.75,26.5,26.5,26.0,25.75,27.0,26.75,26.25,26.5,26.5,26.5,25.75,25.75,25.75,26.5,26.5,26.25,26.5,26.0,26.0,25.75
43.0
26.5,26.75,27.0,26.5,27.0,26.75,27.25,26.5,27.0,27.0,28.0,29.0,28.25,26.75,26.5,26.25,26.75,27.5,29.0,28.5,27.25,26.75,26.5,26.5,26.75,26.75,29.0,28.25,26.75,26.25,26.5,26.5,27.0,27.0,27.75,28.25,27.0,26.75,26.25,26.75,26.75,26.75,27.25,27.0,26.5,26.5,26.0,25.75,26.75,26.75,26.25,26.25,26.75,26.5,26.25,25.5,26.25,26.0,26.25,26.25,26.5,26.25,26.0,26.25
44.0
26.0,26.5,26.75,26.25,26.75,27.0,27.75,27.25,26.5,27.0,28.25,28.5,28.5,26.75,26.5,26.25,27.25,26.75,29.0,28.5,28.25,27.0,26.25,26.5,26.25,27.0,29.0,28.5,27.0,26.5,26.5,27.0,26.75,26.75,27.75,28.5,26.5,26.5,26.25,26.75,26.75,27.0,27.0,26.75,26.5,26.75,26.0,26.25,27.0,26.5,26.25,26.25,26.5,26.25,25.75,26.0,26.0,26.5,26.25,27.0,26.0,26.25,26.0,26.25
45.0
26.0,27.0,26.25,26.5,26.5,26.5,27.0,26.75,26.5,26.25,28.25,27.75,28.5,26.75,26.75,26.75,26.5,27.0,28.5,28.75,28.5,27.25,26.25,26.5,26.25,27.0,28.25,29.25,27.5,26.75,26.25,26.25,26.5,26.5,26.75,28.5,27.25,26.5,26.75,26.25,26.75,27.0,27.0,27.0,26.5,26.5,26.25,25.75,26.5,27.0,26.25,26.25,26.25,26.0,25.75,26.0,26.5,26.0,26.25,26.25,26.25,25.75,26.0,26.0
46.0
26.5,26.25,26.75,26.5,26.75,26.5,27.5,27.25,26.5,26.75,27.75,28.0,28.5,27.0,26.25,26.75,26.5,26.75,28.0,28.5,28.75,27.75,26.5,25.75,26.25,26.75,28.0,29.5,27.5,26.75,26.0,26.25,26.5,26.5,27.0,28.5,27.25,26.5,26.5,26.25,26.5,27.0,26.75,27.0,26.5,26.5,26.5,26.25,26.25,27.0,26.5,26.0,26.5,26.25,25.75,25.75,26.0,26.25,26.5,26.0,26.0,26.0,26.0,25.75
47.0
26.25,26.5,26.75,26.0,26.75,26.75,27.0,26.75,26.5,26.5,27.5,27.5,28.5,27.25,26.5,27.0,26.75,26.25,28.0,29.0,29.0,28.0,26.75,26.5,26.5,26.75,27.25,29.25,28.0,26.5,26.0,26.25,26.75,26.75,27.0,29.0,27.75,26.5,26.5,26.5,26.75,26.75,26.75,27.0,26.75,26.5,26.25,25.75,26.25,26.75,26.75,26.25,26.75,26.5,26.0,26.0,26.5,26.5,26.5,26.25,26.0,26.5,26.0,26.5
48.0
26.5,26.75,26.75,26.25,26.75,26.5,27.5,27.0,26.75,27.0,27.75,27.5,28.25,27.5,26.75,26.5,26.75,27.0,27.75,28.75,28.75,28.0,26.25,26.25,26.5,26.75,27.25,29.5,28.0,26.5,26.5,26.5,26.75,26.75,27.0,28.5,28.25,26.5,26.75,26.75,27.25,26.75,27.0,27.0,26.5,26.5,26.25,25.5,26.75,26.75,26.5,26.5,26.5,26.5,25.75,25.75,26.5,26.75,26.25,26.5,26.0,25.75,25.75,26.5
49.0
26.25,26.5,26.75,26.25,27.0,26.75,26.75,27.0,26.75,26.5,27.75,26.75,27.75,27.25,26.75,26.5,26.75,26.5,27.25,28.75,29.0,28.0,27.0,26.5,26.25,26.5,27.25,29.25,28.5,26.75,26.25,26.25,26.5,26.5,26.5,28.5,28.25,26.75,26.5,26.25,26.75,26.75,27.0,27.0,26.5,26.5,26.0,25.75,26.5,26.75,26.5,26.25,26.25,26.25,25.75,26.0,26.25,26.5,26.25,26.75,26.5,25.75,25.75,25.5
50.0
26.0,26.25,26.5,26.25,27.0,26.25,27.25,27.25,26.5,26.5,27.5,27.25,27.75,27.75,26.5,26.0,26.5,26.5,27.75,29.0,28.5,28.75,26.75,26.0,26.25,26.25,27.25,28.75,28.25,27.0,26.0,26.25,26.25,25.75,26.75,28.0,28.25,26.5,26.75,26.5,26.5,26.75,26.5,27.0,26.25,26.25,26.0,26.0,26.5,26.5,26.75,26.0,26.5,26.75,25.75,26.0,26.25,26.5,25.75,26.0,25.75,25.75,25.75,26.0
51.0
26.0,26.5,26.75,26.0,26.75,27.0,28.0,27.0,26.0,26.75,27.0,27.5,28.0,28.0,27.75,26.5,26.5,26.25,27.0,27.5,29.75,28.5,27.0,26.25,26.25,26.5,26.75,27.25,29.25,27.5,27.0,26.25,26.75,26.0,26.5,27.0,28.25,27.0,26.5,26.25,26.25,26.5,26.25,26.75,26.25,26.25,26.0,25.75,26.5,26.5,26.25,26.0,26.25,26.25,26.0,25.75,26.25,26.75,26.25,27.0,25.75,26.0,25.75,26.0
52.0
26.25,26.5,26.5,26.0,26.75,26.75,27.5,27.75,26.25,26.75,28.0,27.25,28.75,28.0,28.5,26.75,26.5,26.0,26.5,26.75,29.25,28.5,27.0,26.25,26.5,26.25,26.5,27.25,29.0,27.5,26.5,26.25,26.5,26.25,26.0,26.5,27.75,27.25,26.25,26.5,26.5,26.25,26.5,26.75,26.25,26.25,26.25,26.0,26.25,26.5,26.25,26.25,26.25,26.25,25.75,25.5,26.25,26.0,25.75,26.5,25.5,25.5,25.5,26.0
53.0
26.25,26.5,26.5,26.0,26.75,26.75,27.5,27.75,26.25,26.75,28.0,27.25,28.75,28.0,28.5,26.75,26.5,26.0,26.5,26.75,29.25,28.5,27.0,26.25,26.5,26.25,26.5,27.25,29.0,27.5,26.5,26.25,26.5,26.25,26.0,26.5,27.75,27.25,26.25,26.5,26.5,26.25,26.5,26.75,26.25,26.25,26.25,26.0,26.25,26.5,26.25,26.25,26.25,26.25,25.75,25.5,26.25,26.0,25.75,26.5,25.5,25.5,25.5,26.0
54.0
26.25,26.25,26.75,26.0,27.0,26.75,27.25,26.5,26.0,26.5,27.25,27.25,29.0,28.5,28.5,27.0,26.0,26.5,27.0,27.5,29.0,28.75,27.0,26.75,26.0,26.25,26.5,27.0,28.75,28.25,26.5,26.5,26.5,26.25,26.25,26.75,28.0,27.25,26.5,26.25,26.75,26.25,26.5,26.5,26.0,26.5,26.25,26.0,26.25,26.75,25.75,26.0,26.75,26.0,25.75,26.0,25.75,26.0,26.0,26.0,26.5,26.0,25.75,25.5
55.0
26.0,26.25,26.25,26.25,26.75,27.25,27.5,27.25,26.25,27.0,27.5,27.25,29.0,27.75,28.25,27.0,26.5,26.5,27.0,27.0,29.25,29.25,27.0,26.0,26.25,26.75,26.25,26.75,29.25,28.0,26.5,26.25,26.5,26.75,26.25,26.75,27.25,27.0,26.5,26.5,26.75,26.5,26.5,26.75,26.75,26.75,26.0,25.75,26.5,27.25,26.25,26.0,26.25,26.5,25.75,26.25,26.5,26.0,26.5,26.25,26.5,25.75,26.0,25.75
56.0
26.0,26.25,26.5,26.5,26.75,26.75,28.25,27.25,26.5,26.75,28.0,27.25,28.75,28.25,28.5,27.0,26.5,26.75,26.75,26.5,29.0,29.0,27.0,26.25,26.25,26.5,26.5,27.25,28.5,28.0,26.75,26.5,26.75,26.5,26.0,26.75,27.5,27.25,27.0,26.5,26.75,26.0,26.75,26.5,26.0,26.5,26.0,26.0,26.75,26.75,26.0,26.0,26.5,26.0,26.25,26.0,26.25,26.0,27.0,26.0,26.25,26.25,26.0,26.0
57.0
26.0,26.5,26.25,26.25,26.5,27.0,27.5,27.0,26.5,26.25,27.5,26.75,29.0,28.25,28.0,27.0,26.75,26.25,27.0,26.75,29.25,28.75,27.0,26.5,25.75,26.5,26.5,26.75,28.5,28.5,26.75,26.25,26.25,25.75,26.25,26.5,27.5,27.5,26.75,26.25,26.75,26.75,26.5,26.5,26.25,26.75,25.75,26.0,26.5,26.75,26.25,26.0,26.75,26.25,26.0,25.75,26.0,26.0,26.25,26.25,26.0,25.75,26.25,26.0
58.0
26.25,26.75,26.0,26.0,27.25,26.75,28.0,27.25,26.25,26.75,27.5,27.25,28.75,28.5,28.0,26.75,26.75,26.0,27.0,26.75,28.75,29.0,26.5,26.25,26.25,26.25,26.5,26.75,28.25,28.5,27.0,26.75,26.75,26.25,26.25,26.5,27.75,27.25,26.75,26.5,26.75,26.5,26.5,26.75,26.25,26.25,26.25,25.75,26.25,26.5,26.25,26.0,26.25,26.25,25.5,25.5,26.0,26.25,26.25,26.0,26.25,25.75,25.75,26.0
59.0
26.25,26.75,26.75,25.75,27.0,27.0,28.0,26.75,26.5,26.5,27.5,27.25,29.25,28.5,28.0,26.75,26.75,26.25,26.75,27.25,29.0,29.0,26.5,26.75,26.25,26.5,26.5,27.0,28.75,28.5,26.5,26.75,26.75,26.25,26.5,26.5,27.75,27.0,26.75,26.75,26.75,26.5,26.25,26.25,26.25,26.25,26.0,26.25,26.75,26.75,26.5,26.25,26.5,26.0,25.75,26.25,26.0,26.5,25.75,26.5,26.5,25.75,26.25,26.0
60.0
26.25,26.75,26.5,26.75,27.25,27.25,28.25,27.5,26.25,26.5,27.25,27.25,29.0,29.0,27.5,27.25,26.5,26.5,27.0,26.75,29.0,28.75,26.75,26.25,26.5,26.5,26.75,26.75,28.5,28.5,26.75,26.75,26.75,26.5,26.25,26.5,27.5,27.25,26.5,26.5,27.0,26.5,26.5,26.25,26.5,26.25,26.25,25.5,26.25,26.5,26.5,26.0,26.25,25.75,25.75,25.5,25.75,26.5,26.25,26.25,26.25,25.75,25.75,25.75
61.0
26.25,26.75,26.0,26.25,26.75,27.0,27.25,26.5,26.5,26.75,27.5,27.5,27.75,28.0,27.5,26.75,26.75,26.0,27.0,27.25,30.0,28.5,26.75,26.0,26.0,26.0,26.0,27.0,29.0,28.5,26.75,26.25,26.75,26.0,26.5,26.5,27.75,27.75,26.5,26.5,26.5,26.5,26.75,26.5,26.0,26.25,26.0,25.75,26.25,26.75,26.0,26.5,26.25,26.25,26.0,25.75,26.75,26.25,26.0,26.5,26.0,25.75,25.75,26.25
62.0
26.0,26.5,26.25,26.25,27.0,26.75,27.5,26.5,26.5,27.0,27.5,27.5,27.75,28.25,28.0,26.5,26.5,26.25,26.75,27.25,29.75,28.5,27.0,26.5,26.25,26.5,26.75,26.75,29.0,28.25,26.75,26.75,27.0,26.5,26.25,26.5,28.0,28.0,26.5,26.5,27.0,26.75,26.5,26.25,26.0,26.5,26.0,26.0,26.25,26.75,26.5,26.0,26.25,26.5,26.0,25.75,26.25,26.5,26.5,26.0,26.0,25.75,25.5,26.25
63.0
26.5,26.75,26.25,26.0,27.0,27.5,27.75,26.75,26.75,27.25,27.5,27.5,27.75,28.25,27.5,26.5,26.5,26.5,27.0,27.75,29.5,28.75,27.0,26.5,26.0,26.75,26.25,27.0,29.0,28.0,26.5,26.75,26.25,26.5,26.0,26.5,27.5,28.25,26.5,26.25,26.5,26.75,26.25,26.5,26.0,26.75,26.0,25.75,26.0,26.75,26.0,26.0,26.25,26.25,25.75,25.75,26.0,26.25,26.0,26.0,26.5,25.75,25.75,25.75
64.0
26.25,27.0,26.75,26.5,26.5,27.5,27.5,27.0,26.25,26.75,27.5,27.25,28.0,28.5,27.5,27.0,26.75,26.75,27.0,27.5,29.75,28.75,26.75,26.5,26.25,26.25,26.5,27.25,29.0,28.25,26.5,25.75,26.5,26.25,26.5,26.5,28.0,28.25,26.75,26.5,26.75,26.75,26.5,26.5,26.25,26.25,26.25,26.25,26.25,26.75,26.0,26.0,26.5,26.25,25.75,25.75,26.25,26.0,26.25,25.75,25.75,26.0,25.5,26.0
65.0
26.0,26.5,26.25,26.0,27.0,27.0,27.75,27.5,26.25,26.75,27.25,27.25,27.5,28.25,27.75,26.5,26.5,26.5,27.0,28.0,29.5,28.25,27.0,26.5,26.0,26.75,26.5,27.25,28.75,28.0,26.5,26.75,26.75,26.0,26.25,26.75,28.0,28.25,26.75,26.25,26.75,26.25,26.75,26.25,26.25,26.25,26.25,25.5,26.75,26.75,26.25,26.0,26.5,26.25,26.0,26.0,26.25,26.5,26.0,26.25,26.25,25.75,25.75,25.75
66.0
26.25,26.25,27.0,26.75,26.5,27.0,27.5,27.0,26.5,26.5,27.5,27.25,27.5,28.25,27.25,26.5,26.5,26.5,26.75,28.0,29.25,28.5,26.75,26.5,26.5,26.25,26.25,27.25,29.25,28.25,26.75,26.5,26.75,26.25,26.0,26.75,27.75,28.0,26.5,27.0,27.0,26.5,26.5,26.75,26.0,26.5,26.25,26.25,26.75,26.25,26.25,26.25,26.25,26.5,26.25,25.75,26.25,25.75,26.25,26.0,25.75,25.5,25.75,25.75
67.0
26.5,26.5,26.75,26.5,26.75,27.0,27.5,27.0,26.25,26.75,27.25,27.5,27.75,28.5,28.0,27.0,26.75,27.0,26.5,28.0,29.0,28.75,27.25,26.25,26.0,26.5,26.5,27.25,29.5,28.25,27.0,26.25,26.75,26.75,26.25,26.75,27.5,28.5,27.0,26.5,27.0,26.5,26.5,26.5,26.5,26.75,26.5,25.75,26.75,26.75,26.5,26.0,26.5,26.25,26.25,25.5,26.25,26.25,26.5,26.25,26.5,25.75,25.75,26.0
68.0
26.5,26.75,26.75,26.5,27.0,27.0,27.75,26.25,26.5,26.75,27.75,26.75,27.5,28.0,27.5,26.5,26.75,26.5,26.75,28.25,29.0,28.25,27.5,26.75,26.25,27.0,26.75,27.5,29.75,28.5,27.0,26.5,26.75,27.0,26.25,26.75,28.0,28.5,27.0,26.75,26.75,27.0,26.25,26.5,26.0,26.25,26.25,26.25,26.25,27.0,26.25,26.25,26.0,26.25,25.5,26.25,26.75,26.25,26.25,26.5,26.0,26.25,26.0,26.75
69.0
26.25,26.75,26.5,25.75,26.75,26.75,27.0,26.75,26.75,26.75,27.5,27.25,27.25,28.25,27.5,26.75,26.25,26.5,27.0,28.5,28.5,28.25,27.5,26.25,26.25,26.75,26.5,27.25,29.5,28.75,26.25,26.5,26.5,26.25,26.0,26.5,27.75,28.75,27.0,26.5,26.75,26.75,26.75,26.75,26.25,26.5,26.0,25.5,27.0,26.5,26.25,26.0,26.25,26.0,25.75,25.5,25.75,26.0,26.0,26.0,26.5,26.0,25.75,25.5
70.0
26.25,26.75,26.5,25.75,26.75,26.75,27.0,26.75,26.75,26.75,27.5,27.25,27.25,28.25,27.5,26.75,26.25,26.5,27.0,28.5,28.5,28.25,27.5,26.25,26.25,26.75,26.5,27.25,29.5,28.75,26.25,26.5,26.5,26.25,26.0,26.5,27.75,28.75,27.0,26.5,26.75,26.75,26.75,26.75,26.25,26.5,26.0,25.5,27.0,26.5,26.25,26.0,26.25,26.0,25.75,25.5,25.75,26.0,26.0,26.0,26.5,26.0,25.75,25.5
71.0
26.25,26.5,26.25,26.5,26.5,27.5,27.5,27.0,26.75,26.75,27.5,27.0,27.5,28.25,27.5,26.75,26.5,26.5,27.0,27.75,28.5,28.5,27.5,26.5,26.5,26.5,26.5,28.5,29.5,29.0,27.0,26.5,26.75,26.75,26.5,27.25,27.75,28.25,27.25,26.5,26.75,26.75,26.5,26.5,26.25,26.5,26.0,25.75,26.5,27.0,26.25,26.5,26.5,26.25,26.25,26.0,26.5,26.25,26.25,26.0,26.0,25.75,26.0,26.0
72.0
26.25,26.25,26.5,25.75,27.0,27.25,27.5,27.25,26.25,26.5,27.75,27.25,27.5,28.75,27.5,27.0,27.0,26.75,26.75,27.25,28.5,28.5,27.75,26.25,26.5,26.75,26.5,29.0,30.25,29.0,27.0,26.5,26.75,26.75,26.5,27.5,28.25,28.75,27.25,26.5,26.75,26.5,26.5,26.75,26.75,26.75,26.25,25.75,26.75,27.0,26.75,26.0,26.5,26.0,26.25,26.0,26.25,26.25,26.5,26.25,25.75,25.75,26.0,26.5
73.0
26.0,26.75,26.5,26.25,26.75,27.0,27.75,27.0,26.5,26.75,27.5,27.0,28.25,28.75,27.5,27.0,26.5,26.5,27.0,27.25,28.25,28.0,27.0,26.25,26.25,26.5,27.25,29.0,29.75,29.0,26.75,27.0,26.75,26.75,27.0,27.25,28.25,28.25,27.0,26.75,26.75,26.75,27.0,26.75,26.5,26.5,26.25,26.0,26.5,26.25,26.25,26.5,26.25,26.0,26.25,26.0,26.75,25.75,26.5,26.25,26.25,25.75,25.75,26.0
74.0
26.5,26.75,26.0,26.5,26.75,26.75,27.75,27.25,26.75,27.0,27.5,27.0,28.0,28.25,27.25,26.5,26.5,26.5,26.75,27.0,29.0,28.25,27.25,26.5,26.25,26.5,27.0,29.25,30.0,29.0,27.0,26.75,26.75,26.5,26.75,27.5,28.5,27.75,26.75,26.75,26.75,26.5,26.5,26.75,26.25,26.5,26.0,25.5,26.5,26.75,26.5,26.25,26.25,26.25,26.0,25.75,26.0,25.75,26.5,25.75,26.5,25.5,25.5,26.0
75.0
26.25,26.25,26.5,26.25,27.25,26.75,27.5,27.25,26.25,26.75,27.75,27.25,28.5,28.25,26.75,26.5,26.5,27.0,26.75,27.75,28.25,28.5,27.25,26.75,26.5,26.5,27.0,29.25,29.5,28.75,27.0,26.25,26.5,26.5,26.5,27.75,28.25,27.75,26.75,26.25,26.75,26.75,26.75,26.75,26.5,25.75,25.75,26.25,26.5,26.75,26.5,26.5,26.25,25.75,26.0,26.0,26.25,25.75,26.25,26.0,25.75,25.75,26.0,25.75
76.0
26.25,26.75,26.25,26.25,27.5,26.75,27.5,27.0,26.25,26.75,27.5,27.5,28.75,28.25,26.5,26.5,26.5,26.75,27.0,28.0,28.5,27.75,26.75,26.25,26.25,26.5,27.25,29.5,29.75,28.75,26.75,27.0,27.0,26.25,26.75,27.75,28.0,27.5,26.75,26.5,26.75,26.5,26.75,27.0,26.0,26.5,26.5,26.0,26.5,26.75,26.25,26.75,26.5,26.5,26.25,25.75,26.0,26.25,26.5,26.0,26.5,26.5,25.75,25.75
77.0
26.25,26.25,26.75,26.5,27.5,26.75,27.5,27.0,26.5,26.5,27.75,27.75,28.75,27.75,26.25,27.0,26.75,26.5,27.25,27.75,28.5,27.5,26.75,26.0,26.0,27.25,28.25,29.25,30.25,28.0,26.75,26.75,27.0,26.5,26.75,27.75,28.25,27.5,26.75,26.5,26.75,26.5,26.75,26.5,26.5,26.25,26.25,26.25,26.75,27.25,26.0,26.25,26.25,26.5,26.25,25.75,26.25,26.0,26.25,26.0,26.5,26.0,25.75,26.25
78.0
26.0,26.5,26.75,26.75,27.5,26.75,26.75,26.75,26.5,26.75,27.75,28.25,28.75,27.25,26.75,26.5,26.75,26.5,27.25,28.0,28.75,26.75,26.5,26.5,26.25,26.75,27.75,29.5,29.75,28.0,26.25,26.5,26.75,26.75,26.75,27.75,27.75,27.0,26.75,27.0,26.5,27.0,26.75,26.5,26.5,26.5,26.25,26.0,26.5,26.25,26.25,26.25,26.25,26.25,25.75,26.0,26.75,25.75,26.0,26.25,26.0,25.5,25.75,25.5
79.0
26.25,26.75,26.75,27.5,27.5,26.5,27.25,27.25,26.5,27.0,28.0,28.75,28.75,26.5,26.25,26.5,26.75,27.25,28.0,28.25,28.25,26.75,26.75,26.75,26.75,26.75,28.75,29.75,29.25,27.25,26.5,26.5,27.0,26.5,26.75,27.75,27.75,26.75,26.5,26.5,26.75,27.0,26.75,26.75,26.5,26.5,26.25,25.5,26.5,27.0,26.25,26.0,26.25,26.25,25.75,25.75,26.0,26.25,26.5,26.25,25.75,25.5,26.25,26.0
80.0
26.25,27.0,26.75,27.25,27.25,26.75,27.25,26.75,26.25,26.75,27.75,28.75,28.0,26.5,26.25,26.5,26.25,27.0,28.25,28.5,27.75,26.75,26.5,26.5,26.75,27.25,29.0,29.75,29.0,27.0,26.25,26.25,27.0,26.5,27.0,27.75,27.75,26.75,26.75,26.5,27.0,26.5,26.75,26.5,26.25,26.25,26.0,26.0,26.5,26.75,26.25,26.0,26.5,26.5,25.75,26.0,26.5,26.5,26.25,26.75,26.0,26.0,25.75,25.75
81.0
26.25,27.0,27.5,26.5,26.5,26.5,27.0,27.0,26.75,28.25,28.5,27.25,26.75,26.25,26.25,26.5,26.75,27.5,29.0,27.5,26.5,26.75,26.25,26.0,27.0,28.75,29.5,29.25,27.75,26.25,26.5,26.25,26.5,26.5,27.25,27.75,27.25,26.0,26.0,26.5,27.0,26.75,27.0,26.5,26.25,26.25,26.25,25.5,27.25,27.0,26.5,26.25,26.25,26.25,25.75,25.75,26.25,26.25,26.75,25.75,25.75,25.5,26.25,25.5
82.0
26.25,27.0,27.25,26.25,26.25,26.25,27.25,26.25,26.75,27.75,28.75,27.25,26.5,26.25,26.5,26.75,26.75,27.25,29.0,27.25,26.75,26.75,26.25,26.0,26.25,29.0,29.5,29.25,27.75,26.0,26.25,26.5,26.75,26.75,27.75,27.75,27.0,26.5,26.0,26.25,27.0,27.0,26.75,26.75,26.5,26.25,26.0,25.75,27.25,26.5,26.0,26.5,26.25,26.0,25.75,26.25,26.25,25.75,25.75,25.5,26.0,25.5,25.75,26.25
83.0
26.25,26.25,27.0,25.75,26.75,25.5,27.0,26.5,26.25,27.5,28.5,26.75,26.25,25.75,26.0,26.5,26.25,27.25,29.25,27.25,26.5,26.5,26.0,26.25,26.0,28.75,29.25,29.25,27.0,26.0,26.0,26.25,27.0,27.5,27.25,27.25,26.5,26.75,26.25,26.75,27.0,26.5,26.75,26.5,26.5,26.5,25.75,25.5,26.5,27.0,26.25,26.25,26.25,26.5,26.0,26.25,26.25,26.25,26.0,26.0,26.0,25.5,25.75,26.0
84.0
26.5,28.0,27.5,26.25,26.75,26.5,27.5,27.25,27.0,28.25,28.5,27.0,26.75,26.5,26.25,26.0,27.5,27.25,29.25,27.5,27.25,26.5,26.5,26.5,27.0,28.75,29.5,28.75,27.0,26.25,26.5,26.25,26.75,27.5,27.75,27.25,26.5,26.25,26.75,26.25,27.25,27.0,26.75,26.5,26.25,26.25,26.25,26.0,27.0,26.5,26.25,26.25,26.0,26.5,25.75,26.0,26.5,26.75,26.25,26.25,25.75,25.5,26.0,26.5
85.0
26.25,27.5,27.0,26.5,26.75,26.0,27.25,27.0,27.0,27.75,28.5,27.0,26.5,26.25,26.0,26.5,27.0,27.5,29.25,28.5,27.25,26.75,26.75,26.25,27.0,28.75,29.75,28.75,27.0,26.25,26.25,26.5,26.75,27.25,27.75,27.25,26.75,26.75,26.5,26.5,27.0,26.75,26.75,27.0,26.5,26.25,26.0,25.75,26.5,26.75,26.25,26.25,26.25,26.25,26.5,26.0,26.25,26.25,25.75,26.0,26.0,25.75,25.75,26.25
86.0
26.5,27.75,27.75,26.5,27.0,26.75,27.5,27.0,27.0,28.0,28.25,27.5,27.0,26.25,26.0,26.25,27.0,27.5,29.75,28.5,28.0,26.5,26.5,26.0,26.75,28.5,29.25,28.5,26.75,26.25,26.5,26.25,26.5,27.5,27.75,27.5,26.25,26.25,26.25,26.5,27.25,26.5,27.0,26.75,25.75,26.5,26.25,26.0,26.75,27.0,26.0,26.0,26.5,26.0,26.0,26.0,26.25,26.0,26.5,25.75,26.25,26.0,25.75,26.0
87.0
26.5,27.5,28.0,26.0,26.75,27.0,27.25,27.25,26.5,28.0,28.5,27.25,26.5,26.25,26.5,26.75,27.25,27.25,30.25,28.75,27.5,26.25,26.5,26.25,26.75,28.5,29.5,28.5,26.5,26.0,26.5,26.25,26.75,27.25,28.25,26.75,26.5,26.25,26.0,26.25,26.5,26.75,26.75,26.5,25.75,26.25,26.25,25.75,26.5,27.0,26.25,26.25,26.0,26.5,25.75,25.75,26.5,26.0,26.25,26.0,26.0,26.0,25.5,26.0
88.0
27.25,28.0,28.25,26.5,26.5,26.25,27.25,27.0,27.0,27.75,28.5,27.5,26.75,26.25,26.25,26.0,27.0,26.75,30.0,29.0,27.5,26.75,26.25,26.25,26.5,28.0,29.0,28.0,26.75,25.75,26.0,26.75,26.75,27.0,27.5,27.25,26.75,26.5,26.25,26.5,26.75,26.75,26.75,26.5,26.25,26.25,26.0,26.0,26.5,26.75,26.25,26.25,26.5,26.25,25.75,26.0,25.75,26.0,26.25,26.0,26.0,25.75,25.5,25.75
89.0
27.0,27.75,28.5,26.5,26.25,26.5,27.5,27.0,26.75,27.5,29.0,28.0,26.75,26.25,26.25,26.75,27.5,27.0,29.5,29.0,27.0,26.5,26.5,26.25,26.75,28.0,28.75,28.0,26.5,26.25,26.25,26.0,27.0,27.0,27.25,27.0,27.0,26.25,26.25,26.25,27.0,27.0,27.0,26.5,26.25,26.0,25.75,25.25,26.5,26.75,25.75,26.5,26.25,26.25,26.0,26.0,26.25,26.25,26.0,26.5,26.0,25.75,25.75,26.25
90.0
26.5,28.0,28.25,26.75,26.75,26.0,27.25,26.75,26.5,27.5,29.25,28.25,27.0,26.5,26.75,26.5,27.0,27.25,29.5,29.25,27.25,26.5,26.5,26.5,26.5,27.75,29.0,28.0,26.75,26.25,26.25,26.5,26.75,26.75,27.25,27.0,26.75,26.5,26.75,26.25,26.75,26.5,27.0,26.75,26.25,26.25,26.0,25.75,26.75,26.5,26.5,26.25,26.5,26.75,26.0,25.75,26.25,26.5,26.0,26.0,25.75,26.0,25.75,25.5
