1.0
26.75,26.25,26.75,27.5,26.75,26.75,27.0,27.25,26.75,27.25,27.75,29.25,27.25,26.25,26.75,26.75,27.25,27.25,28.75,28.25,26.75,26.75,26.5,26.25,26.75,26.75,27.0,26.75,26.0,26.5,26.25,26.0,26.75,26.0,26.5,26.25,26.0,26.5,26.25,26.5,26.75,26.5,26.5,26.5,26.25,26.0,26.25,26.0,27.0,26.75,25.75,26.25,26.5,26.0,26.0,26.5,26.25,26.5,26.25,26.5,26.25,26.0,25.75,27.0
2.0
27.0,27.0,27.25,27.75,27.0,26.75,27.5,27.25,26.75,27.0,27.5,29.0,27.5,26.5,26.25,26.75,27.0,27.0,28.75,28.5,26.75,26.5,27.25,26.25,26.5,26.5,27.5,27.0,26.5,26.25,26.5,26.75,26.25,26.25,26.75,26.75,26.75,26.5,26.75,26.75,27.0,26.5,26.75,26.5,26.25,26.25,26.25,26.0,26.5,26.75,26.25,25.75,26.75,26.0,26.0,26.25,26.5,26.5,26.25,26.25,26.0,25.75,26.0,27.5
3.0
27.0,26.75,26.75,27.5,26.75,26.5,27.5,26.75,26.75,26.75,28.0,29.5,27.5,26.5,26.25,26.5,26.5,27.0,28.5,28.5,26.5,26.75,26.25,26.25,26.75,27.0,27.25,26.5,26.5,26.5,26.5,26.75,27.0,26.25,26.5,26.5,26.5,26.5,26.0,26.75,27.5,26.5,26.75,26.5,26.25,26.25,26.25,26.0,26.5,27.0,26.25,26.25,26.5,26.25,26.0,26.25,26.0,26.25,25.75,26.75,26.5,25.75,25.75,26.5
4.0
26.75,26.5,27.25,27.0,26.75,26.5,27.0,27.25,26.5,27.0,28.0,29.25,27.75,26.25,26.25,26.25,27.25,27.0,28.75,28.5,26.5,26.25,27.0,26.25,27.0,27.5,27.0,26.5,26.5,26.0,26.5,26.75,26.25,26.25,26.0,26.0,26.25,26.5,26.25,26.75,27.0,26.75,26.75,26.5,26.0,26.25,26.0,26.0,27.0,27.0,26.25,26.0,26.75,26.25,26.0,26.5,26.25,26.5,25.75,26.5,26.25,25.5,26.5,26.25
5.0
26.5,26.75,27.5,27.25,26.75,26.25,27.5,26.75,26.5,27.0,27.5,29.0,27.5,26.25,26.75,26.25,26.75,26.75,28.25,28.0,27.25,26.5,26.5,26.5,26.25,26.5,27.5,26.5,26.25,26.0,26.0,26.75,26.5,26.0,26.25,26.25,26.25,26.25,26.25,26.5,26.75,26.75,26.75,26.5,26.0,26.75,26.0,26.0,26.5,26.5,26.25,26.5,26.5,26.25,26.0,26.0,26.25,26.75,26.25,26.5,26.25,25.5,25.75,26.75
6.0
26.0,27.0,27.25,27.25,26.25,26.5,27.25,27.25,26.75,27.0,27.5,29.0,27.75,26.75,26.5,26.0,27.0,27.5,28.75,28.5,26.75,26.75,26.5,26.5,26.75,26.75,27.0,26.25,26.25,26.0,26.75,26.0,26.75,26.5,26.5,26.25,26.75,26.25,26.75,26.25,27.0,26.5,26.75,26.75,26.0,26.25,26.0,26.0,26.5,26.75,26.5,26.5,26.25,26.25,25.75,26.25,26.0,26.25,25.75,26.5,26.0,25.75,25.75,27.0
7.0
26.5,26.75,27.5,27.25,26.75,26.25,27.25,26.75,27.0,27.0,28.0,29.5,27.75,26.25,26.75,26.5,27.25,27.0,28.75,28.25,27.0,26.5,26.5,26.25,27.0,26.75,27.75,26.75,26.25,26.5,26.75,26.75,27.0,26.5,26.5,26.25,26.5,26.75,26.0,26.25,26.75,27.0,26.5,26.75,26.25,26.5,26.0,26.25,26.5,27.0,26.25,25.75,26.25,26.5,26.0,26.25,26.5,25.75,26.25,26.5,26.5,26.0,26.0,25.75
8.0
26.5,26.75,27.0,27.5,27.0,26.75,27.25,26.75,26.25,27.25,28.0,29.25,27.75,26.75,26.25,26.5,26.75,27.0,28.75,28.25,27.0,26.25,27.0,26.75,26.5,27.0,27.5,27.0,26.5,26.25,26.0,26.75,26.75,26.5,26.5,26.5,26.5,26.5,26.0,26.25,27.0,26.5,26.75,26.75,26.5,26.5,26.25,26.25,26.25,26.5,26.5,26.0,26.25,26.5,25.75,26.5,27.0,26.75,26.25,26.25,26.0,26.0,26.25,26.75
9.0
26.75,26.75,27.5,27.25,26.75,26.5,27.0,27.0,26.75,26.75,28.0,29.25,27.5,26.25,26.5,26.5,27.25,27.25,28.5,28.5,27.0,26.75,26.75,26.25,26.25,27.0,27.5,26.5,26.5,26.25,26.0,26.0,26.5,26.5,26.5,26.25,26.25,26.75,26.25,26.75,26.75,26.75,26.5,26.25,26.5,26.5,26.5,25.75,27.0,26.5,26.5,26.0,26.5,26.25,26.25,26.25,26.25,25.75,26.25,26.5,26.0,26.0,25.5,25.75
10.0
26.5,26.75,26.75,27.25,27.25,26.5,26.75,27.25,26.5,26.75,27.75,29.25,27.5,26.5,26.25,26.75,26.5,26.5,29.25,28.25,27.25,26.5,26.75,26.25,26.75,26.75,27.75,26.5,26.5,26.25,26.25,26.5,27.0,26.0,26.5,26.25,26.5,26.5,26.75,26.75,26.75,26.75,26.5,26.75,26.0,26.25,26.25,26.25,26.5,27.0,26.25,26.0,26.75,26.5,26.25,26.0,26.25,26.0,26.0,26.25,26.5,25.75,25.5,26.5
11.0
26.5,26.75,27.5,27.25,26.75,26.5,27.25,26.75,26.75,27.25,28.0,29.0,27.5,26.5,26.5,26.5,27.0,27.25,28.75,28.5,26.75,26.5,26.0,26.25,26.75,27.0,27.25,26.75,26.5,26.5,26.75,26.25,26.75,26.5,26.75,26.25,26.0,26.75,26.5,26.75,26.75,26.5,26.75,26.5,26.5,26.5,26.25,26.0,26.75,26.5,26.25,26.5,26.5,26.75,26.5,27.0,26.25,26.0,25.75,26.25,26.5,25.75,26.5,26.5
12.0
26.25,26.5,27.0,27.5,26.75,26.5,27.25,26.5,26.5,26.75,28.0,29.5,27.5,26.25,26.25,26.25,26.5,26.5,28.75,28.0,26.5,26.25,26.0,26.5,26.25,27.0,27.5,26.75,26.5,26.25,25.75,26.5,26.75,26.5,26.25,25.75,26.25,26.25,26.25,26.75,26.75,26.5,26.75,26.25,26.25,26.5,26.25,26.5,26.5,27.0,26.0,26.25,26.25,26.0,25.75,26.25,26.5,25.75,26.25,26.5,26.25,25.75,25.5,26.0
13.0
26.75,27.25,27.25,27.0,27.0,26.25,27.25,27.0,27.0,27.5,28.0,29.5,27.5,26.75,26.5,26.5,27.0,27.25,28.75,28.25,27.0,26.75,26.5,26.5,26.5,27.5,27.0,26.5,26.5,26.25,26.25,26.5,26.5,26.5,26.25,26.5,26.5,26.75,26.5,26.5,26.75,26.25,27.0,26.5,26.0,26.0,26.0,26.0,26.75,26.75,26.25,26.0,26.5,26.25,25.75,26.0,26.0,26.0,25.75,26.0,26.0,26.0,26.0,26.75
14.0
26.5,26.75,27.0,27.25,27.0,26.25,27.0,26.75,26.75,27.0,28.0,29.5,27.75,26.5,26.5,26.5,27.25,27.25,28.75,28.0,26.75,26.75,26.25,26.0,26.75,27.0,27.5,27.0,26.25,26.5,26.5,26.5,27.0,26.25,26.5,26.25,26.75,26.5,26.25,26.25,27.0,26.5,26.5,26.5,26.0,26.25,26.25,26.25,26.5,27.0,26.25,26.0,26.25,26.25,25.75,26.25,26.25,26.5,26.25,26.0,26.25,26.0,25.75,26.0
15.0
26.0,26.75,27.5,27.25,26.5,26.5,27.5,27.0,26.5,27.0,28.0,29.5,27.5,26.5,26.5,26.5,27.25,27.5,29.0,28.5,27.0,26.75,26.5,26.75,27.0,26.75,27.25,26.5,26.5,26.25,26.5,26.5,26.5,26.5,26.25,26.5,26.5,26.75,26.5,26.75,26.75,26.5,26.5,26.5,26.25,26.5,26.0,26.25,26.5,27.0,26.25,26.25,26.75,26.0,26.25,26.25,26.25,26.5,26.75,26.75,26.25,25.75,26.25,27.0
16.0
26.25,26.75,27.0,26.75,26.5,26.5,27.25,27.0,26.75,27.0,28.0,29.0,27.5,26.25,26.25,26.75,27.0,27.25,28.75,28.25,26.75,26.75,26.5,26.25,26.5,26.5,27.5,26.75,26.25,26.25,26.75,26.25,26.75,26.25,26.0,26.25,26.25,26.5,26.5,26.5,26.75,26.75,26.5,27.0,26.0,27.0,26.5,25.75,26.75,26.5,26.5,26.25,26.5,26.0,25.75,26.25,26.25,26.0,26.5,26.25,26.25,26.0,26.25,26.25
17.0
26.5,26.75,27.5,26.75,26.75,26.5,27.25,27.0,26.5,26.5,28.0,29.5,27.5,26.25,26.75,26.0,26.75,26.5,28.75,28.25,26.75,26.75,26.5,25.75,26.75,27.0,27.25,26.5,26.5,26.75,26.25,26.5,27.0,26.0,26.25,26.25,26.0,26.25,26.0,26.5,27.25,26.75,26.75,26.5,26.25,26.75,26.0,25.75,26.75,27.0,26.0,26.5,26.25,26.25,25.75,26.0,26.5,26.5,26.5,26.25,26.25,25.5,26.0,26.25
18.0
27.0,27.25,27.5,26.75,26.75,26.25,27.25,26.0,26.75,26.75,28.0,29.5,27.0,26.25,26.25,26.75,27.0,26.75,28.5,28.75,26.75,26.5,26.5,26.0,26.5,26.75,27.5,26.25,26.25,26.25,26.25,26.5,27.25,26.25,26.0,26.5,26.5,26.5,26.25,26.5,26.75,26.5,26.75,26.25,26.25,26.25,26.0,25.75,26.75,26.5,26.0,26.25,26.75,26.5,26.0,26.25,26.25,26.5,26.0,26.25,26.25,26.0,26.0,26.0
19.0
27.0,26.75,27.0,27.5,27.0,26.5,27.25,27.0,27.0,27.0,28.0,29.25,27.5,26.5,26.5,26.5,26.75,27.25,28.75,28.75,26.75,26.5,26.5,26.5,26.25,27.0,27.75,26.5,26.25,26.0,26.25,26.75,27.25,26.5,26.75,26.75,26.5,26.0,26.5,26.5,27.0,26.75,26.75,26.5,26.25,26.5,26.5,26.25,26.5,26.5,26.25,26.5,26.75,26.5,26.0,26.0,26.5,26.25,26.0,26.0,26.5,26.0,26.0,26.5
20.0
26.25,27.0,27.5,27.25,26.25,26.75,27.0,26.75,26.25,27.0,28.25,29.25,27.25,26.75,26.75,26.0,27.0,27.0,28.75,28.5,26.75,26.75,26.5,26.0,26.25,26.5,27.25,26.75,26.5,26.5,26.0,26.0,27.25,26.5,26.25,26.0,26.5,26.5,26.5,26.25,27.0,26.5,26.75,26.5,26.25,26.5,26.0,26.0,26.5,27.25,26.5,26.25,26.5,26.25,26.25,26.0,25.75,26.25,26.75,26.0,26.25,26.0,25.75,26.5
21.0
26.25,26.5,27.25,27.0,27.0,26.5,27.5,26.75,26.75,27.0,28.25,29.5,27.75,26.75,27.0,26.75,27.0,27.0,28.75,28.5,27.0,27.0,26.5,26.0,26.25,27.0,27.25,26.5,26.25,26.25,26.0,26.5,27.25,26.5,26.5,26.5,26.25,26.75,26.75,26.75,26.75,27.0,26.75,26.75,26.5,26.5,26.0,26.0,26.75,26.75,26.75,26.0,26.5,25.75,26.5,26.25,26.0,26.5,26.0,26.25,26.25,26.25,25.75,26.5
22.0
26.25,26.5,27.25,27.0,27.0,26.5,27.5,26.75,26.75,27.0,28.25,29.5,27.75,26.75,27.0,26.75,27.0,27.0,28.75,28.5,27.0,27.0,26.5,26.0,26.25,27.0,27.25,26.5,26.25,26.25,26.0,26.5,27.25,26.5,26.5,26.5,26.25,26.75,26.75,26.75,26.75,27.0,26.75,26.75,26.5,26.5,26.0,26.0,26.75,26.75,26.75,26.0,26.5,25.75,26.5,26.25,26.0,26.5,26.0,26.25,26.25,26.25,25.75,26.5
23.0
26.75,26.75,27.5,27.25,26.75,26.75,27.25,27.0,27.25,27.0,28.0,29.0,27.75,26.5,26.5,26.75,27.0,27.25,29.25,28.5,27.25,27.0,26.75,26.0,26.5,27.0,27.25,26.75,26.5,26.25,26.5,26.25,26.75,26.25,26.5,26.5,26.75,26.75,26.5,26.25,27.0,27.0,27.0,26.75,26.25,26.25,26.25,25.75,27.0,26.75,26.25,26.5,26.5,26.5,26.0,26.5,26.5,26.0,26.75,26.75,26.25,26.0,26.25,26.5
24.0
26.25,27.0,27.25,27.5,26.75,26.5,27.0,27.0,27.0,27.5,27.75,29.0,27.5,26.25,26.75,26.75,26.5,27.25,28.75,28.5,26.75,26.75,26.25,26.25,26.75,26.75,27.5,26.5,26.5,26.25,26.25,26.75,26.5,26.25,26.25,26.0,26.25,26.25,26.75,26.5,27.0,26.5,26.5,26.75,26.25,26.75,26.0,26.25,26.5,26.5,26.0,25.75,26.5,26.25,26.0,26.25,26.5,26.0,26.0,26.0,26.0,26.0,25.5,26.5
25.0
26.75,26.5,27.0,27.25,26.75,26.25,27.5,27.25,26.75,27.0,28.0,29.25,27.25,26.25,26.75,26.25,27.5,27.0,29.0,28.5,26.75,26.75,26.5,26.0,26.25,27.25,27.25,26.5,26.25,26.5,26.25,26.5,26.75,26.5,26.5,26.5,26.25,26.75,26.75,26.25,26.5,26.75,26.5,26.75,26.0,26.5,26.25,26.25,26.5,27.0,26.25,25.75,26.0,26.5,25.75,25.5,25.75,26.25,26.0,26.25,26.25,25.75,26.0,26.5
26.0
26.0,26.75,27.25,27.5,27.0,26.5,27.25,26.5,26.5,27.25,28.25,29.25,27.5,26.5,26.5,26.5,27.0,27.25,28.75,28.5,27.25,26.75,26.75,26.25,26.75,26.75,27.75,26.75,26.5,26.25,26.5,26.25,26.5,26.5,26.5,26.5,27.0,26.5,26.25,26.5,26.75,26.25,26.25,27.0,26.25,26.5,26.75,25.75,27.0,26.5,26.75,26.25,26.25,26.0,26.0,25.75,26.25,26.0,26.0,26.75,26.5,26.0,26.0,26.25
27.0
26.5,26.75,27.5,27.25,26.75,26.25,27.0,26.75,27.0,27.0,27.5,29.25,27.25,26.75,26.5,26.5,27.0,27.0,28.75,28.25,27.0,26.75,26.75,26.5,26.5,26.75,27.0,26.75,26.25,26.5,26.25,26.25,26.5,26.75,26.25,26.25,26.25,26.5,26.25,26.25,27.25,26.75,26.75,26.25,26.25,26.5,26.25,26.25,26.5,27.0,26.5,26.5,26.5,26.25,26.0,26.25,26.25,26.25,26.5,26.25,26.5,26.0,26.25,26.5
28.0
26.75,27.0,27.0,27.25,27.25,26.5,27.25,26.75,26.5,27.0,28.25,29.25,27.25,26.0,26.5,26.5,27.0,27.25,28.5,28.75,27.0,26.5,26.5,26.5,26.75,27.0,27.5,26.25,26.25,26.25,26.25,26.5,27.0,26.5,26.25,26.5,26.5,26.75,26.25,26.25,27.0,26.75,26.5,27.0,26.25,26.5,26.25,25.75,27.25,26.75,26.5,26.0,26.5,26.25,25.75,26.5,26.5,26.75,26.25,26.5,26.5,26.25,25.5,26.75
29.0
26.0,26.75,26.75,27.0,26.25,26.5,27.5,27.25,26.75,27.25,28.0,29.5,27.5,26.25,26.25,26.25,26.5,27.25,28.75,28.0,26.75,26.25,26.5,26.0,26.25,26.75,27.25,26.75,26.0,26.0,26.0,26.25,26.5,26.25,26.25,26.5,26.25,26.25,26.25,26.5,26.75,26.75,26.75,26.25,26.0,26.25,26.25,26.0,26.25,27.0,26.25,26.0,26.5,26.25,25.75,26.25,26.25,25.75,26.0,26.25,26.25,25.75,25.75,26.25
30.0
26.25,27.0,27.25,27.0,26.5,26.5,27.25,26.75,27.0,26.75,28.25,29.0,27.5,26.75,27.0,26.0,26.75,27.5,29.0,28.5,27.25,26.5,26.5,26.5,26.75,27.0,27.5,26.5,26.5,26.0,26.5,26.25,27.0,26.75,26.5,26.5,26.75,26.25,26.25,26.5,26.75,26.5,26.5,26.75,26.0,26.25,26.0,26.25,26.75,27.0,26.25,26.0,26.25,26.25,26.5,26.0,26.5,26.25,26.25,26.0,26.0,25.5,25.75,26.25
31.0
26.5,26.75,27.25,27.0,26.5,26.5,27.25,26.75,26.25,27.0,28.5,29.25,27.25,26.25,26.5,26.5,27.0,26.75,28.75,28.25,26.75,26.75,26.5,26.25,26.25,26.75,27.5,27.0,26.25,26.25,26.25,26.5,26.75,26.25,26.25,26.5,26.25,26.5,26.0,26.25,27.0,26.75,26.5,26.75,26.5,26.5,26.0,25.75,26.5,26.75,26.5,26.0,26.25,26.25,26.0,26.0,26.0,26.25,26.5,26.5,26.0,26.5,26.0,26.25
32.0
26.5,26.75,27.5,26.75,26.75,26.25,27.5,27.0,26.25,26.75,28.5,29.5,27.5,26.5,26.75,26.75,27.0,27.25,28.75,28.25,27.25,26.5,26.75,26.5,26.5,27.0,27.25,26.5,26.25,26.25,26.25,26.75,26.75,26.25,26.25,26.5,26.5,26.75,26.75,26.5,27.25,26.75,27.25,26.75,26.25,26.0,26.5,26.25,26.5,26.25,26.25,26.5,26.25,26.5,26.0,26.25,26.5,26.25,26.25,26.0,26.25,25.75,25.75,26.25
33.0
27.0,26.75,28.0,27.25,26.75,26.75,27.25,27.25,26.75,27.0,28.5,29.0,27.25,26.5,26.25,26.5,27.0,27.75,28.75,28.5,26.75,27.0,26.5,26.25,26.5,27.0,27.5,26.5,26.5,26.25,26.5,26.75,26.75,26.75,26.5,26.25,26.5,26.75,26.5,27.0,26.5,26.75,27.0,26.5,26.0,26.0,26.5,25.75,27.0,26.75,26.25,26.25,26.25,26.25,26.0,26.25,26.75,26.5,26.5,26.0,26.5,25.5,26.0,26.25
34.0
26.5,26.75,27.0,26.75,26.75,26.5,27.5,27.25,26.5,27.5,28.25,29.5,27.5,26.75,26.25,26.75,27.25,27.25,29.0,28.25,27.0,26.75,26.5,26.5,26.5,26.75,27.25,26.75,26.5,26.0,26.25,26.75,26.75,26.25,26.25,26.25,26.25,26.75,26.25,26.5,26.75,26.75,26.75,26.5,26.0,26.5,25.75,26.0,26.25,26.75,26.75,26.25,26.25,26.0,26.0,26.0,26.25,26.5,26.5,26.5,26.25,25.5,26.0,26.25
35.0
26.75,26.75,27.5,27.0,26.5,26.5,26.75,26.25,26.25,26.5,28.25,29.0,27.25,26.5,26.5,26.5,27.25,27.0,29.25,28.5,27.0,26.5,26.25,26.0,26.75,26.5,27.25,26.5,26.25,26.25,26.25,26.5,27.25,26.75,26.25,26.75,26.75,26.75,26.25,26.5,26.75,26.75,27.0,26.5,26.25,26.25,26.25,25.5,26.75,26.25,26.25,26.25,27.0,26.25,26.25,26.0,26.5,26.75,26.5,26.0,26.0,26.5,25.75,26.5
36.0
26.75,27.25,27.75,26.5,26.5,26.5,27.25,26.75,27.0,27.0,28.5,29.25,27.25,26.75,26.5,26.25,27.0,27.25,28.75,28.5,26.75,26.5,26.5,26.25,26.75,26.75,27.25,26.25,26.5,26.25,26.5,26.5,26.75,26.5,26.25,26.5,27.0,26.75,26.75,26.5,26.75,26.75,26.75,26.25,26.0,26.5,26.0,26.0,27.0,27.0,26.75,26.0,26.25,26.5,26.0,26.0,26.5,26.25,26.75,26.25,26.25,25.75,25.75,26.5
37.0
26.25,27.0,27.25,26.25,26.5,26.5,27.5,27.25,26.5,27.0,28.5,28.75,27.25,26.25,26.5,26.5,27.0,26.75,28.75,28.0,27.0,26.25,26.5,26.0,26.25,26.75,27.25,26.75,26.5,26.25,26.25,26.25,26.75,26.25,26.5,26.25,26.5,26.75,26.5,26.25,27.0,26.75,26.75,26.5,26.25,26.75,26.25,26.25,26.5,26.5,26.25,26.25,26.75,26.25,25.75,25.75,26.5,26.5,26.0,26.0,26.25,26.0,26.0,26.0
38.0
27.0,27.25,27.75,27.0,27.0,26.5,27.5,26.25,26.75,27.0,28.75,28.5,27.25,26.75,26.25,26.75,27.0,27.0,28.75,28.25,26.75,27.0,26.5,26.0,26.5,26.75,27.0,26.5,26.5,26.0,26.25,26.5,27.25,26.75,26.75,26.5,26.25,26.75,26.5,26.75,26.75,26.75,26.5,27.0,26.25,26.5,26.25,26.25,26.5,26.75,26.5,26.0,26.5,26.0,25.75,26.25,26.0,26.5,26.25,26.25,26.0,25.75,25.75,26.75
39.0
27.0,27.25,27.75,27.0,27.0,26.5,27.5,26.25,26.75,27.0,28.75,28.5,27.25,26.75,26.25,26.75,27.0,27.0,28.75,28.25,26.75,27.0,26.5,26.0,26.5,26.75,27.0,26.5,26.5,26.0,26.25,26.5,27.25,26.75,26.75,26.5,26.25,26.75,26.5,26.75,26.75,26.75,26.5,27.0,26.25,26.5,26.25,26.25,26.5,26.75,26.5,26.0,26.5,26.0,25.75,26.25,26.0,26.5,26.25,26.25,26.0,25.75,25.75,26.75
40.0
26.75,26.75,27.5,26.75,26.75,26.75,27.5,26.75,27.0,26.75,29.0,29.0,27.5,26.5,27.0,26.75,27.25,27.0,28.75,28.0,26.5,26.5,26.75,26.25,26.25,27.0,27.5,26.5,26.5,25.75,26.25,26.75,27.0,26.75,26.75,26.25,26.75,26.75,26.25,26.5,27.0,26.5,26.75,26.75,26.0,26.5,26.25,26.25,26.75,27.0,26.25,26.25,26.5,26.25,26.0,26.25,25.75,26.25,26.0,26.75,26.5,26.0,25.75,26.5
41.0
26.75,27.5,26.75,26.75,27.0,26.0,27.25,26.75,27.5,28.25,29.25,28.25,27.25,26.5,26.75,26.0,27.0,27.0,28.5,27.75,27.0,26.25,27.0,26.25,26.25,26.75,27.25,26.75,26.75,26.25,26.25,26.5,26.75,26.25,27.0,26.75,26.5,26.75,26.75,26.75,27.0,26.5,26.75,26.75,26.0,26.25,25.75,26.5,26.75,26.5,26.25,26.25,26.5,26.5,26.0,26.5,27.0,26.25,26.0,26.75,25.75,26.0,26.25,26.5
42.0
26.5,27.0,27.0,26.5,27.0,26.5,27.25,27.0,26.5,28.25,29.0,27.75,26.75,26.5,26.5,26.25,26.75,27.25,29.0,28.0,26.5,26.5,26.75,26.25,27.0,27.0,27.5,26.75,26.0,26.75,26.0,26.75,27.25,26.5,26.5,26.5,26.25,26.25,26.25,26.75,27.0,27.0,26.5,26.75,26.0,26.5,26.25,26.0,26.75,26.75,26.5,26.25,26.0,26.5,25.75,26.5,26.25,26.5,25.75,26.5,26.0,25.75,25.75,26.5
43.0
27.0,27.5,27.0,26.0,26.75,26.75,27.75,27.0,27.0,28.5,28.75,28.0,27.0,26.75,26.5,26.5,27.0,27.75,28.75,27.75,26.75,27.0,26.5,26.5,26.75,26.75,28.0,26.5,26.5,26.5,26.5,26.25,27.0,26.25,26.25,26.5,26.5,26.25,26.25,26.25,26.75,26.5,26.75,26.75,26.25,26.25,26.0,26.0,26.5,27.0,26.25,26.5,26.5,26.5,25.75,26.0,26.25,26.5,26.5,26.25,26.0,26.25,26.25,26.5
44.0
26.75,27.0,26.75,26.75,26.25,26.5,27.0,27.25,27.25,29.0,29.0,27.75,27.25,26.25,26.75,26.5,27.0,27.75,28.5,28.0,26.75,26.75,26.75,26.5,26.25,27.25,27.75,26.75,26.5,26.5,26.5,26.25,27.0,26.5,26.25,26.25,26.25,26.75,26.25,26.25,27.0,26.75,26.75,27.0,26.25,26.75,26.0,26.25,26.25,27.0,26.0,26.0,26.5,26.25,25.75,26.25,26.75,26.0,26.25,26.25,26.25,25.25,26.0,26.25
45.0
27.0,27.25,27.0,26.5,26.75,26.0,27.0,26.5,27.25,29.0,29.25,27.75,27.5,26.25,26.5,26.25,27.0,28.0,28.75,27.75,26.5,26.75,26.75,26.25,26.5,27.0,27.75,26.75,26.5,26.25,26.5,26.5,27.0,26.5,26.25,26.5,26.5,26.5,26.75,26.75,26.75,26.75,26.75,26.75,26.25,26.5,26.0,25.5,26.75,27.0,26.25,26.5,26.5,26.5,26.5,26.25,26.25,26.5,26.0,26.5,26.0,26.25,25.75,26.0
46.0
27.0,27.0,26.5,26.25,26.75,26.25,27.5,27.25,27.25,28.5,29.0,27.25,26.75,26.5,26.75,26.0,27.0,28.5,28.75,28.0,27.0,26.75,26.5,26.5,26.5,26.75,27.5,27.0,26.75,26.25,26.0,26.75,26.75,26.25,26.25,26.75,26.5,27.0,26.5,27.0,27.0,26.75,26.75,26.5,26.25,26.75,26.5,25.75,26.75,26.75,26.25,26.5,26.75,26.0,26.25,26.25,26.5,26.75,26.25,26.5,26.0,26.25,26.0,25.5
47.0
26.75,27.0,26.75,26.0,26.75,26.5,27.5,26.75,27.5,28.75,28.75,27.5,27.0,26.5,26.75,26.25,27.5,28.25,28.5,27.75,26.75,26.25,26.75,26.25,26.0,27.0,27.5,26.5,26.5,26.0,26.5,26.5,27.25,26.75,26.5,26.5,26.25,26.25,26.5,26.25,27.25,26.5,26.75,26.5,26.0,26.5,26.0,25.75,27.0,26.75,26.25,26.25,26.0,26.5,25.5,26.0,26.25,26.25,26.0,26.25,26.0,26.0,25.75,26.25
48.0
26.75,27.5,26.75,26.75,26.5,26.25,27.0,27.0,28.0,29.0,29.0,27.25,27.0,26.5,26.75,26.5,27.0,28.0,28.25,27.5,26.5,26.75,26.25,26.5,26.75,27.5,27.5,26.5,26.25,26.25,26.5,26.25,26.75,26.5,26.5,26.25,26.75,26.5,26.75,26.75,27.0,26.75,26.5,26.75,26.0,26.5,26.25,26.0,26.5,26.75,26.0,26.5,26.5,26.0,26.0,25.5,26.0,26.25,27.0,26.5,26.5,25.75,25.75,26.5
49.0
27.25,26.75,27.0,26.5,26.75,26.25,27.5,27.0,28.25,28.75,29.25,27.0,26.75,26.5,26.75,26.5,27.25,28.5,28.5,27.5,27.0,26.5,26.75,26.0,26.75,27.25,27.75,26.5,26.5,26.5,26.5,26.75,27.0,26.25,26.5,26.75,26.5,26.5,26.25,26.25,27.0,26.75,26.5,26.5,26.25,26.25,26.25,26.0,26.75,26.5,26.25,26.0,26.25,26.5,26.0,26.25,26.5,26.25,26.5,26.75,26.0,26.0,25.75,27.0
50.0
27.75,27.5,26.5,26.25,26.75,26.5,27.25,27.5,28.0,29.0,28.75,27.25,26.75,26.25,26.75,27.0,27.5,28.25,28.25,27.5,26.75,27.0,26.75,26.25,26.75,27.0,27.5,26.5,26.25,26.25,26.25,26.5,26.75,26.5,26.0,26.25,26.25,26.5,26.5,26.5,27.0,26.5,26.75,26.5,26.0,26.5,26.25,25.75,26.75,26.25,26.5,26.25,26.5,26.5,26.25,26.0,26.75,26.0,26.0,26.5,26.25,26.25,25.5,26.75
51.0
28.25,29.0,27.25,26.25,26.5,26.5,27.0,26.5,27.75,29.0,28.5,26.75,27.0,26.75,26.75,26.5,27.25,28.25,28.25,27.5,26.5,26.5,26.5,26.75,26.75,26.75,27.5,26.75,26.25,26.0,26.5,26.25,26.5,26.25,26.5,26.25,26.5,26.0,26.5,26.5,27.0,26.75,26.75,26.5,26.0,26.5,26.25,25.75,26.25,27.0,26.0,26.0,26.25,26.5,26.25,26.0,26.5,26.25,26.0,26.25,26.5,26.0,26.0,26.25
52.0
28.75,29.0,27.5,26.25,26.5,26.75,27.25,27.25,28.25,29.0,28.5,27.25,27.25,26.5,26.5,26.75,27.25,28.0,28.25,27.25,26.5,26.5,26.5,26.25,26.75,26.5,27.5,26.5,26.25,26.25,26.0,26.5,27.25,26.5,26.5,26.75,26.5,26.5,26.5,26.75,26.75,26.5,26.75,26.75,26.5,26.5,26.0,25.75,26.5,26.75,26.5,26.5,26.25,26.25,26.25,26.0,26.5,26.0,26.0,26.25,26.0,26.0,26.25,26.5
53.0
28.5,28.5,26.5,26.25,26.75,26.5,27.0,27.5,28.0,28.75,28.5,27.0,27.0,26.25,26.5,26.5,27.0,27.75,28.25,27.0,26.75,27.0,26.5,26.5,26.75,27.0,27.25,26.25,26.25,26.25,26.25,26.75,26.75,26.25,26.5,26.25,26.5,26.75,26.5,26.5,27.25,26.5,26.75,26.25,26.0,26.75,26.0,25.75,26.5,26.5,26.25,26.0,26.25,26.0,26.0,26.25,26.5,26.25,26.25,25.75,26.25,26.25,25.75,26.0
54.0
28.5,28.75,26.75,26.25,27.0,26.0,27.25,27.25,28.0,28.75,28.25,27.0,27.0,26.5,26.5,26.75,27.5,27.5,28.0,27.0,26.75,26.75,26.25,26.75,26.75,26.5,27.25,26.25,26.25,26.25,26.0,26.75,26.75,26.5,26.5,26.25,26.25,26.75,26.5,27.25,27.0,26.5,26.5,26.5,26.25,26.25,26.25,25.75,26.5,26.75,26.25,26.5,25.75,26.5,26.0,26.25,26.0,26.0,26.0,26.0,25.75,25.75,26.0,26.25
55.0
28.75,29.0,27.0,26.25,26.75,26.25,27.5,26.75,27.75,29.25,28.5,27.0,26.75,26.25,26.75,26.25,27.0,27.25,28.0,27.0,26.75,26.75,26.25,26.75,26.75,26.75,27.5,26.5,26.5,25.75,26.25,26.25,26.75,26.5,26.5,26.25,26.0,26.75,26.5,26.5,26.5,26.5,26.5,26.5,26.0,26.75,26.25,25.75,27.0,26.75,26.5,26.25,26.5,26.25,25.75,26.75,26.5,26.0,26.5,26.25,26.0,25.75,26.0,26.75
56.0
28.75,29.0,26.75,26.25,26.5,26.25,27.75,27.0,28.5,28.75,28.25,27.0,26.75,26.0,26.75,26.5,27.5,27.5,28.0,27.25,26.75,26.25,26.5,26.25,26.5,26.75,27.25,26.25,26.25,26.25,26.25,26.5,27.0,26.25,26.25,25.75,26.5,26.75,26.25,26.5,26.75,26.75,27.25,26.25,26.5,26.5,26.25,26.0,26.0,26.75,26.25,26.25,26.25,25.75,26.0,26.5,26.0,26.25,25.5,26.25,26.25,25.75,26.25,26.0
57.0
28.75,29.0,27.0,26.25,26.5,26.5,27.25,26.75,28.75,28.75,28.25,27.0,26.75,26.0,26.25,26.5,27.0,27.75,27.75,27.25,26.5,26.75,26.5,26.5,26.25,27.0,27.5,26.5,26.25,26.25,26.25,26.5,26.75,26.75,26.5,26.5,26.5,26.25,26.75,26.25,27.5,26.75,26.75,26.75,26.5,26.5,26.0,26.25,26.75,27.0,26.75,26.0,26.5,26.0,26.25,26.25,26.5,26.25,26.0,26.75,26.25,26.0,25.75,26.5
58.0
28.5,29.0,27.0,26.25,26.75,26.25,27.25,26.75,28.5,28.75,28.25,27.0,26.5,26.75,26.75,26.75,27.75,28.25,28.0,27.0,26.25,26.5,26.5,26.25,26.75,27.25,27.25,26.5,26.25,26.25,26.25,26.25,27.0,26.5,26.5,26.5,26.5,26.5,26.5,26.5,27.0,26.25,26.75,26.75,26.0,26.25,26.0,26.0,26.5,26.75,26.5,26.25,26.25,26.5,26.25,26.25,26.25,26.75,26.75,26.25,25.75,26.25,26.0,26.5
59.0
29.0,28.5,26.75,26.5,26.5,26.5,27.75,27.25,29.25,28.75,27.75,26.5,26.75,26.25,26.25,26.5,27.5,28.0,28.25,27.25,26.25,26.75,26.25,26.75,26.75,27.5,26.75,26.5,26.5,26.5,26.5,26.75,26.5,26.75,26.5,26.5,26.25,26.25,26.25,26.75,26.75,26.75,26.75,27.0,26.5,26.25,26.5,26.25,26.75,26.5,26.0,26.0,26.0,26.0,25.75,26.25,26.0,26.0,26.0,26.25,26.25,26.25,26.0,26.25
60.0
28.5,28.25,27.0,26.0,26.75,26.25,27.0,27.25,28.75,28.75,27.25,27.0,27.0,26.5,26.75,26.25,28.0,29.25,28.0,27.5,26.5,26.5,26.5,26.25,26.5,28.0,26.5,26.5,26.75,26.25,26.75,26.25,27.0,26.75,26.75,26.5,26.5,26.5,26.5,26.5,27.25,26.5,26.5,26.75,26.0,26.75,26.25,26.0,26.5,26.75,26.5,26.25,26.5,26.25,26.0,26.0,27.0,26.25,26.25,26.25,26.0,25.75,26.0,26.25
61.0
27.0,26.25,26.5,26.25,26.75,26.75,27.25,26.75,29.25,27.75,26.75,27.0,26.75,26.5,26.75,26.0,29.25,28.75,27.5,27.75,26.25,26.5,26.5,26.5,28.25,28.0,27.0,26.5,26.5,26.25,26.5,26.75,27.0,26.0,26.5,26.25,26.5,26.75,26.5,26.25,27.0,26.75,26.75,26.75,26.25,26.25,26.25,26.0,26.25,26.75,26.0,26.25,26.25,26.25,26.5,26.5,26.0,26.25,25.75,26.0,26.25,25.5,26.5,26.0
62.0
26.75,26.75,27.0,26.75,26.75,26.5,27.25,26.75,29.0,27.5,27.0,27.0,26.25,26.0,26.25,26.0,29.0,28.5,27.75,27.25,26.5,26.25,26.5,26.25,28.25,28.5,27.0,26.75,26.25,26.25,26.5,26.25,27.5,27.0,26.25,26.25,26.0,26.5,26.75,26.5,26.75,26.5,26.5,26.5,26.25,26.25,26.0,25.75,26.75,26.5,26.5,26.0,26.0,26.0,26.0,26.0,26.0,26.25,26.0,26.0,26.0,25.75,25.25,26.5
63.0
27.25,27.0,26.5,26.25,26.75,26.75,27.0,27.25,28.5,27.5,27.0,27.0,26.75,26.25,26.25,26.5,28.75,28.25,27.75,27.0,26.5,26.5,26.5,26.5,28.5,28.75,27.0,26.5,26.25,26.0,26.25,26.5,27.25,27.25,26.5,26.5,26.5,26.25,26.75,26.5,27.0,27.0,27.0,26.5,26.0,26.25,26.75,26.25,26.75,26.75,26.5,26.0,26.0,26.25,25.75,25.5,26.25,26.0,26.0,26.0,26.0,25.75,25.5,26.75
64.0
27.0,27.0,26.25,26.25,26.5,26.25,27.5,27.0,28.5,27.75,27.25,27.25,26.5,26.25,26.75,26.75,29.0,28.25,27.75,27.0,26.75,26.25,26.5,26.25,28.25,28.25,27.5,26.5,26.25,26.0,26.25,26.25,27.0,26.75,26.5,26.0,26.0,26.5,26.25,26.5,27.0,26.75,26.75,26.5,26.25,26.5,26.0,26.25,26.5,26.75,26.25,26.5,26.25,26.25,26.0,26.0,26.5,26.75,26.0,26.0,25.75,26.25,25.75,26.25
65.0
27.25,26.75,26.5,26.5,26.5,26.25,27.25,27.0,28.75,27.75,27.0,26.75,27.0,26.5,26.25,26.75,29.25,28.25,27.5,27.0,26.5,27.0,26.5,25.75,28.25,28.5,27.0,26.5,26.25,26.25,26.5,26.25,27.25,26.75,27.0,26.25,26.0,26.75,26.75,26.75,27.0,26.75,26.5,26.5,25.75,26.25,26.25,26.5,26.5,26.5,26.5,25.75,26.75,26.5,26.0,26.25,26.25,26.5,26.25,26.5,26.0,26.0,26.0,26.0
66.0
27.0,26.75,26.75,26.0,26.5,26.25,27.0,26.5,28.5,27.75,26.5,26.75,27.0,26.5,26.25,26.5,29.0,28.25,27.75,27.0,26.5,26.0,26.25,25.75,28.25,28.75,27.25,26.25,26.25,26.25,26.25,26.0,27.0,27.0,26.75,26.25,26.25,26.5,26.25,26.5,27.0,26.75,26.75,26.5,26.0,26.25,26.0,26.0,26.5,26.25,26.0,25.75,26.5,26.25,25.75,26.0,26.25,26.25,26.0,26.5,26.0,26.0,26.0,26.5
67.0
27.0,26.75,26.75,26.0,26.25,26.5,27.25,27.25,28.5,27.5,26.25,27.0,27.25,26.25,26.5,26.0,28.75,28.25,27.5,27.0,26.25,26.75,26.5,26.25,28.25,28.5,27.0,26.25,26.5,26.0,26.0,26.25,26.75,26.75,26.5,26.5,26.5,26.5,26.25,26.25,26.75,26.75,26.5,26.0,26.0,26.25,26.0,25.75,26.75,26.75,26.25,26.25,26.25,26.25,26.5,26.25,26.25,26.0,25.75,25.75,26.0,26.0,25.75,26.25
68.0
27.75,26.75,26.5,26.0,26.75,26.25,27.25,26.75,28.5,27.75,27.0,27.0,26.75,26.75,26.5,26.25,29.25,28.25,27.75,27.5,26.5,26.25,26.25,26.5,28.0,28.5,27.25,26.5,26.75,26.25,26.25,26.0,27.0,27.0,26.75,26.25,26.25,26.25,26.25,26.75,26.75,27.0,27.0,26.75,26.5,26.5,26.25,26.25,26.5,26.5,26.0,26.25,26.25,26.0,26.25,26.75,26.75,26.25,26.0,26.25,26.25,25.75,26.0,26.0
69.0
27.5,27.25,26.5,26.25,26.5,26.75,27.5,27.5,28.75,27.75,26.75,26.75,27.25,25.75,26.75,26.5,29.25,29.0,27.75,27.25,26.75,26.5,26.5,26.25,28.0,28.75,26.75,26.25,26.5,26.0,26.25,26.25,27.25,27.0,27.0,26.25,26.25,26.25,26.25,26.75,26.75,26.25,26.75,26.25,26.25,26.25,26.25,25.75,26.75,26.5,26.0,26.0,26.25,26.5,26.0,26.0,27.0,26.25,26.25,26.0,26.5,26.0,26.0,26.25
70.0
27.75,26.75,26.5,25.75,26.75,26.25,27.25,27.25,29.0,27.75,27.0,26.75,27.0,26.25,26.5,26.25,29.0,28.75,27.75,27.25,26.5,27.0,26.25,26.25,28.0,28.5,27.0,26.75,26.5,26.25,26.0,26.25,27.5,27.0,27.0,26.0,26.5,26.5,26.75,26.5,26.5,26.75,26.5,26.5,26.0,25.75,26.0,25.75,26.0,27.0,25.75,26.0,26.25,25.75,26.0,26.5,26.0,26.25,26.0,25.75,26.25,25.5,26.0,26.5
71.0
28.0,26.75,26.5,26.25,26.5,26.25,27.25,27.0,29.0,27.0,27.0,26.75,26.75,26.5,26.5,27.0,29.25,28.75,28.0,27.25,26.5,26.25,26.75,26.25,27.75,28.5,27.5,26.75,26.25,26.0,26.0,26.25,27.0,27.25,26.75,26.0,26.0,26.25,26.25,26.75,26.75,26.5,26.5,26.75,26.25,26.0,26.25,25.75,27.25,26.75,26.25,25.5,26.5,26.0,26.0,25.75,26.0,26.0,26.25,26.25,26.5,25.75,25.25,26.0
72.0
27.75,27.0,26.25,26.0,26.5,25.75,27.0,26.25,29.5,26.75,27.0,26.75,26.75,26.5,26.5,26.25,29.25,29.25,27.75,27.0,26.25,26.5,26.5,26.0,28.0,28.5,27.5,26.5,26.5,25.75,26.25,26.0,27.0,27.25,26.5,26.0,26.25,26.25,26.25,26.0,26.5,26.75,26.5,26.75,26.0,26.0,26.0,25.5,26.25,26.75,26.25,26.25,25.75,26.0,26.0,26.25,26.25,26.25,26.25,26.0,26.0,26.0,25.5,26.5
73.0
27.75,26.5,26.25,25.5,26.5,26.25,27.25,26.75,29.25,27.0,26.75,26.5,27.0,26.25,26.0,26.25,29.25,29.0,28.0,27.0,26.75,26.5,26.5,26.25,28.0,28.25,27.5,26.25,26.25,26.0,26.25,26.25,27.0,26.75,26.25,26.25,26.0,26.0,26.5,26.5,26.75,26.25,26.5,26.75,26.0,26.25,26.0,26.0,26.25,26.75,26.25,26.0,26.0,26.75,25.5,26.25,26.5,26.0,26.25,26.0,26.0,25.5,26.0,25.5
74.0
28.25,27.0,26.5,26.5,26.5,26.25,27.0,26.5,29.0,27.5,26.75,26.5,26.5,26.25,26.5,26.5,29.5,29.0,28.25,26.75,26.0,26.5,26.5,26.25,28.0,28.75,27.25,26.25,26.0,25.75,26.5,26.25,27.25,26.75,27.0,26.0,25.75,26.25,26.5,26.5,26.5,26.25,26.5,26.25,26.0,26.0,25.75,25.75,26.75,26.5,26.25,26.25,26.5,26.0,25.5,26.0,26.25,26.0,26.5,26.25,26.25,26.0,26.0,26.25
75.0
28.25,27.0,26.5,26.0,26.5,26.0,27.0,26.75,29.0,27.5,26.75,26.75,26.75,26.25,26.75,26.5,29.25,29.25,27.5,27.0,26.25,26.75,26.25,26.25,28.25,28.5,27.5,26.5,26.0,26.5,26.5,26.75,26.5,27.0,26.75,26.0,26.25,26.75,26.0,26.5,27.5,26.25,26.5,26.25,25.75,26.75,26.0,25.75,26.75,26.75,26.0,26.0,26.25,26.0,26.25,26.0,26.5,25.75,25.75,26.75,26.0,25.75,25.75,25.75
76.0
28.0,27.0,26.75,26.0,26.75,26.5,27.25,26.75,28.75,27.0,27.0,26.75,27.0,26.25,26.25,26.25,29.5,29.0,28.0,27.0,26.5,26.25,26.25,26.25,28.5,28.5,28.0,26.5,26.0,26.25,26.5,26.25,27.0,26.75,26.75,26.25,26.25,26.25,26.25,26.25,27.25,26.75,26.5,26.5,25.75,26.25,25.75,26.0,26.5,26.5,26.0,26.0,26.0,26.25,25.75,26.25,26.25,26.0,26.25,26.0,25.75,25.75,25.0,25.75
77.0
28.0,27.0,26.75,26.0,26.75,26.5,27.25,26.75,28.75,27.0,27.0,26.75,27.0,26.25,26.25,26.25,29.5,29.0,28.0,27.0,26.5,26.25,26.25,26.25,28.5,28.5,28.0,26.5,26.0,26.25,26.5,26.25,27.0,26.75,26.75,26.25,26.25,26.25,26.25,26.25,27.25,26.75,26.5,26.5,25.75,26.25,25.75,26.0,26.5,26.5,26.0,26.0,26.0,26.25,25.75,26.25,26.25,26.0,26.25,26.0,25.75,25.75,25.0,25.75
78.0
28.0,26.75,26.0,25.75,26.75,26.0,27.5,26.75,29.25,27.25,26.5,26.5,26.5,25.75,26.25,26.0,29.5,28.75,27.5,27.25,26.5,26.25,26.25,26.25,28.0,28.75,27.25,26.5,26.25,26.0,25.75,26.25,27.0,27.0,26.5,25.75,26.25,26.5,26.25,26.75,27.25,26.75,26.5,26.0,25.5,25.75,26.0,26.25,26.5,26.5,26.0,25.75,25.75,26.0,25.75,26.0,26.75,25.75,26.0,26.0,26.5,25.5,25.5,26.25
79.0
27.25,27.0,26.5,26.0,26.5,26.0,27.0,26.75,28.75,27.0,26.5,26.5,26.75,26.25,26.25,26.25,29.25,28.25,27.75,27.25,26.5,26.0,26.0,26.25,28.0,28.5,27.25,26.5,26.25,26.25,25.5,26.0,27.0,27.25,26.75,26.25,26.0,26.5,26.5,26.25,27.25,26.5,26.75,26.25,25.75,26.25,26.25,26.0,26.75,26.75,26.0,26.0,26.25,26.0,25.75,25.75,26.0,26.0,26.0,26.5,26.0,26.0,25.5,26.0
80.0
27.25,26.5,26.75,26.0,26.5,26.5,27.0,26.75,28.75,26.5,26.5,26.75,26.5,26.5,25.75,26.0,29.25,27.5,27.25,26.75,26.25,26.0,26.0,25.5,28.5,28.25,27.25,26.0,26.25,26.0,26.0,25.75,27.0,27.75,26.5,26.0,26.25,26.25,25.75,26.25,26.75,26.5,26.75,26.25,25.75,26.25,26.25,25.5,26.75,26.5,25.75,25.75,26.25,26.0,25.75,25.75,26.5,25.75,25.75,26.0,26.25,25.25,25.5,26.0
81.0
26.5,26.75,26.25,25.75,26.5,26.25,27.25,26.75,27.75,26.0,26.75,26.75,26.75,26.25,26.5,26.0,28.25,26.5,27.5,26.75,26.25,26.25,25.75,26.0,28.75,28.0,27.0,25.75,26.25,25.5,26.25,26.25,27.25,27.25,27.5,26.25,26.25,26.0,26.0,26.5,26.75,26.5,26.25,26.5,26.0,26.25,26.0,25.5,26.5,26.5,26.0,26.25,26.0,26.25,26.0,26.0,26.0,26.5,26.25,26.25,25.75,25.5,25.5,26.0
82.0
26.5,26.25,26.5,26.0,26.5,26.25,27.0,27.25,27.5,26.5,26.75,26.75,26.75,26.25,26.5,26.0,28.25,26.75,27.5,27.25,26.25,26.25,26.25,25.75,28.5,28.25,26.5,26.25,26.25,25.75,26.0,26.5,27.25,27.25,27.25,26.25,26.25,26.25,26.0,26.25,27.0,26.5,26.5,26.25,26.0,26.25,25.5,25.5,26.5,26.75,25.75,25.75,25.75,26.0,25.75,25.75,25.75,25.75,25.75,26.0,26.0,25.25,26.0,26.0
83.0
27.0,26.25,26.25,26.25,26.75,26.25,27.25,27.0,28.0,26.5,26.75,26.75,27.0,26.0,26.25,26.5,28.75,26.5,27.0,26.75,26.25,26.5,26.0,25.5,28.75,28.25,26.5,26.0,25.75,26.0,26.5,26.5,27.25,27.5,27.25,26.25,26.0,26.25,26.5,26.5,26.5,26.75,26.25,26.5,25.75,26.5,25.75,25.75,26.5,26.25,26.0,25.75,25.75,26.0,25.5,25.75,26.0,26.0,26.0,26.25,25.5,25.75,25.75,26.5
84.0
26.5,26.75,26.5,26.0,26.0,26.25,27.0,27.25,28.0,26.75,26.5,26.5,26.25,26.25,25.5,26.0,28.75,26.5,27.5,27.0,26.5,26.25,26.25,25.75,29.0,28.75,26.75,26.25,26.5,25.75,25.75,26.25,27.0,27.5,27.5,25.75,26.25,26.0,26.0,26.25,27.0,26.75,26.5,26.0,26.0,26.5,25.25,25.5,26.5,26.25,25.75,25.75,26.0,26.0,25.5,25.75,26.0,25.75,26.25,25.75,26.0,25.75,26.0,26.5
85.0
27.25,26.25,26.5,26.0,26.5,26.25,26.75,26.5,27.75,26.75,26.5,26.5,26.5,26.0,26.0,25.75,29.25,26.75,26.75,26.75,26.25,26.25,26.25,25.75,28.75,28.25,26.5,26.0,26.0,25.75,26.25,26.0,27.0,27.75,27.5,26.25,26.25,26.0,26.25,26.0,26.75,26.25,26.75,26.25,25.75,26.25,26.0,25.75,25.5,26.75,25.75,26.25,25.75,25.75,25.5,26.0,26.0,26.25,25.75,25.75,25.75,25.5,25.75,25.75
86.0
26.0,26.5,25.75,25.75,26.5,26.0,27.25,26.75,28.0,26.75,26.25,26.5,26.75,26.0,25.75,26.25,29.25,27.0,27.0,27.0,26.5,26.25,25.75,25.75,28.5,28.75,26.75,26.25,26.0,26.0,26.0,26.0,26.75,27.5,27.5,26.0,26.0,25.75,26.25,26.25,27.0,26.25,26.25,26.25,25.75,26.25,25.75,25.75,26.0,26.0,26.0,25.5,26.25,26.0,25.5,26.0,25.75,26.25,25.75,25.75,25.75,25.5,25.5,25.75
87.0
26.5,26.5,26.5,26.25,26.75,26.0,27.0,26.75,28.0,27.25,26.5,27.0,26.75,26.0,26.25,26.5,28.75,27.25,27.25,27.0,26.25,26.5,26.25,26.0,29.0,29.25,27.0,26.0,26.25,26.0,26.0,26.0,27.25,27.75,27.75,26.5,26.25,26.0,26.5,26.25,27.0,26.5,26.5,26.25,25.5,26.0,25.75,25.25,26.5,26.25,26.5,25.5,26.0,25.75,25.75,25.75,26.25,26.25,26.25,26.0,26.0,25.25,25.25,26.25
88.0
26.5,26.5,26.25,26.0,26.5,26.25,26.75,26.75,28.0,27.0,26.25,26.75,26.75,26.0,26.25,26.0,29.0,27.5,27.25,27.0,26.25,26.25,26.5,25.75,28.5,28.75,27.25,26.5,26.0,25.75,26.25,26.5,26.75,28.0,27.75,26.25,26.0,26.25,25.75,26.5,26.5,26.5,26.5,26.5,26.25,26.0,25.5,26.0,26.5,26.5,26.0,25.75,26.0,25.75,25.25,25.5,25.5,25.75,26.0,25.75,25.5,25.75,25.75,26.25
89.0
26.25,26.5,26.5,25.75,26.0,26.0,27.0,26.75,28.0,26.75,26.5,26.75,26.75,25.5,26.25,25.75,28.75,27.75,27.0,26.75,26.25,26.0,26.25,26.25,28.5,28.75,27.25,26.0,25.75,25.5,25.75,26.0,26.75,28.0,28.0,26.25,26.0,26.0,25.5,26.0,27.0,26.5,26.75,26.5,26.0,26.25,26.0,26.0,26.25,26.5,26.0,25.75,26.25,26.25,25.75,26.0,26.0,26.25,25.75,25.75,25.75,25.75,25.5,26.5
90.0
26.25,26.5,26.5,26.0,26.25,26.25,26.75,26.0,28.0,27.25,26.75,26.25,26.25,26.25,25.75,26.25,28.5,28.25,27.5,27.0,25.75,26.0,26.0,26.25,28.25,29.0,27.5,26.0,26.0,25.75,25.75,25.75,27.0,28.0,28.0,26.25,26.25,26.5,26.0,26.25,26.5,26.5,26.5,26.25,26.0,26.0,25.75,25.5,26.0,26.25,26.0,25.75,26.5,25.75,25.75,26.0,26.0,26.25,25.75,25.5,25.75,25.75,25.5,25.75
