1.0
26.25,26.5,26.0,25.75,26.5,26.0,27.5,27.0,26.5,26.75,26.25,26.25,26.5,26.5,26.25,26.0,27.75,27.25,27.0,25.75,26.25,26.5,26.25,26.0,28.75,29.25,26.75,26.0,26.25,26.0,26.25,26.0,28.25,27.75,26.25,25.75,26.0,26.25,26.0,26.0,27.0,27.0,26.25,26.25,26.0,26.25,26.0,25.75,26.25,26.75,25.75,26.0,26.25,26.25,25.75,25.5,26.25,25.75,26.25,26.0,26.25,25.25,25.75,25.75
2.0
26.75,26.75,26.25,26.25,26.25,26.0,27.5,27.0,26.5,26.75,26.0,26.5,26.75,26.0,26.25,26.0,27.75,27.75,27.25,26.25,26.0,26.25,26.25,26.25,28.75,29.0,26.75,26.25,26.25,26.25,26.0,26.5,28.0,27.5,26.5,26.25,26.5,26.25,26.25,26.5,27.0,26.5,26.75,26.5,25.75,26.25,26.0,25.5,26.25,26.5,26.0,25.75,26.0,26.25,25.5,26.25,26.0,26.5,26.0,26.25,25.75,25.75,25.25,25.5
3.0
26.75,26.75,26.25,26.25,26.25,26.0,27.5,27.0,26.5,26.75,26.0,26.5,26.75,26.0,26.25,26.0,27.75,27.75,27.25,26.25,26.0,26.25,26.25,26.25,28.75,29.0,26.75,26.25,26.25,26.25,26.0,26.5,28.0,27.5,26.5,26.25,26.5,26.25,26.25,26.5,27.0,26.5,26.75,26.5,25.75,26.25,26.0,25.5,26.25,26.5,26.0,25.75,26.0,26.25,25.5,26.25,26.0,26.5,26.0,26.25,25.75,25.75,25.25,25.5
4.0
25.75,26.5,26.5,25.75,26.5,26.0,27.25,26.5,26.75,26.75,26.0,26.25,26.0,25.75,26.25,26.25,27.75,27.75,26.75,26.25,26.5,26.75,26.25,26.0,28.5,29.0,27.0,26.25,25.75,26.0,26.5,26.25,28.5,28.25,26.5,26.5,26.0,26.5,26.25,26.5,27.0,27.0,26.75,26.0,26.25,26.25,25.75,25.75,26.5,26.25,26.0,26.25,26.5,25.75,25.25,25.75,26.0,26.0,25.75,26.5,26.0,26.0,25.75,26.25
5.0
26.25,26.5,26.25,25.5,26.75,26.25,27.25,26.75,26.25,27.0,26.0,26.25,26.75,26.25,26.5,25.75,28.0,27.5,26.75,26.25,26.5,26.5,26.25,26.0,28.75,29.25,27.25,26.5,26.5,26.25,26.25,26.0,28.25,27.75,26.5,26.0,26.0,26.5,26.5,26.25,26.5,26.75,26.5,26.25,25.75,26.25,25.75,25.5,26.25,27.0,26.0,26.25,26.25,26.25,25.5,25.75,25.75,26.0,26.0,26.0,26.0,25.75,25.5,26.25
6.0
26.25,26.25,26.5,26.25,26.25,26.5,27.5,27.0,27.0,26.5,26.5,26.25,26.5,26.0,26.25,26.0,28.0,27.75,26.75,26.5,26.5,26.75,26.5,26.0,29.0,29.0,27.0,26.25,26.5,26.0,26.5,26.25,28.5,28.0,26.0,26.25,26.25,26.25,26.25,26.5,26.75,27.25,26.75,26.75,26.5,26.25,25.75,25.5,26.75,27.0,26.25,26.5,26.25,26.5,26.0,25.75,26.0,26.25,26.0,26.25,26.25,25.75,26.0,25.75
7.0
26.25,26.75,26.5,26.0,26.5,26.25,27.0,27.0,26.5,26.75,26.25,26.25,26.5,26.25,26.25,26.5,28.0,28.0,26.75,26.5,26.75,26.25,26.0,25.75,29.0,28.75,27.0,26.25,26.25,26.25,26.5,26.0,28.25,28.0,26.25,26.25,26.5,26.25,26.25,26.25,27.0,27.0,26.75,26.5,26.0,26.5,26.25,25.75,26.5,26.75,26.25,26.25,26.0,26.0,26.0,25.25,26.5,26.5,26.25,26.0,26.25,26.0,25.75,25.75
8.0
26.25,26.75,26.25,26.0,27.25,26.25,27.0,26.5,26.5,26.75,26.5,26.5,26.5,26.25,26.5,26.5,27.75,27.75,26.5,26.0,26.25,26.5,26.5,26.25,28.75,29.0,27.0,26.5,26.25,26.25,26.25,26.0,28.25,28.25,26.75,26.5,26.5,26.5,26.5,26.5,27.25,26.5,27.0,26.5,26.25,25.75,26.0,26.0,26.5,27.0,26.0,26.25,26.25,26.0,25.75,25.75,26.5,26.0,26.0,26.25,25.75,26.0,25.5,26.0
9.0
26.0,26.5,25.75,26.0,26.25,26.0,27.0,27.0,26.75,26.75,26.5,26.0,26.75,26.25,26.5,26.25,27.25,28.0,26.75,26.0,26.5,26.0,26.25,25.75,28.75,28.75,27.0,26.5,26.25,26.5,26.5,26.5,28.25,28.0,26.0,26.0,26.5,26.5,26.25,26.75,27.0,26.75,26.75,26.75,26.25,26.25,26.0,26.0,26.75,27.0,26.25,26.0,26.25,26.75,25.5,26.0,26.5,26.0,26.5,26.25,26.25,25.75,25.75,26.0
10.0
26.75,26.5,26.5,26.0,26.0,26.5,27.0,26.75,26.75,27.25,26.75,26.25,26.25,26.25,26.25,26.0,28.0,27.5,26.75,26.0,26.5,26.25,26.0,26.25,29.0,29.0,27.5,26.5,26.5,26.0,26.25,26.5,28.0,28.0,27.0,26.0,26.5,26.5,26.25,26.75,27.0,26.75,26.75,26.75,26.0,26.5,26.0,25.75,26.75,27.0,26.25,26.25,26.5,26.25,25.75,25.5,26.25,26.25,26.75,25.75,26.25,25.75,26.0,26.25
11.0
26.75,26.5,26.25,26.0,26.5,26.25,27.75,26.5,26.5,27.0,26.25,26.5,26.5,26.75,26.0,26.25,28.25,27.5,26.75,26.5,26.5,26.75,26.25,26.25,28.75,29.0,27.0,26.25,26.25,26.0,26.75,26.25,28.75,28.0,26.75,26.25,26.5,26.25,26.25,26.5,27.25,27.0,26.75,26.75,26.5,26.25,26.0,26.0,26.75,27.25,26.25,26.0,26.5,26.25,25.5,26.25,26.25,26.25,26.25,26.5,26.0,26.25,26.0,25.5
12.0
26.25,26.25,26.5,25.5,26.5,26.0,27.25,27.0,27.0,26.25,26.25,26.25,26.5,25.75,26.5,26.5,28.0,27.5,27.0,26.0,26.5,26.25,26.25,26.0,29.0,29.25,27.0,26.5,26.25,26.0,26.25,26.25,28.25,28.25,26.5,26.25,26.5,26.5,26.5,26.5,27.25,27.25,26.75,27.0,26.25,26.5,26.0,26.0,26.25,27.0,26.5,26.25,26.25,26.5,26.25,26.0,27.0,26.0,26.0,26.25,26.25,26.0,25.5,25.75
13.0
26.25,26.75,26.25,26.0,26.5,26.5,27.25,26.75,27.0,26.5,26.5,26.25,26.5,26.0,26.25,26.0,28.0,28.0,27.0,26.25,26.5,26.5,26.25,25.75,28.75,29.0,26.75,26.25,26.5,26.0,26.5,26.25,28.25,28.0,26.75,26.25,26.25,26.0,26.75,26.25,27.25,27.0,26.75,26.5,26.5,26.5,26.5,25.5,26.5,26.75,26.5,26.0,26.5,26.0,25.5,26.0,26.25,26.25,26.25,26.0,25.75,26.25,25.5,26.0
14.0
26.5,26.5,26.25,26.25,26.25,26.5,27.5,27.75,27.0,26.75,26.5,26.75,26.5,26.25,26.25,26.75,27.5,27.5,27.0,26.25,26.75,26.75,26.25,26.25,28.75,29.0,27.0,26.0,26.5,25.75,26.25,26.25,28.0,28.25,26.5,26.5,26.25,26.5,26.25,26.5,27.25,26.5,26.25,26.0,26.25,26.5,26.25,25.5,26.5,26.75,26.25,26.25,26.0,26.5,25.75,25.75,26.0,26.25,26.25,26.0,26.0,25.75,26.0,25.75
15.0
26.5,27.0,26.5,26.25,26.25,26.25,27.25,27.0,26.5,26.75,26.0,26.75,26.25,26.5,26.0,26.75,27.75,27.75,27.0,26.25,26.25,26.75,26.5,26.25,29.25,29.0,27.0,26.25,26.75,26.25,25.75,26.0,28.5,27.75,26.75,26.25,26.25,26.5,26.5,26.75,27.0,26.75,26.75,26.25,25.75,26.25,26.5,25.75,26.5,26.75,26.5,26.25,26.25,26.0,26.0,25.75,26.25,26.25,26.5,25.75,26.25,25.75,25.25,26.5
16.0
26.25,26.75,26.75,26.0,26.75,26.25,27.0,27.0,26.5,26.5,26.25,26.25,26.75,26.25,26.75,26.5,27.75,27.75,26.75,26.25,26.5,26.75,26.25,26.25,29.0,29.0,27.5,26.5,26.5,26.0,26.5,26.0,28.25,28.25,26.75,26.25,26.5,26.25,26.0,26.25,27.0,27.0,26.5,26.5,26.0,26.5,25.75,25.75,27.0,26.75,26.75,26.5,26.75,26.25,25.5,26.0,26.5,25.75,25.75,26.5,26.25,26.0,25.25,26.0
17.0
26.25,26.5,26.25,26.0,26.5,26.5,26.75,27.25,26.75,26.25,26.5,26.25,26.5,26.25,26.0,26.75,28.0,27.75,27.25,25.75,26.5,26.25,26.25,26.0,28.75,29.25,27.0,26.5,26.5,26.5,26.5,26.25,28.0,28.25,26.5,26.25,26.25,26.5,26.5,26.0,26.75,26.75,26.75,26.75,26.5,26.0,26.25,26.0,26.75,26.75,26.5,26.25,26.75,26.25,25.75,26.25,26.5,26.5,26.5,26.5,26.5,25.5,26.0,25.5
18.0
26.25,26.75,26.25,26.25,26.5,26.5,27.0,26.5,26.5,26.75,26.25,26.25,26.5,26.0,26.5,26.25,27.75,27.0,27.0,26.0,26.75,26.25,26.25,26.5,28.75,29.5,27.0,26.25,26.25,26.25,26.5,26.25,28.5,28.0,26.5,26.25,26.25,26.25,26.25,26.75,27.0,26.75,26.75,26.5,26.25,26.25,26.0,25.75,26.5,27.25,26.25,26.0,26.25,26.25,25.75,25.75,26.0,26.0,25.75,26.25,25.75,25.75,25.75,25.75
19.0
26.25,26.5,26.0,26.0,26.25,26.0,27.5,27.0,26.5,26.75,26.25,26.5,26.75,26.25,26.0,26.5,27.75,27.5,26.75,26.5,26.5,26.5,26.25,26.5,29.0,29.0,27.25,26.5,26.5,26.5,26.25,26.25,28.25,28.25,26.5,26.5,26.5,26.75,26.25,26.5,26.75,27.0,26.75,26.5,26.25,26.25,26.25,25.75,26.5,26.5,26.5,26.0,26.25,26.25,25.75,26.25,26.5,26.25,26.25,26.0,26.5,25.75,25.75,26.0
20.0
26.25,26.5,26.0,26.0,26.25,26.0,27.5,27.0,26.5,26.75,26.25,26.5,26.75,26.25,26.0,26.5,27.75,27.5,26.75,26.5,26.5,26.5,26.25,26.5,29.0,29.0,27.25,26.5,26.5,26.5,26.25,26.25,28.25,28.25,26.5,26.5,26.5,26.75,26.25,26.5,26.75,27.0,26.75,26.5,26.25,26.25,26.25,25.75,26.5,26.5,26.5,26.0,26.25,26.25,25.75,26.25,26.5,26.25,26.25,26.0,26.5,25.75,25.75,26.0
21.0
26.25,26.75,26.25,26.0,26.5,26.25,27.25,26.75,26.75,26.75,26.5,26.5,26.5,26.0,26.25,26.25,28.0,27.5,27.0,26.75,26.75,26.5,26.25,26.5,28.5,29.25,27.25,26.25,26.5,25.75,26.5,26.0,28.25,28.0,26.5,26.5,26.25,26.5,26.5,26.0,27.0,26.5,26.75,26.75,26.0,26.5,26.25,25.5,26.25,26.75,26.25,26.0,26.0,26.25,26.25,25.75,26.5,26.0,25.75,26.0,26.0,25.75,25.75,25.5
22.0
26.5,26.75,26.0,26.0,26.25,26.0,26.75,27.0,26.75,26.5,26.75,26.25,26.5,26.25,26.25,26.25,28.25,27.5,26.5,26.0,26.25,26.25,26.25,26.5,29.25,29.0,27.0,26.25,26.0,26.25,26.0,26.25,28.25,28.0,26.5,26.25,26.25,26.75,26.25,26.25,27.0,27.0,26.5,26.5,26.0,26.25,26.0,26.0,26.75,26.5,26.0,26.0,26.25,26.0,25.5,26.0,26.25,26.0,26.25,26.0,25.75,25.5,26.0,26.0
23.0
26.25,26.75,26.5,26.0,26.5,26.5,27.0,27.0,26.25,26.75,27.0,26.5,26.25,26.25,26.0,26.25,28.25,27.5,27.0,26.25,26.5,26.25,26.25,26.25,28.75,29.0,27.25,26.5,26.5,26.25,26.25,26.25,28.25,28.0,26.25,26.25,26.5,26.25,26.0,26.5,27.0,26.75,26.0,26.5,26.0,26.0,25.75,25.75,26.25,27.0,26.25,26.25,26.25,26.25,25.75,25.75,25.75,26.25,25.5,26.5,25.75,25.75,25.5,26.25
24.0
26.5,26.75,26.75,26.25,26.25,26.5,27.25,26.5,27.0,27.25,26.5,26.5,26.75,26.25,26.25,26.5,28.0,27.5,27.0,26.25,26.25,26.5,26.5,25.75,29.0,29.25,26.75,26.25,26.25,26.0,26.5,26.25,28.75,28.25,26.5,26.0,26.5,26.75,26.75,26.25,27.0,27.25,27.0,26.5,26.5,26.75,26.25,25.75,26.75,26.75,26.25,26.0,26.5,26.5,26.0,26.0,26.25,26.0,26.0,26.25,26.25,26.25,25.75,26.0
25.0
26.0,26.75,26.5,26.0,26.25,26.25,27.25,26.75,26.5,26.25,26.25,26.25,26.75,26.25,25.75,26.25,27.5,27.5,26.5,26.25,26.0,26.0,27.0,26.0,28.75,28.75,27.0,26.25,26.25,26.25,26.25,26.25,28.5,27.75,26.5,26.25,26.25,26.25,26.5,26.75,26.75,26.75,26.5,26.5,26.5,26.5,25.75,26.25,26.75,26.5,25.75,26.0,26.25,26.25,25.75,26.0,26.25,26.0,26.25,26.0,25.75,25.25,25.5,25.5
26.0
26.0,26.75,26.5,26.25,26.5,26.5,27.25,26.75,27.0,26.5,26.5,26.5,26.5,26.75,26.5,26.25,27.5,27.5,26.75,26.25,26.25,26.75,26.0,26.0,28.75,29.25,27.25,26.25,26.25,26.5,26.25,26.5,28.5,27.75,26.75,26.5,26.25,26.25,26.25,26.75,27.0,26.75,26.75,26.5,26.25,26.5,25.75,26.0,26.25,27.0,26.25,25.75,26.5,26.25,26.0,25.75,25.75,26.5,25.75,26.0,25.75,26.0,25.75,25.75
27.0
26.75,26.75,26.25,26.0,26.5,26.25,27.25,26.75,26.75,27.0,26.5,26.25,26.75,26.25,26.25,26.5,27.5,27.75,26.5,26.25,26.5,26.5,26.5,25.75,28.75,29.0,27.25,26.25,26.25,26.0,26.0,26.25,28.5,28.0,26.5,26.0,26.5,26.25,26.5,26.75,27.25,26.75,26.75,26.5,26.25,26.0,26.0,25.5,26.75,27.0,26.0,26.0,25.75,26.5,25.5,25.75,26.25,25.75,26.25,26.0,26.25,25.5,26.0,25.75
28.0
26.0,26.5,26.5,26.0,26.5,26.25,26.75,27.0,26.75,26.75,26.5,26.5,26.5,26.25,26.25,26.0,27.5,28.25,26.75,26.5,26.75,26.75,26.5,26.25,28.75,29.0,27.5,26.25,26.0,26.25,26.25,26.5,28.0,28.0,26.75,26.25,26.25,26.5,26.5,26.75,27.0,27.25,26.75,26.25,26.0,26.0,26.0,26.0,27.0,26.75,26.5,26.25,26.0,26.0,25.75,25.5,26.0,26.25,25.75,26.0,26.25,25.25,25.75,25.75
29.0
26.5,27.25,26.25,26.0,26.5,26.75,27.0,27.25,26.75,26.25,26.75,26.25,26.25,26.75,26.0,26.0,27.75,27.5,27.0,26.5,26.0,26.5,26.25,26.25,28.75,29.0,26.75,26.25,26.5,26.25,26.5,26.25,28.5,27.75,26.25,26.25,26.5,26.5,26.5,26.75,27.0,26.75,26.75,26.5,26.0,26.25,26.0,25.75,26.75,27.0,26.25,26.25,26.25,26.25,25.75,26.0,26.5,26.25,26.25,26.5,26.25,26.0,26.0,25.75
30.0
26.25,26.75,26.25,26.0,26.5,26.5,27.0,27.0,26.5,26.5,26.5,26.5,26.5,26.5,26.5,26.0,27.25,28.0,26.75,26.5,26.25,26.0,26.75,25.5,28.75,29.0,27.0,26.25,26.5,26.0,26.0,26.25,28.0,28.0,26.25,26.0,26.5,26.25,26.25,26.5,26.75,27.0,26.5,26.75,26.5,26.25,26.0,26.0,26.75,26.75,26.0,26.0,26.75,25.75,25.5,26.0,26.25,26.25,26.0,26.0,26.0,25.75,25.25,25.75
31.0
26.25,26.5,26.75,26.0,26.5,26.25,27.25,27.0,26.25,26.25,26.75,26.5,26.25,26.5,26.5,26.25,27.5,27.5,26.75,26.0,26.25,26.25,26.0,26.25,28.75,29.0,26.75,26.25,26.25,26.25,26.0,26.75,28.0,28.0,26.75,25.75,26.25,26.5,26.0,26.25,26.75,27.25,26.5,26.5,26.0,26.5,25.75,25.75,26.5,27.0,26.5,26.25,26.25,26.25,25.75,25.75,26.25,26.0,26.75,26.0,26.0,25.75,26.0,26.0
32.0
26.25,26.5,26.5,26.0,26.25,26.5,27.0,27.25,26.25,26.5,26.25,26.25,26.25,26.0,26.0,26.75,27.5,27.5,26.25,26.25,26.0,26.5,26.25,26.25,28.75,29.0,27.25,26.25,26.0,26.25,26.0,26.5,28.5,28.0,26.5,26.0,26.25,26.5,26.0,26.5,27.0,26.75,27.0,26.75,26.0,26.0,26.25,25.75,26.5,27.0,26.0,26.0,26.25,26.5,25.75,25.5,26.0,25.75,26.5,26.0,26.25,26.0,25.75,25.25
33.0
26.5,26.5,26.25,26.25,26.25,26.0,27.0,26.5,26.75,26.75,26.25,26.0,26.25,26.25,26.25,26.25,27.5,27.25,26.5,26.25,26.5,26.0,26.0,26.25,28.75,28.75,26.75,26.0,26.5,26.25,26.25,26.25,28.0,28.25,26.5,26.25,26.5,26.5,26.25,26.75,27.0,26.5,26.5,26.5,26.25,26.75,26.0,26.0,26.75,26.75,26.0,26.0,26.75,26.25,26.0,25.75,26.25,26.25,26.0,26.0,26.25,26.25,25.5,25.75
34.0
26.25,26.75,26.5,26.0,26.5,26.25,26.75,27.0,26.5,26.75,26.5,26.0,26.75,26.0,26.25,26.75,27.5,27.75,26.75,26.0,26.5,26.25,26.25,25.75,28.75,29.0,26.75,26.25,26.5,26.25,26.5,26.25,28.5,28.25,26.0,26.25,26.5,26.75,26.5,26.5,26.75,27.0,26.5,26.75,26.0,26.25,26.0,25.75,26.5,26.75,26.25,26.0,26.25,26.0,26.0,25.75,26.5,26.25,26.0,26.25,26.25,25.25,26.0,25.25
35.0
26.25,26.75,26.5,26.25,26.5,26.25,26.75,27.25,26.75,27.0,26.25,26.25,26.5,26.5,25.75,26.25,27.75,28.0,27.0,26.25,26.25,26.5,26.25,26.75,28.5,28.75,27.0,26.5,26.75,26.5,26.25,26.75,28.25,28.25,26.75,26.25,26.5,26.75,26.5,27.0,27.0,27.0,27.0,26.75,25.75,26.25,25.75,25.75,27.0,26.5,26.25,26.25,26.5,26.25,25.5,26.25,26.0,26.25,25.5,26.75,26.25,25.5,25.75,26.0
36.0
26.0,26.25,26.5,26.25,26.75,25.75,27.0,26.75,26.5,26.75,26.5,26.5,26.75,26.0,26.5,26.5,27.75,28.0,26.75,26.0,26.0,26.5,26.25,26.25,28.75,29.0,27.0,26.25,26.25,26.25,26.5,26.5,28.75,28.0,26.5,26.5,26.5,26.5,26.75,26.5,27.0,27.0,26.75,26.25,25.75,26.5,26.25,25.75,26.75,26.75,26.0,25.75,26.25,26.25,25.25,26.25,26.0,26.25,26.0,26.25,25.75,25.5,25.75,25.5
37.0
26.25,26.75,26.0,25.5,26.25,26.25,27.0,26.75,26.25,26.75,26.25,26.0,26.25,26.25,26.25,25.75,27.5,27.75,26.75,26.25,26.5,26.75,26.25,26.25,28.75,28.75,27.0,26.25,26.5,26.25,26.25,26.0,28.5,27.75,26.25,26.25,26.25,26.25,26.5,26.25,27.0,26.75,26.5,26.25,26.25,26.5,26.0,25.75,26.75,27.0,26.5,26.0,26.25,26.5,25.75,25.75,25.75,26.0,26.0,26.5,26.25,25.5,25.5,26.0
38.0
26.5,26.5,26.25,26.0,26.5,26.25,27.25,26.75,26.75,26.25,26.75,26.75,26.25,26.25,26.75,26.25,27.25,28.0,27.0,26.25,26.25,26.75,26.5,26.25,28.75,29.0,26.75,26.25,26.5,26.25,26.5,26.25,28.25,28.0,26.5,26.25,26.25,26.5,26.5,26.0,26.5,27.0,26.5,27.0,26.0,26.25,25.75,25.5,26.75,26.75,26.0,26.25,26.25,26.25,25.75,25.75,26.25,26.5,26.25,26.5,26.25,26.0,26.0,25.75
39.0
26.5,27.0,26.25,26.25,26.75,26.25,27.0,26.75,26.75,26.5,26.5,26.25,26.5,26.5,26.5,26.5,27.75,27.5,27.0,26.25,26.25,26.5,26.5,26.0,28.5,29.25,26.75,26.5,26.0,26.0,26.5,26.5,28.5,28.0,26.5,26.5,26.25,26.5,26.25,26.75,27.75,27.0,27.0,26.5,26.0,26.0,26.5,25.75,27.0,26.5,26.25,25.75,26.25,26.25,26.0,26.0,26.5,26.5,26.0,26.25,26.25,26.0,25.75,26.25
40.0
26.25,26.25,26.5,26.25,26.75,26.25,27.25,27.0,26.5,27.0,26.5,26.0,26.5,26.25,26.25,26.25,27.5,27.5,26.75,26.5,26.25,26.75,26.0,26.25,28.75,29.25,27.0,26.5,26.5,26.5,26.25,26.25,28.25,28.0,26.75,26.0,26.5,26.75,26.5,26.5,26.75,26.75,26.5,26.25,26.25,26.5,26.25,25.75,26.5,27.0,26.25,26.25,26.5,26.0,25.75,26.0,26.25,25.75,25.75,26.0,26.0,25.75,25.75,26.0
41.0
26.75,26.75,26.25,26.25,26.25,26.25,27.25,27.0,26.75,26.25,26.5,26.25,26.75,26.25,26.25,26.0,27.75,27.25,27.0,26.25,26.25,26.0,26.25,26.25,28.75,29.0,27.0,26.25,26.5,26.25,26.25,26.25,28.25,28.0,26.5,26.25,26.25,26.5,26.25,26.25,26.75,27.0,26.75,26.25,26.0,26.5,26.25,26.25,26.75,27.25,26.75,26.25,26.5,26.0,25.75,26.0,26.25,26.25,26.25,26.0,26.25,26.0,25.75,26.0
42.0
26.0,27.25,26.25,26.5,26.0,26.25,27.25,27.0,26.5,26.75,26.75,26.0,26.75,26.0,26.5,26.5,27.5,27.75,27.0,26.5,26.5,26.25,26.5,26.0,28.25,29.25,26.75,26.5,26.5,26.0,26.5,26.25,28.5,28.25,26.5,26.75,26.5,26.25,26.5,26.5,27.5,26.75,27.0,26.75,26.25,26.25,26.0,25.75,26.75,26.75,26.25,26.25,26.0,25.5,25.5,25.75,26.5,26.5,26.25,25.75,26.0,25.75,26.0,25.75
43.0
26.5,26.5,26.5,26.0,26.5,26.25,27.0,27.0,26.25,26.75,26.5,26.5,26.25,26.25,26.25,26.0,27.75,27.75,26.5,26.0,26.0,26.25,26.5,26.25,28.5,29.25,27.0,26.25,26.5,25.75,26.5,26.75,28.25,28.25,26.25,26.0,26.5,26.25,26.75,26.75,26.75,27.0,26.5,26.5,26.25,26.5,26.5,25.25,26.25,26.75,26.0,26.25,26.5,26.25,25.25,26.25,26.5,26.75,26.25,26.0,26.25,26.0,25.75,26.0
44.0
26.25,26.25,26.25,26.0,26.75,26.25,27.5,27.0,26.5,26.5,26.75,26.25,27.0,26.0,26.75,26.5,27.75,27.75,27.0,26.0,26.25,26.5,26.5,26.25,28.75,29.25,27.0,26.25,26.25,26.25,26.75,26.25,28.25,27.75,26.75,26.0,26.25,26.0,26.5,26.25,26.75,27.0,26.75,26.5,26.5,26.0,26.25,25.75,27.0,26.5,26.5,26.0,26.25,26.0,25.25,25.75,26.25,25.75,26.0,26.5,26.0,25.5,25.75,26.0
45.0
26.25,26.75,26.25,26.5,26.5,26.5,27.25,27.0,26.75,26.75,26.5,26.5,27.0,26.25,26.25,26.0,27.5,27.75,26.75,26.25,26.5,26.25,26.25,26.25,28.5,29.25,26.75,26.5,26.0,26.5,26.0,26.25,28.5,28.0,26.75,26.5,26.75,26.75,26.25,27.0,27.5,27.0,27.0,26.75,26.0,26.0,26.25,26.0,26.75,27.0,26.0,26.75,26.25,26.25,25.75,26.25,26.25,26.5,26.5,26.25,25.75,25.75,25.5,25.5
46.0
26.25,26.25,26.0,26.25,26.25,26.5,27.0,26.75,26.75,26.75,26.75,26.25,26.5,26.25,26.5,26.0,27.75,27.5,27.0,26.0,26.25,26.75,26.5,26.5,28.25,29.0,27.0,26.5,26.5,26.0,26.5,26.25,28.25,27.75,26.5,26.25,26.5,26.75,26.5,26.25,27.25,27.0,26.75,26.25,26.0,26.5,26.0,26.0,27.0,26.75,26.0,26.25,26.25,26.0,26.5,25.75,26.5,26.25,26.25,26.0,26.0,26.0,25.5,26.0
47.0
26.5,26.5,26.5,26.25,26.25,26.25,26.75,26.75,26.5,26.5,26.75,26.5,26.0,26.0,26.5,26.5,27.75,27.5,26.75,26.5,26.5,26.75,26.5,26.0,28.5,28.75,27.25,26.25,26.25,26.25,26.5,26.5,28.5,28.25,26.75,26.5,26.5,26.25,26.5,26.25,27.0,26.5,27.0,26.5,26.25,26.5,26.0,25.75,26.75,26.5,26.0,26.25,26.25,26.5,25.5,25.75,26.0,26.25,26.0,26.25,26.25,25.0,25.75,26.0
48.0
26.0,26.5,26.5,25.75,26.25,26.5,26.75,27.5,27.0,27.0,26.25,26.25,26.5,26.25,26.25,26.5,27.5,27.5,27.0,26.75,26.25,26.75,26.5,26.5,28.5,29.25,27.0,26.25,26.5,26.0,26.25,26.5,28.5,28.25,26.75,26.25,26.5,26.5,26.75,27.0,27.5,26.75,27.0,26.5,26.5,26.25,26.0,25.75,26.5,27.0,26.5,26.0,26.25,26.5,26.25,26.0,26.0,26.5,26.25,26.25,26.0,26.0,26.0,26.0
49.0
26.5,27.0,26.5,26.0,26.5,26.5,27.0,26.5,27.0,26.75,26.5,26.5,26.75,26.25,26.5,26.5,27.5,27.75,26.75,26.25,26.5,26.75,26.0,26.0,28.75,29.5,27.0,26.5,26.25,26.25,26.25,26.75,28.0,28.0,26.75,26.25,26.25,26.5,26.5,26.5,27.0,27.0,26.5,26.75,26.0,26.5,25.75,25.75,26.75,26.5,26.0,26.0,26.25,26.0,26.0,25.75,26.25,26.5,26.0,26.0,25.75,25.5,25.75,26.0
50.0
26.25,27.25,26.5,26.0,26.75,26.25,27.0,26.75,26.5,26.75,26.25,26.5,26.25,26.0,26.25,26.75,27.25,28.0,26.25,26.5,26.25,26.75,26.5,26.25,28.5,29.0,27.0,26.25,26.5,26.5,26.5,26.5,28.25,28.25,26.75,26.75,26.25,26.75,26.25,26.25,26.75,27.0,26.75,26.75,26.25,26.5,25.75,26.0,26.5,26.75,26.75,26.5,26.5,26.0,25.75,26.0,26.25,26.5,26.5,26.25,26.5,25.75,26.25,26.0
51.0
26.25,26.5,26.25,25.75,26.75,26.75,27.0,26.75,26.75,26.75,26.5,26.25,26.5,26.25,26.75,26.5,27.5,28.0,26.75,26.25,26.25,26.25,26.75,26.25,28.5,29.5,27.25,26.25,26.0,26.25,26.25,26.75,28.0,28.0,26.5,26.25,26.5,26.25,26.5,26.75,27.25,27.0,26.5,26.25,26.5,26.25,26.25,26.0,26.75,26.75,26.75,26.0,26.5,26.5,25.75,26.25,26.25,26.0,26.5,26.5,26.25,25.75,26.0,25.5
52.0
26.5,26.75,26.75,26.25,26.75,27.0,27.25,27.25,26.75,27.0,26.75,26.5,26.5,26.25,26.5,26.75,27.5,28.0,27.0,26.5,26.0,26.75,26.25,26.5,29.0,29.25,27.25,26.5,26.75,26.25,26.75,26.75,28.25,28.5,26.5,26.0,26.75,26.5,27.0,26.5,27.25,26.75,26.5,26.75,26.25,26.75,26.25,25.75,26.5,26.75,26.25,26.5,26.0,26.5,25.5,26.0,26.75,26.25,26.25,26.0,26.0,26.25,25.75,25.5
53.0
26.25,27.25,26.75,26.5,26.5,26.25,27.0,27.25,26.75,26.5,26.5,26.5,26.5,26.25,26.75,26.25,27.5,28.0,27.0,26.25,26.5,26.25,26.75,25.75,28.75,29.25,27.25,26.5,26.5,26.0,26.25,26.25,28.5,28.0,26.5,26.0,27.0,26.75,26.25,26.25,27.0,27.0,26.5,26.75,26.0,26.5,26.25,26.0,27.0,26.25,26.25,26.25,26.75,26.0,26.0,25.75,26.75,26.5,26.5,26.25,25.5,25.25,26.0,25.75
54.0
26.75,26.5,26.5,26.0,26.5,26.75,27.25,27.0,27.0,27.25,26.75,26.75,26.25,26.25,26.5,26.25,27.75,28.25,26.5,26.0,26.5,27.0,26.25,26.5,28.25,29.0,27.0,26.5,26.25,26.25,26.5,26.25,29.0,28.0,26.5,26.25,26.25,26.5,26.25,26.75,27.25,26.75,27.0,26.75,25.75,26.5,26.0,26.0,26.5,26.75,26.25,26.5,26.5,26.5,26.0,25.75,26.5,26.5,26.25,26.25,26.25,26.0,25.75,25.75
55.0
26.75,26.5,26.25,26.0,26.75,26.25,27.0,27.25,26.5,26.25,26.75,27.0,26.75,26.25,26.25,26.75,27.75,27.25,27.0,26.25,26.5,26.5,25.75,26.0,28.25,29.0,27.0,26.0,26.0,26.25,26.25,26.25,28.0,28.0,26.75,26.0,26.75,26.5,26.75,26.5,27.25,27.25,26.5,26.25,26.0,26.5,26.25,26.0,26.75,26.75,26.25,26.5,26.25,26.0,26.25,25.75,26.25,26.25,26.25,26.5,26.0,25.5,25.75,25.75
56.0
26.25,26.75,26.0,26.0,26.5,26.75,27.0,27.0,27.0,26.25,26.5,26.25,27.0,26.0,26.25,26.5,27.5,27.75,26.75,26.25,26.5,26.75,26.25,26.25,28.75,29.25,27.0,26.25,26.5,26.75,26.25,26.25,28.25,28.0,26.5,26.25,26.5,26.5,26.5,26.25,27.0,27.0,26.75,26.5,26.25,26.5,26.0,26.0,26.5,26.75,26.25,26.0,26.25,26.5,26.0,25.5,26.25,26.5,26.0,26.5,26.5,26.0,25.75,26.25
57.0
26.75,26.75,26.75,26.5,26.5,26.5,27.25,27.25,27.0,26.75,26.75,26.5,26.75,26.5,26.5,26.25,27.75,27.75,26.75,26.5,26.75,26.75,26.5,26.0,28.75,29.25,27.5,26.5,26.75,26.5,26.25,26.75,28.5,28.0,26.5,26.5,26.5,26.75,26.75,26.75,27.25,26.75,27.0,27.0,26.5,26.25,26.25,26.25,26.75,27.0,26.5,26.25,26.75,26.25,25.5,26.0,26.5,26.25,26.25,26.5,26.0,25.5,26.0,26.25
58.0
26.75,26.75,26.75,26.5,26.5,26.5,27.25,27.25,27.0,26.75,26.75,26.5,26.75,26.5,26.5,26.25,27.75,27.75,26.75,26.5,26.75,26.75,26.5,26.0,28.75,29.25,27.5,26.5,26.75,26.5,26.25,26.75,28.5,28.0,26.5,26.5,26.5,26.75,26.75,26.75,27.25,26.75,27.0,27.0,26.5,26.25,26.25,26.25,26.75,27.0,26.5,26.25,26.75,26.25,25.5,26.0,26.5,26.25,26.25,26.5,26.0,25.5,26.0,26.25
59.0
26.5,26.75,26.5,26.0,26.75,26.25,27.25,27.5,27.0,27.0,26.0,26.75,26.75,26.5,26.5,27.0,27.5,27.75,26.75,26.0,26.25,26.25,26.5,25.75,28.75,29.0,27.25,26.5,26.75,25.75,26.25,26.75,28.25,28.0,27.0,26.25,26.5,26.5,26.5,26.5,27.0,27.25,26.75,26.5,26.25,26.0,25.75,25.75,26.5,27.25,26.25,27.0,26.5,25.75,26.0,25.75,26.25,26.5,26.0,26.5,25.75,26.0,25.75,26.25
60.0
26.5,26.5,26.5,26.25,26.5,26.5,26.75,26.75,26.75,26.5,26.75,26.5,26.75,26.25,26.5,26.75,27.5,27.75,27.0,26.5,26.5,26.25,26.25,26.5,29.0,29.25,27.25,26.5,26.5,26.25,26.25,26.25,28.25,28.25,26.5,26.25,26.5,26.25,26.75,27.0,27.0,27.0,26.5,26.5,26.5,26.5,26.5,26.0,26.5,26.75,26.5,26.25,26.5,26.25,26.0,26.0,26.5,26.75,26.75,26.5,26.5,26.0,26.25,26.25
61.0
26.25,26.75,26.5,26.0,26.75,26.75,27.0,27.25,26.25,27.0,26.5,26.5,26.5,26.25,26.25,26.5,27.5,28.0,26.75,26.5,26.25,26.25,26.5,26.25,28.5,29.25,27.0,26.5,26.25,26.75,26.25,26.75,28.5,28.0,26.5,26.25,26.75,26.5,26.5,26.75,27.25,27.0,26.75,26.75,26.5,26.5,26.0,25.75,26.0,27.25,26.0,26.5,26.0,26.25,25.75,25.75,26.0,26.5,26.25,26.0,26.25,25.5,26.25,25.75
62.0
26.5,27.0,26.75,26.0,26.75,26.25,27.0,26.75,27.0,26.5,26.75,26.25,26.75,26.25,26.0,26.5,27.5,28.0,26.75,26.5,26.5,26.5,26.25,26.25,28.75,29.5,27.5,26.5,26.5,26.5,26.0,26.5,28.5,27.5,27.0,26.25,26.75,26.25,26.25,26.25,27.25,27.25,27.0,26.75,26.5,26.5,26.5,25.75,26.5,27.0,26.0,26.25,26.5,26.25,26.25,25.75,25.75,26.0,25.75,26.0,25.75,25.75,25.0,25.75
63.0
26.5,27.25,26.25,26.5,26.25,26.5,27.5,27.0,26.5,26.75,26.75,26.5,27.0,26.5,26.25,26.5,27.5,28.0,26.75,26.25,26.75,26.5,26.25,26.5,29.0,29.25,27.0,26.25,26.75,26.25,26.5,26.25,28.25,28.0,26.75,26.25,26.5,26.5,26.75,26.75,26.75,27.0,27.0,27.0,26.0,26.5,26.0,25.5,26.5,26.75,26.25,26.25,26.5,26.25,26.25,26.5,26.5,26.75,26.5,26.5,26.25,26.0,26.0,26.5
64.0
26.75,27.25,26.75,26.25,26.75,26.5,27.25,27.25,26.75,26.75,26.5,26.5,26.5,26.5,26.25,26.5,27.75,28.25,26.75,26.5,26.5,26.5,26.25,26.25,28.5,29.25,27.5,26.5,26.5,26.25,26.75,26.5,28.5,28.5,26.75,26.75,26.5,26.75,26.5,26.75,27.25,27.0,27.0,26.75,26.5,26.5,26.25,25.75,26.75,26.75,26.5,26.5,26.75,26.0,26.0,25.75,26.25,26.5,26.25,26.5,26.5,25.5,26.0,26.0
65.0
27.0,26.75,26.75,26.5,26.75,26.75,27.5,27.5,26.5,26.5,26.75,26.25,26.75,26.5,26.5,26.25,27.75,28.0,26.75,26.5,26.25,26.75,26.75,26.5,28.75,29.0,27.25,26.25,26.5,26.25,26.0,26.25,28.5,27.75,26.5,26.5,26.5,26.5,26.75,26.5,26.75,27.0,27.0,26.75,26.5,26.5,26.25,26.0,26.5,27.0,26.5,26.25,26.75,26.25,25.5,26.0,26.5,26.5,26.25,26.25,25.75,26.25,25.5,26.25
66.0
26.5,26.75,26.25,26.25,26.5,26.75,27.5,27.0,26.5,26.75,26.5,26.5,26.75,26.25,26.5,26.75,27.75,27.5,27.0,26.5,26.25,26.75,26.25,25.75,28.5,29.25,27.0,26.5,26.25,26.25,26.25,26.5,28.75,28.25,26.25,26.25,27.0,26.5,26.75,26.25,27.25,27.0,27.0,27.0,26.25,26.5,26.0,26.25,26.75,26.75,26.5,26.0,26.5,26.0,26.0,26.0,26.5,26.5,26.25,26.0,26.5,26.0,25.75,26.0
67.0
26.75,26.5,26.5,26.25,27.0,26.75,27.25,27.25,27.0,26.75,26.5,26.5,26.75,26.25,27.0,26.5,27.5,28.25,27.0,26.5,26.5,27.0,26.25,26.25,28.5,29.25,27.25,26.25,26.5,26.5,26.5,26.75,28.5,28.0,27.0,26.25,26.5,26.75,26.5,26.75,27.25,26.75,27.0,26.75,26.25,26.25,26.25,26.0,27.0,27.0,26.5,26.0,26.25,26.0,26.0,25.75,26.5,26.25,26.25,26.25,26.5,26.0,26.0,26.0
68.0
26.25,26.5,26.5,26.5,26.5,26.25,27.0,27.0,26.75,26.75,26.5,26.5,26.5,26.5,26.25,26.75,27.75,27.75,27.0,26.5,26.5,27.0,26.5,26.0,28.5,29.25,27.25,26.25,26.25,26.5,26.25,26.75,28.5,28.0,26.75,26.5,26.75,27.0,26.75,26.5,27.5,27.0,26.75,26.5,26.25,26.5,26.25,25.5,26.75,26.75,26.25,26.25,26.25,26.25,26.0,25.5,26.25,26.25,26.0,26.0,26.5,26.25,25.75,26.25
69.0
26.25,27.0,26.5,26.0,26.5,26.5,26.75,27.0,27.0,26.5,27.0,26.75,27.0,26.5,26.75,26.5,28.0,28.0,27.0,26.5,26.5,26.75,26.75,27.0,29.0,29.5,27.25,26.5,26.25,26.75,26.5,26.75,28.5,28.5,26.75,26.25,26.25,26.75,26.5,27.0,26.75,27.25,27.0,26.75,26.25,26.5,26.25,25.75,26.75,27.25,26.25,26.5,26.5,26.5,26.25,26.25,26.5,26.5,25.75,26.0,26.0,26.0,25.75,26.25
70.0
26.75,27.0,26.75,26.25,27.25,26.25,27.25,27.0,26.75,26.75,26.25,27.0,26.75,26.5,26.25,26.75,28.0,28.25,27.25,26.5,26.5,26.75,26.5,26.25,29.0,29.25,27.0,26.75,26.0,26.25,26.5,26.25,28.75,28.0,26.75,26.25,26.75,26.75,26.5,26.75,27.25,27.25,27.0,26.75,26.25,26.5,26.25,26.0,26.75,27.0,26.5,26.25,26.75,26.5,26.0,26.0,26.25,26.5,26.75,26.5,26.25,26.0,26.25,26.0
71.0
26.75,26.5,26.5,26.25,26.75,26.25,26.75,26.75,26.25,27.0,26.5,26.5,26.75,26.25,26.25,27.0,28.0,27.75,27.0,26.5,26.75,26.75,26.5,26.0,28.75,29.25,27.0,26.75,26.25,26.0,26.5,26.5,28.5,27.75,26.5,26.5,26.75,26.5,26.25,26.75,27.25,27.0,26.75,27.25,26.5,26.25,26.0,26.25,26.75,27.0,26.0,25.75,26.0,26.25,26.25,25.75,26.75,26.0,26.25,26.75,26.25,26.0,26.0,25.75
72.0
26.5,26.5,26.75,26.25,26.75,26.25,27.5,26.75,27.0,27.0,26.75,26.75,27.0,26.5,26.25,26.75,27.75,28.0,26.75,26.75,26.75,26.5,26.25,26.5,28.75,29.5,27.25,26.75,26.5,26.25,26.75,26.75,28.5,28.0,26.75,26.75,26.25,26.75,26.5,27.0,26.75,27.25,27.0,26.75,26.5,26.75,26.5,26.0,27.0,27.5,26.5,26.75,26.75,26.25,26.0,26.0,26.25,26.0,26.0,26.75,26.25,26.0,25.75,26.5
73.0
26.5,26.75,26.25,26.25,27.0,26.5,27.25,27.0,26.5,27.25,26.75,26.5,26.75,26.5,26.5,26.75,28.0,27.5,27.0,26.0,26.75,26.75,26.5,26.25,29.0,29.25,27.5,26.75,27.0,26.75,26.75,26.25,28.25,28.25,26.5,26.5,26.5,26.75,26.75,26.5,27.5,27.25,27.25,27.0,26.5,26.75,26.0,26.0,26.25,27.0,26.0,26.0,26.25,26.5,26.0,26.25,26.5,26.25,26.5,26.25,26.25,26.25,26.25,26.25
74.0
26.75,26.5,26.5,26.5,27.25,26.5,27.5,27.5,27.0,27.25,26.25,26.5,26.75,26.5,26.75,26.0,28.25,27.75,26.75,26.75,26.5,26.75,26.5,26.25,29.0,29.0,27.0,26.5,26.25,26.75,26.25,26.5,27.75,28.5,26.5,26.5,26.25,27.0,26.25,27.25,27.25,27.0,26.75,26.5,26.75,26.5,26.25,26.25,26.75,26.75,26.25,26.75,26.5,26.5,26.25,26.0,26.5,26.25,25.75,26.25,26.0,26.25,26.25,26.0
75.0
26.25,26.75,26.5,26.25,26.75,26.5,27.25,27.0,27.0,27.25,26.5,26.25,26.25,26.5,26.25,26.5,28.25,27.75,26.75,26.25,26.25,27.0,26.5,26.25,28.5,29.25,27.25,26.5,26.75,26.5,26.5,26.25,28.0,28.5,26.5,26.75,26.75,26.75,26.5,26.25,27.0,26.75,26.75,26.75,26.5,26.25,26.5,26.25,26.75,26.75,26.75,26.5,26.5,26.0,26.0,26.25,26.25,26.25,26.75,26.5,26.5,26.0,26.0,26.0
76.0
26.25,27.0,27.0,26.75,26.5,25.75,27.25,26.75,27.0,27.0,26.75,26.25,26.5,26.75,26.25,26.75,27.75,27.75,27.25,26.25,26.5,26.5,26.75,26.5,28.75,29.25,27.0,26.5,26.5,26.5,26.5,26.5,28.25,28.0,26.5,26.25,26.5,26.75,26.5,26.75,27.0,26.75,26.75,26.75,26.75,26.25,26.25,25.75,26.5,26.75,26.25,26.0,26.75,26.0,26.25,25.75,26.0,27.0,26.0,26.75,26.25,26.0,26.25,26.0
77.0
26.25,26.5,26.5,26.5,26.5,26.25,27.0,27.0,27.0,27.0,26.5,26.5,27.0,26.75,26.25,26.5,28.0,27.5,26.5,26.5,26.5,26.75,26.75,26.25,28.75,29.5,27.0,26.5,26.25,26.5,26.25,27.0,28.25,28.25,26.75,26.25,26.5,26.75,26.5,26.25,26.75,27.0,27.0,26.75,26.25,26.75,26.5,26.0,26.75,27.25,27.0,26.5,26.75,26.5,26.0,26.0,26.5,26.5,26.75,26.25,26.5,26.0,26.0,26.0
78.0
26.5,26.5,26.5,26.5,26.75,26.5,27.0,27.25,26.75,26.5,26.5,26.75,26.75,26.5,26.5,26.75,28.0,27.75,27.0,26.25,26.5,27.0,26.75,26.0,29.0,29.5,27.25,26.5,26.75,26.5,26.25,26.75,28.5,28.25,26.25,26.25,26.75,26.75,26.75,26.5,27.25,26.75,27.0,26.75,26.5,26.75,26.0,26.5,26.75,27.25,26.75,26.5,26.75,26.5,26.0,26.25,26.25,26.5,26.75,27.0,26.5,26.0,26.25,26.5
79.0
26.25,26.5,26.5,26.25,26.0,26.25,27.0,27.0,26.5,26.75,26.5,26.5,26.5,26.25,26.5,26.75,27.75,27.75,26.5,26.25,26.25,26.5,26.5,26.25,28.5,29.5,27.25,26.5,26.75,26.25,26.25,26.5,28.5,28.25,26.5,26.5,26.25,26.5,26.5,26.75,27.0,27.25,27.0,26.75,26.5,26.25,26.25,26.25,26.75,27.0,26.5,26.0,26.25,26.25,25.75,25.75,26.0,26.0,26.0,26.25,25.75,26.0,26.0,26.5
80.0
26.25,26.75,26.5,26.25,26.5,26.5,27.25,27.0,27.25,26.75,26.75,26.0,26.5,26.5,26.25,26.5,27.75,28.0,27.0,26.5,26.75,27.0,26.5,26.75,28.75,29.0,27.25,26.5,26.25,26.25,26.5,26.5,28.75,28.25,26.25,26.5,26.25,26.25,27.0,26.5,27.0,27.0,26.75,26.75,26.0,26.75,26.0,26.25,26.5,27.25,26.25,26.0,26.5,26.0,26.25,26.0,26.25,26.5,26.5,26.0,26.5,26.5,26.5,26.0
81.0
26.25,26.75,26.5,26.0,26.5,26.5,27.25,27.0,27.25,27.0,26.5,26.25,27.0,26.5,26.75,26.5,28.0,28.0,26.75,26.25,26.75,26.75,26.25,26.0,28.75,29.25,27.0,26.5,26.5,26.25,26.5,26.5,28.5,28.5,26.75,26.0,26.75,26.75,26.5,26.5,27.5,27.0,27.0,26.75,26.0,26.25,26.25,25.75,26.75,27.25,26.5,26.25,26.25,26.25,25.75,25.5,26.25,26.25,26.25,26.5,26.25,25.75,25.75,26.0
82.0
26.0,26.25,26.5,26.25,26.75,26.25,27.0,27.0,26.5,27.0,26.5,26.75,26.75,26.75,26.25,26.75,27.5,28.0,26.75,26.25,26.5,26.75,26.25,25.75,28.75,29.25,27.0,26.25,26.5,25.75,26.25,26.75,28.0,28.0,26.5,26.25,26.5,26.75,26.5,27.0,27.0,27.0,26.5,26.75,26.25,26.5,26.25,26.25,27.0,26.5,26.25,26.5,26.25,26.25,26.25,26.25,25.75,26.75,26.0,26.0,26.5,26.25,26.0,26.25
83.0
26.25,27.0,26.25,25.75,26.25,26.5,27.25,27.25,27.0,26.25,26.25,26.5,27.0,26.25,26.0,26.5,28.0,27.75,27.0,26.5,26.25,26.5,26.5,26.25,28.5,29.25,27.0,26.5,26.5,26.25,26.5,26.5,28.0,28.0,26.5,26.25,26.5,26.75,26.25,26.5,27.0,26.75,27.0,27.0,26.5,26.25,26.25,26.25,27.25,27.0,26.25,26.75,26.25,26.25,26.25,25.5,26.25,26.0,26.0,26.5,26.25,26.0,25.75,26.0
84.0
26.75,26.5,26.5,26.5,26.25,26.5,27.25,27.0,26.75,26.75,26.75,26.5,26.75,26.5,26.75,26.5,27.75,28.0,27.25,26.75,26.25,27.0,26.5,26.25,29.0,29.25,27.25,26.5,26.25,26.25,26.5,26.5,28.5,28.0,26.75,26.0,26.5,26.75,26.5,26.75,27.25,26.5,27.0,26.75,26.5,26.75,26.5,25.75,27.0,26.75,26.25,26.5,26.5,26.5,26.0,26.25,26.5,26.5,26.25,26.5,26.0,25.5,25.75,25.75
85.0
26.5,27.25,26.75,26.0,26.75,26.75,27.0,27.0,26.75,27.0,26.5,26.25,26.25,26.0,26.75,26.25,28.25,27.75,26.75,26.25,26.25,26.5,26.5,26.25,29.25,29.25,27.25,26.5,26.25,26.5,26.0,26.75,28.25,28.0,26.75,26.25,26.5,27.0,26.5,27.0,27.0,27.25,27.0,26.5,26.0,26.5,26.0,26.0,26.5,27.0,26.5,26.25,26.75,26.5,25.75,26.0,26.5,26.75,26.0,26.5,26.25,25.75,26.25,26.25
86.0
26.75,26.75,26.5,26.0,26.75,26.5,27.0,27.0,26.5,26.75,27.0,26.75,26.5,26.5,26.25,26.5,28.0,27.75,27.0,26.25,26.5,26.25,26.25,26.25,28.5,29.5,27.0,26.25,26.25,26.0,26.25,26.25,28.5,27.75,26.75,26.25,26.0,26.25,26.25,26.5,27.0,27.0,26.75,27.0,26.25,26.5,26.5,25.5,26.5,27.25,26.25,26.0,26.5,26.0,25.5,26.25,26.75,26.75,26.5,26.0,26.5,26.25,25.75,26.0
87.0
26.25,26.5,26.25,25.75,26.5,26.0,27.25,26.75,26.75,26.5,26.25,26.5,26.75,26.25,26.25,26.25,27.75,27.75,27.25,26.75,26.75,27.0,26.5,25.75,29.0,29.25,27.0,26.5,26.5,26.0,26.0,26.5,28.5,28.0,26.5,26.5,26.25,26.5,26.25,26.25,27.0,27.25,26.75,26.25,26.25,26.25,26.0,26.25,26.5,26.75,26.25,26.25,26.0,26.5,25.75,26.0,26.75,26.25,26.25,26.5,26.25,26.0,26.5,26.5
88.0
26.5,26.25,26.0,26.0,26.25,26.5,27.25,27.25,27.0,26.75,26.25,26.75,26.75,26.0,26.75,26.25,27.75,27.75,27.0,26.75,26.75,26.25,26.25,26.25,28.75,29.5,27.25,26.5,26.25,26.5,26.5,26.75,28.25,28.25,26.5,26.5,26.5,26.5,26.5,26.5,27.0,26.75,26.75,26.5,26.0,26.0,26.0,26.0,26.75,26.75,26.25,26.0,26.25,26.25,25.5,25.5,26.5,26.5,26.25,26.0,25.75,26.0,25.5,26.0
89.0
26.0,26.75,26.25,25.75,26.5,26.75,27.25,27.0,26.75,26.75,26.25,26.5,26.5,26.5,26.5,26.5,27.5,27.75,26.5,26.75,26.75,26.75,26.5,26.0,29.0,29.0,26.75,26.5,26.5,26.0,26.5,27.0,28.75,28.5,26.75,26.75,26.5,26.25,26.75,26.75,27.25,27.0,27.0,26.5,26.25,26.75,26.5,26.25,27.0,26.75,26.25,26.25,26.5,26.25,26.0,26.25,26.5,26.25,26.25,26.25,26.5,25.75,26.0,26.25
90.0
26.0,26.75,26.5,26.0,26.75,26.25,27.25,27.0,27.0,26.75,26.25,26.5,26.75,26.5,26.5,26.5,27.75,27.5,26.75,26.75,26.25,26.75,26.25,26.5,29.0,29.5,27.0,26.25,26.5,25.75,26.25,27.0,28.5,28.25,26.5,26.25,26.25,26.5,26.25,26.75,27.25,26.75,26.75,26.75,26.25,26.0,26.25,25.75,27.0,27.0,26.5,26.25,26.5,26.25,26.0,26.0,27.0,26.75,26.75,26.25,26.25,25.75,25.75,26.5
