1.0
26.75,26.75,26.5,26.0,27.0,26.0,27.5,26.75,27.0,26.5,27.5,27.0,27.0,26.5,27.0,26.25,27.5,26.5,27.0,26.25,26.0,26.25,26.25,26.25,28.0,27.0,26.5,26.5,26.25,26.25,26.5,26.5,30.0,28.0,26.75,26.25,26.5,26.75,26.75,26.75,28.75,28.5,28.0,26.5,26.25,26.25,26.0,25.5,27.0,27.25,26.75,26.75,26.5,26.25,26.0,26.25,26.5,26.5,26.25,26.5,26.0,26.25,25.25,25.75
2.0
26.25,26.75,26.5,26.25,26.5,26.5,27.25,26.25,27.0,26.5,27.5,26.5,26.75,26.25,26.75,26.25,28.0,26.5,27.0,26.25,26.5,26.5,26.5,26.5,28.0,26.5,26.5,26.5,26.25,26.25,26.0,26.25,29.25,28.25,27.0,26.75,26.5,26.75,26.25,27.0,28.75,28.75,27.75,26.5,26.0,26.5,26.25,26.0,26.75,27.25,26.25,26.5,26.25,26.5,25.75,26.25,26.5,26.25,26.0,26.25,26.0,25.75,26.0,26.0
3.0
26.5,26.5,26.5,26.0,26.75,26.25,27.5,27.0,26.25,26.75,27.25,27.0,26.5,26.75,26.25,26.75,27.75,26.5,27.25,26.5,26.75,26.75,26.25,26.75,28.0,27.0,26.25,26.5,26.25,26.25,26.5,26.0,29.5,28.25,27.0,26.5,26.5,26.75,26.0,26.5,28.75,28.75,27.5,26.75,26.5,26.0,26.25,26.0,27.0,27.25,26.75,26.25,26.0,26.25,26.0,26.25,26.25,26.25,26.5,26.0,26.25,26.25,25.5,26.25
4.0
26.5,26.75,26.5,26.0,26.75,26.0,27.25,27.0,26.5,26.75,27.25,26.75,26.5,26.25,26.25,26.0,27.5,26.5,27.0,26.5,26.5,26.5,26.5,26.5,27.75,26.5,26.75,26.25,26.5,26.0,26.25,26.75,29.0,27.75,26.5,26.25,26.5,26.25,26.5,26.25,28.5,28.5,27.5,26.5,26.0,26.25,26.5,25.75,27.25,27.0,26.25,26.0,26.5,26.25,25.75,25.5,26.75,26.5,26.0,26.5,26.25,25.25,26.0,26.25
5.0
26.5,26.75,26.5,26.25,26.5,26.25,27.5,26.25,26.5,26.5,27.75,27.25,26.5,26.25,26.5,26.25,27.25,26.5,26.75,26.5,26.25,26.75,26.75,25.75,28.0,26.75,26.75,26.5,26.25,26.25,26.25,26.75,29.0,28.25,27.0,26.25,26.25,26.5,26.5,26.5,28.25,29.0,27.25,26.5,26.0,26.5,25.75,26.0,27.0,27.25,26.5,26.25,26.75,26.25,26.25,26.0,26.75,25.75,26.5,26.5,26.0,26.0,26.0,25.75
6.0
26.75,27.25,26.5,26.0,26.5,26.0,27.0,26.75,26.0,27.0,27.25,26.75,26.5,26.5,26.0,26.0,27.25,26.5,27.0,26.5,26.5,26.25,26.25,26.25,27.5,26.75,26.75,26.25,26.25,26.0,26.25,26.5,29.0,28.5,26.75,26.25,26.5,26.5,26.0,26.25,28.75,29.0,27.75,26.75,26.5,26.25,26.5,25.75,26.75,27.25,26.25,26.25,26.75,26.0,26.0,26.25,26.5,26.5,26.0,26.75,26.25,25.75,25.5,25.75
7.0
26.25,26.75,26.25,26.0,26.25,26.5,27.5,26.75,27.0,26.75,27.5,27.0,26.75,26.25,26.25,26.25,27.25,26.75,27.0,26.5,26.75,26.75,26.25,26.25,28.25,27.0,26.5,26.25,26.0,25.75,26.25,26.25,29.5,28.0,26.75,26.0,26.25,26.25,26.25,26.25,28.75,28.5,27.75,26.75,26.0,26.5,25.75,26.0,26.5,27.25,26.25,26.25,26.0,26.5,26.25,25.75,26.5,26.75,26.5,26.0,26.0,25.5,25.75,26.0
8.0
26.25,26.25,26.75,26.25,26.25,26.25,27.25,27.25,26.5,26.5,27.5,27.0,26.5,26.25,26.0,26.75,27.0,26.25,27.25,26.5,25.75,27.0,26.25,26.25,27.75,26.75,26.5,26.5,26.5,26.25,26.5,26.5,29.5,28.25,27.0,26.25,26.25,26.5,26.25,26.75,28.75,28.75,27.5,26.5,26.25,26.25,26.0,26.0,26.75,27.0,26.5,26.25,26.25,26.25,25.5,26.25,26.0,26.25,26.0,26.75,26.5,26.0,26.0,25.5
9.0
26.5,26.5,26.75,26.0,26.5,26.5,26.75,26.75,27.0,26.75,27.75,27.0,26.25,26.25,26.25,26.25,27.5,26.5,26.75,26.25,26.5,26.5,26.25,25.75,28.0,26.5,26.5,26.0,26.5,26.25,26.25,25.75,29.25,28.25,27.0,26.25,26.25,25.75,26.25,26.5,29.0,28.5,27.75,26.5,25.5,26.5,26.25,25.5,26.75,27.0,26.75,26.0,26.25,26.5,26.0,25.75,26.25,26.75,26.25,26.0,25.75,25.5,26.0,26.25
10.0
26.25,26.5,26.25,26.25,26.5,26.25,27.25,26.75,26.75,26.75,27.0,27.0,26.5,26.5,26.25,26.25,27.5,26.5,26.75,26.25,26.75,26.25,26.75,25.75,28.25,26.75,26.5,26.0,26.5,25.75,26.25,26.5,28.5,28.25,26.5,26.0,26.25,26.5,26.75,26.25,28.75,28.75,27.25,26.75,26.0,26.25,26.0,26.0,26.75,27.25,26.25,25.75,26.5,26.0,25.75,25.75,26.5,26.75,26.5,26.25,26.25,25.5,25.5,26.0
11.0
26.25,26.75,26.75,26.0,26.25,26.5,27.0,26.75,26.5,26.5,27.25,27.0,26.5,26.25,26.25,26.75,28.0,26.5,26.75,26.25,26.75,26.25,26.5,26.0,28.25,27.0,26.5,26.0,26.25,26.0,25.75,26.0,29.5,28.25,26.5,26.5,26.25,26.0,26.25,26.25,28.75,28.25,27.75,26.5,26.0,26.5,26.25,25.0,27.25,27.0,26.25,26.0,26.75,26.5,25.5,25.75,26.25,26.5,26.5,26.5,25.75,25.75,25.5,26.0
12.0
26.5,27.0,26.25,26.0,26.75,26.25,27.25,26.75,26.5,26.5,27.25,27.0,27.0,26.25,26.25,26.5,28.0,27.0,27.0,26.25,26.5,26.25,26.25,26.25,28.75,27.75,26.5,26.5,26.0,26.25,26.25,26.5,29.0,28.25,27.0,26.5,26.25,26.75,26.0,26.25,28.25,28.75,27.75,26.5,26.25,26.5,26.25,25.5,27.0,27.5,26.75,26.25,26.0,26.0,26.0,26.0,26.5,26.5,26.25,26.5,26.0,26.0,26.0,26.0
13.0
26.5,27.0,26.0,26.25,26.25,26.75,27.0,26.5,26.75,26.75,27.75,27.0,26.5,26.25,26.75,26.25,27.75,27.25,26.75,26.5,26.25,26.5,26.25,26.25,28.75,28.0,26.75,26.5,26.5,26.5,26.25,26.25,29.25,28.25,27.0,26.0,26.75,26.25,26.25,25.75,28.0,28.75,28.25,26.25,25.75,26.25,26.25,25.5,26.75,27.25,26.25,26.25,26.5,26.0,26.0,25.75,26.25,26.0,26.25,26.25,25.75,26.0,25.75,26.0
14.0
26.5,26.75,26.75,26.5,26.75,26.25,27.0,26.75,26.5,27.0,27.5,26.75,26.5,26.0,26.5,26.25,28.0,27.5,26.75,26.5,26.0,26.25,26.5,26.5,28.5,28.25,26.75,26.25,26.5,26.0,26.25,25.75,29.0,28.5,27.25,26.5,26.5,26.25,26.75,26.25,27.75,29.25,28.0,26.75,25.75,26.25,25.75,25.75,26.75,26.75,26.0,26.0,26.25,25.75,26.0,25.75,26.75,26.5,26.25,26.0,26.0,25.75,26.25,26.0
15.0
26.5,26.75,26.25,26.0,26.5,26.5,27.25,26.25,27.0,27.0,27.5,26.75,26.75,26.25,26.0,26.0,27.5,28.0,27.25,26.25,26.75,26.75,26.25,26.25,28.25,28.5,27.25,26.75,26.0,26.5,26.0,26.25,29.0,28.25,27.25,26.5,26.25,26.5,26.25,26.25,27.25,28.75,28.75,26.75,26.25,26.75,26.0,25.75,27.5,27.5,26.5,26.25,26.5,26.0,25.75,25.75,26.5,26.25,26.5,26.0,26.25,26.0,25.25,26.25
16.0
27.0,26.25,26.75,26.25,26.25,26.5,27.25,26.75,26.5,27.25,27.75,26.75,26.5,26.0,26.0,26.25,27.75,27.75,27.5,26.5,26.5,26.5,26.5,26.0,28.25,29.0,28.0,26.5,26.0,26.25,25.75,26.25,28.75,28.75,27.75,26.25,26.5,26.0,26.25,26.0,27.75,28.25,28.25,26.5,26.25,26.25,26.0,25.5,26.5,27.25,26.25,26.25,26.25,25.75,25.5,26.0,26.5,26.25,26.25,26.25,26.0,26.0,26.0,26.25
17.0
26.25,26.75,26.5,26.0,27.25,27.0,26.75,26.75,26.75,27.25,27.5,27.0,26.75,26.0,26.5,26.75,27.25,28.0,27.75,26.25,26.25,26.5,26.5,26.5,28.0,29.0,27.75,26.5,26.5,26.0,26.25,26.75,28.5,29.0,28.25,26.75,26.5,26.5,26.0,26.25,27.25,28.5,28.5,27.0,26.25,26.25,26.25,25.5,26.75,27.25,26.75,26.0,26.5,26.25,25.75,26.25,26.75,26.25,26.75,26.75,25.75,26.0,25.75,26.5
18.0
26.75,26.5,26.75,25.75,26.75,26.5,27.5,27.25,27.0,27.0,27.25,26.75,26.5,26.25,26.25,26.5,27.75,28.25,28.25,27.0,26.5,26.25,26.5,26.5,28.0,29.0,27.75,26.75,26.0,26.0,26.5,26.0,28.0,29.0,28.0,26.5,26.75,26.5,26.25,26.75,27.0,27.75,29.0,27.5,26.25,26.25,26.0,25.75,27.0,27.5,26.5,26.5,26.5,26.0,25.75,25.75,26.5,26.5,26.5,26.25,26.25,25.5,26.25,26.25
19.0
26.25,26.75,26.75,26.75,26.75,26.5,27.25,26.75,26.25,26.75,27.5,26.75,26.5,26.5,25.75,26.75,27.5,28.0,28.0,27.0,26.5,26.5,26.5,26.0,28.25,28.5,28.25,26.75,26.5,26.5,26.25,26.0,28.5,29.25,28.25,26.75,26.75,26.5,26.75,26.75,27.25,28.0,28.75,27.25,26.25,26.25,26.0,25.75,26.75,27.0,26.25,26.5,26.5,26.25,25.75,26.25,26.25,26.25,26.0,26.0,26.0,26.0,25.75,25.75
20.0
26.5,26.75,26.25,26.5,26.5,26.25,26.75,27.25,26.5,26.5,27.75,26.75,26.75,26.25,26.75,26.25,27.5,28.0,28.5,27.0,26.75,26.75,26.5,26.5,28.0,29.0,28.5,27.25,26.75,26.0,26.5,26.5,28.25,29.25,28.75,27.0,26.5,26.25,26.25,26.5,27.25,28.0,29.0,27.25,26.5,26.5,25.75,25.5,26.75,27.0,27.0,26.5,26.5,26.5,25.75,25.5,26.75,26.25,26.75,26.25,26.0,25.5,26.25,26.0
21.0
26.5,26.5,26.25,26.25,26.75,26.75,27.25,26.75,26.5,27.0,27.5,27.0,26.25,26.25,26.0,26.75,27.5,28.25,28.75,27.0,26.5,26.5,26.25,26.25,26.75,28.5,28.0,26.75,26.75,26.0,26.0,26.25,27.0,28.0,29.0,27.25,26.25,26.75,26.75,26.5,27.0,27.0,28.0,27.0,26.5,26.25,26.25,26.25,26.5,27.0,26.5,26.25,26.0,26.25,25.75,26.0,25.75,26.25,26.25,26.5,26.0,26.0,26.25,26.5
22.0
26.75,26.75,26.5,26.25,26.75,26.25,27.0,26.75,26.5,27.25,27.75,27.25,26.75,26.0,26.5,26.25,27.0,28.5,28.5,27.25,26.5,26.5,26.25,26.25,27.0,28.75,28.75,26.75,26.25,26.25,26.25,26.0,27.0,27.75,29.25,27.5,26.5,26.75,26.25,26.75,27.0,27.0,27.75,27.5,26.25,26.25,25.75,26.25,26.5,27.5,26.5,26.5,26.5,26.5,25.75,25.75,26.0,26.5,26.25,26.25,26.0,25.75,25.25,25.5
23.0
26.25,27.0,26.5,26.25,26.5,26.0,27.0,26.5,27.25,27.25,28.0,27.25,26.5,26.5,26.5,26.25,27.25,28.25,28.75,27.5,26.25,26.5,26.25,26.25,27.0,28.75,28.75,27.0,26.5,26.0,26.25,26.5,27.0,27.0,29.5,27.25,26.5,26.5,26.25,26.5,27.0,27.25,27.5,27.0,26.25,26.25,26.0,26.0,26.75,26.75,26.25,26.0,26.0,26.0,25.75,25.75,26.25,26.5,26.25,25.75,25.75,25.75,25.75,26.0
24.0
26.5,26.75,26.75,26.25,26.75,26.25,27.0,26.5,27.0,27.0,28.25,27.25,26.75,26.5,26.25,26.25,26.75,28.0,29.0,27.5,26.75,26.5,26.25,26.25,26.5,28.75,29.0,27.5,26.25,26.25,26.0,26.0,27.25,27.25,29.0,28.25,26.25,26.5,26.75,26.25,27.0,27.25,27.25,27.25,26.25,26.5,26.5,26.0,26.5,26.75,26.5,26.25,26.5,26.5,25.75,25.75,26.25,26.0,26.25,26.5,25.75,25.75,26.0,25.5
25.0
26.75,27.0,26.5,26.5,27.0,26.25,27.25,27.0,26.75,27.25,28.25,28.0,27.0,26.5,26.5,26.5,27.25,28.0,28.75,28.0,27.0,26.75,26.0,26.5,26.25,28.75,29.5,27.25,26.75,26.25,26.25,26.5,27.25,27.0,29.0,28.0,26.75,26.25,26.25,26.75,27.0,27.0,27.0,27.25,26.5,26.25,26.0,26.0,27.25,27.0,27.0,26.0,26.75,26.0,26.25,26.25,26.25,26.75,26.25,26.5,26.0,26.25,25.5,26.25
26.0
26.75,26.75,26.5,26.5,26.75,26.5,27.25,27.25,26.75,27.0,28.5,28.0,27.25,26.25,26.25,26.75,27.0,27.75,29.25,27.75,27.25,26.25,26.25,26.0,27.0,28.5,29.5,28.0,26.75,26.5,25.75,27.0,27.0,27.25,28.5,28.5,27.0,26.25,26.25,26.5,27.0,26.75,27.25,27.25,26.75,26.25,26.25,25.5,26.25,27.0,26.5,26.5,26.25,26.25,26.0,26.0,26.0,26.5,26.25,26.5,26.25,26.0,25.5,26.0
27.0
26.75,26.75,26.5,26.5,26.75,26.5,27.25,27.25,26.75,27.0,28.5,28.0,27.25,26.25,26.25,26.75,27.0,27.75,29.25,27.75,27.25,26.25,26.25,26.0,27.0,28.5,29.5,28.0,26.75,26.5,25.75,27.0,27.0,27.25,28.5,28.5,27.0,26.25,26.25,26.5,27.0,26.75,27.25,27.25,26.75,26.25,26.25,25.5,26.25,27.0,26.5,26.5,26.25,26.25,26.0,26.0,26.0,26.5,26.25,26.5,26.25,26.0,25.5,26.0
28.0
26.5,27.25,26.75,26.5,26.5,26.25,27.25,26.5,27.0,26.75,27.75,28.5,27.75,26.5,26.5,26.25,27.25,27.5,28.75,28.75,27.5,26.5,26.5,26.0,26.75,28.25,29.75,28.75,26.5,25.75,26.5,26.5,27.0,26.75,28.5,29.0,27.25,26.75,26.5,26.25,27.0,27.25,26.75,26.75,26.5,26.25,26.25,25.75,26.5,27.0,26.25,26.5,26.25,26.0,26.0,25.75,26.75,26.0,26.5,26.0,26.25,26.25,25.75,26.25
29.0
26.25,26.5,26.75,26.75,26.75,26.5,27.0,27.0,26.75,27.0,27.5,28.25,28.0,26.25,26.75,26.25,26.75,27.25,28.75,28.25,28.0,26.75,26.0,26.5,26.5,27.0,29.75,29.0,27.25,26.25,26.25,26.0,27.5,27.25,27.5,29.0,28.0,26.5,26.25,26.25,27.0,26.75,27.0,27.5,26.75,26.5,26.25,25.75,26.5,26.5,26.25,26.5,25.75,26.5,25.75,26.25,26.5,26.25,26.0,27.0,25.75,25.75,26.0,26.25
30.0
26.5,27.0,26.75,26.0,26.75,26.5,27.5,26.5,27.0,27.0,28.0,27.5,28.5,26.75,26.75,26.5,27.0,27.25,28.0,28.5,28.25,27.25,26.25,26.5,26.25,27.25,29.25,29.75,27.25,26.75,26.5,26.5,27.0,26.5,27.25,29.0,28.75,26.5,26.25,26.25,26.25,27.0,26.5,26.75,26.5,26.75,26.25,25.5,26.75,27.0,26.5,26.0,26.75,26.5,25.5,25.5,26.5,26.25,26.0,26.25,26.0,26.0,26.0,25.25
31.0
27.0,26.75,27.0,26.75,27.25,26.5,27.25,26.75,26.75,26.5,27.75,28.0,29.0,27.0,26.25,26.25,27.0,26.75,28.25,28.5,28.5,27.25,26.75,26.25,26.25,27.0,28.5,29.75,29.25,27.0,26.25,26.5,27.0,26.75,26.75,27.75,27.75,26.75,26.75,26.5,27.0,26.75,26.75,27.0,26.0,26.5,26.25,26.0,26.75,27.0,26.5,26.0,26.25,26.0,25.5,25.75,26.5,26.0,26.5,26.75,26.25,25.5,26.25,26.0
32.0
26.5,26.75,27.0,27.0,27.5,26.5,27.5,27.25,26.25,26.75,27.75,28.0,28.5,26.75,26.25,26.5,27.0,26.75,28.75,28.75,28.25,27.25,26.25,26.75,26.5,27.5,28.5,29.5,29.25,27.25,26.5,26.75,26.75,26.5,26.75,27.75,27.25,27.25,26.5,26.25,27.0,26.75,27.0,27.0,26.5,26.25,26.0,26.0,26.5,26.75,26.25,26.25,26.25,26.5,25.75,25.75,26.0,26.5,26.25,26.75,26.25,26.0,26.0,26.25
33.0
26.5,26.75,27.0,27.25,28.0,26.5,27.5,26.75,26.75,27.5,28.0,28.5,29.0,27.0,26.5,27.0,27.25,26.75,28.75,29.25,28.25,27.0,26.75,26.25,26.75,27.25,29.0,29.25,29.25,27.0,26.25,26.5,27.25,26.5,26.5,27.5,27.5,26.75,26.5,26.5,27.0,26.75,26.75,27.0,26.5,26.5,26.25,26.0,27.0,27.0,26.25,26.25,26.25,26.5,26.0,25.5,25.75,26.25,25.75,26.0,26.0,26.0,25.75,26.5
34.0
26.75,26.75,27.0,27.5,27.75,26.5,27.5,26.5,26.5,27.0,27.75,28.75,28.5,26.5,26.5,26.5,27.25,27.25,29.25,30.0,28.25,26.75,26.75,26.0,26.5,27.0,28.75,29.25,29.0,27.25,26.5,26.25,26.75,26.5,26.5,27.25,27.5,26.75,26.75,26.5,26.75,26.75,26.75,26.75,26.5,26.25,26.0,26.0,26.75,26.5,26.5,26.0,26.75,26.25,25.75,25.75,25.75,26.25,25.75,26.25,26.0,26.0,25.5,26.5
35.0
26.25,27.25,26.75,27.75,27.25,26.5,26.5,27.5,26.75,27.25,27.5,28.75,27.75,26.5,26.5,26.5,27.0,27.75,29.25,29.75,27.5,26.5,26.5,26.0,26.75,27.0,28.75,29.0,28.75,26.75,26.5,26.25,27.0,26.75,26.75,27.25,27.25,26.75,26.75,26.25,27.0,26.5,26.75,26.5,26.0,26.75,25.75,26.25,26.5,26.75,26.5,26.25,26.25,26.0,25.75,26.25,26.5,26.0,25.75,26.5,26.0,25.75,26.0,26.25
36.0
26.25,26.75,27.75,28.5,26.75,26.5,27.5,27.0,27.0,27.25,28.0,28.5,27.5,26.75,26.25,26.0,27.0,27.5,29.25,29.75,27.5,27.0,26.5,26.0,26.75,27.0,28.75,29.0,28.75,26.5,26.75,26.25,27.0,26.75,26.75,27.5,27.0,26.75,26.5,26.5,27.0,26.25,26.5,26.5,26.25,26.5,26.0,26.0,26.5,27.0,26.25,26.5,26.5,26.75,26.0,26.0,26.25,26.5,26.25,26.25,26.0,25.75,25.25,25.75
37.0
26.25,27.25,28.25,28.0,26.75,26.5,27.25,27.25,27.25,27.25,28.5,28.75,26.5,26.75,26.75,26.5,27.0,27.75,29.75,29.5,27.5,26.5,26.5,26.0,27.0,27.25,28.5,29.0,28.25,26.5,26.5,26.0,26.75,26.5,27.0,27.5,27.0,26.5,26.5,26.25,27.25,26.75,27.0,26.5,26.25,26.75,26.25,25.75,26.75,26.5,26.5,26.75,26.5,26.25,26.0,26.5,26.25,26.5,26.75,26.0,26.25,25.5,26.0,26.5
38.0
26.5,27.5,28.5,28.25,27.0,26.75,27.0,27.0,27.25,27.5,28.75,28.75,27.0,26.75,26.75,26.5,27.75,28.5,30.0,29.5,27.5,26.5,26.75,26.0,26.75,27.25,28.25,28.75,27.75,26.5,26.75,26.5,27.0,26.5,26.75,27.25,26.5,27.0,26.25,26.75,27.0,27.25,26.75,26.75,26.25,26.25,26.0,25.5,26.75,26.75,26.5,26.0,26.25,25.75,26.0,25.75,26.5,26.75,26.0,26.0,26.0,25.75,26.25,26.25
39.0
26.5,26.75,28.75,27.75,27.0,26.5,27.25,27.0,27.0,27.75,29.5,27.75,27.0,26.75,26.75,26.25,27.25,28.75,30.25,29.0,27.5,27.0,26.5,26.0,26.75,27.0,28.5,28.5,27.5,26.75,26.5,26.5,27.25,26.75,26.5,27.25,26.75,26.25,26.75,26.5,27.0,26.5,26.5,26.5,26.25,26.5,26.0,25.75,26.25,26.75,26.0,26.25,26.25,26.0,25.75,25.75,26.25,26.0,25.75,26.5,26.0,25.5,26.0,26.25
40.0
26.5,27.25,28.75,27.0,27.0,27.0,27.25,27.0,26.5,27.25,29.75,27.5,26.0,26.75,26.5,26.5,27.0,28.5,29.75,29.0,27.5,26.5,26.0,26.0,27.0,27.0,28.0,28.25,27.5,26.25,26.5,26.25,27.0,26.75,26.5,27.0,26.5,26.25,26.5,26.5,27.0,26.75,26.75,26.75,26.0,26.5,26.0,25.75,26.5,26.75,26.5,26.25,26.5,26.25,26.25,26.0,26.5,26.0,26.0,26.25,26.0,25.5,26.0,25.5
41.0
26.75,27.5,29.0,27.25,27.0,26.75,27.25,27.0,26.5,27.5,30.0,28.5,27.25,26.5,26.25,26.75,27.5,28.75,29.5,28.75,27.75,26.5,26.75,26.25,27.0,27.0,28.0,27.75,26.5,26.25,26.25,26.25,27.0,26.75,26.75,26.5,26.25,26.75,26.25,26.5,27.0,26.5,26.75,26.75,26.25,26.5,26.25,25.75,26.25,27.0,26.0,26.5,26.25,26.5,25.75,26.25,26.0,26.75,26.25,26.25,25.5,26.0,25.75,26.0
42.0
26.75,27.5,28.75,26.75,27.0,26.5,27.5,26.75,27.0,27.0,29.75,28.5,27.75,26.5,26.5,26.25,27.25,28.5,29.5,29.0,27.5,26.25,26.75,26.25,26.75,27.25,28.25,28.0,26.75,26.25,26.25,26.5,26.75,26.25,26.5,26.75,26.5,26.5,26.25,26.25,26.5,26.75,26.75,26.75,26.0,26.5,26.0,26.0,26.25,26.5,26.75,26.25,26.75,26.25,26.0,26.0,26.5,26.5,26.0,26.25,26.0,25.75,26.0,26.25
43.0
27.0,27.5,29.0,27.0,26.75,26.75,27.5,26.75,27.25,27.25,29.5,29.0,28.25,26.5,26.25,26.5,27.25,28.0,29.5,29.0,27.5,26.75,26.25,26.25,26.75,27.25,28.0,27.5,26.75,26.5,26.0,26.5,27.25,26.25,26.75,26.5,26.5,26.75,26.0,26.25,26.75,26.5,26.75,26.75,26.25,26.5,26.25,25.75,26.5,26.75,26.25,26.0,26.5,26.75,25.75,25.5,26.5,26.75,26.25,26.5,26.0,25.75,25.75,26.0
44.0
26.5,27.25,29.0,27.25,27.25,26.5,27.25,27.0,27.0,27.25,29.25,29.25,28.25,26.75,26.75,26.25,27.25,27.25,29.25,28.5,27.5,26.5,26.25,26.25,26.25,27.0,27.75,27.5,27.0,26.25,26.5,26.5,26.75,26.75,26.75,26.75,26.5,26.5,26.0,26.25,27.0,27.0,26.5,26.75,26.25,26.5,26.0,25.75,26.5,26.75,26.5,26.5,26.5,26.25,26.0,26.25,26.0,26.0,26.25,26.25,26.25,25.5,26.0,26.25
45.0
26.0,27.5,29.25,27.25,27.25,26.5,27.75,27.25,26.75,27.25,29.0,29.75,28.5,26.75,26.5,26.25,27.25,27.75,29.25,28.5,27.25,26.5,26.75,26.25,26.75,27.25,27.75,27.75,26.5,26.75,26.5,26.75,26.75,26.25,26.5,26.75,26.5,26.5,26.5,26.25,26.75,26.75,27.0,26.75,26.25,26.25,26.5,25.75,26.75,26.75,26.25,25.75,26.25,26.25,26.0,26.25,26.0,26.0,26.25,26.25,25.75,25.5,26.0,26.25
46.0
27.0,27.25,28.75,27.75,26.75,26.75,27.0,26.5,27.0,26.75,29.25,29.5,28.25,26.75,26.5,26.75,27.0,27.5,29.25,28.25,26.75,26.75,26.25,26.25,27.0,27.25,28.0,27.5,26.5,26.5,26.25,26.25,27.0,26.75,26.75,26.5,26.25,26.25,26.5,26.5,26.5,26.75,27.0,26.25,26.25,26.25,26.0,26.25,26.25,26.5,26.25,26.5,26.75,26.5,26.0,26.0,26.0,26.25,26.5,26.0,26.0,25.5,25.75,26.0
47.0
26.25,27.5,29.5,27.75,27.0,26.25,27.25,27.0,27.0,27.25,29.0,30.0,28.0,26.25,26.5,26.5,26.5,27.5,29.25,28.5,27.0,27.0,26.0,26.0,26.75,27.25,27.75,27.75,26.5,26.5,26.75,26.5,27.25,26.5,26.25,27.0,26.5,26.75,26.25,26.75,26.75,26.5,26.75,26.25,26.25,26.5,26.25,25.75,26.75,26.75,26.5,26.0,26.25,26.5,25.75,26.25,26.25,26.5,26.5,26.0,26.25,25.75,25.75,26.25
48.0
27.0,27.75,29.25,27.75,27.0,26.25,27.75,26.75,26.5,27.25,29.0,29.5,28.5,26.75,26.5,26.5,27.25,27.5,29.0,28.0,26.75,26.75,26.75,26.0,26.25,26.75,27.75,27.25,26.5,26.0,26.0,26.0,26.75,26.5,26.75,26.5,26.5,26.75,26.5,26.5,27.25,26.75,27.0,26.5,26.25,26.25,26.25,25.75,26.75,26.5,26.25,26.5,26.75,26.0,26.0,25.25,26.75,26.25,26.0,26.0,26.5,25.25,26.0,25.75
49.0
27.0,27.75,29.25,27.75,27.5,26.75,27.5,27.25,27.0,27.25,29.25,29.75,28.0,26.5,26.75,26.5,27.0,27.0,29.25,28.25,27.25,26.5,26.5,26.25,27.0,27.0,27.75,27.5,26.75,26.25,26.25,26.25,26.75,26.75,26.25,26.75,26.5,26.5,26.5,26.75,27.25,27.0,27.25,26.75,26.25,26.25,26.0,26.0,26.5,27.0,26.0,26.25,26.25,26.25,26.0,25.75,26.0,26.0,26.25,26.5,26.5,25.5,26.0,25.5
50.0
26.5,27.75,29.75,27.75,27.25,26.5,27.5,26.75,26.5,27.25,29.25,29.0,28.0,26.25,26.75,26.0,26.75,27.0,29.25,28.25,27.0,26.25,26.25,26.25,26.5,26.75,27.75,27.5,26.5,26.25,26.25,26.0,27.0,26.5,26.75,26.5,26.75,26.5,26.5,26.75,27.25,26.25,26.75,26.75,26.0,26.5,25.75,26.25,26.5,26.75,26.75,26.25,26.5,26.5,26.0,26.0,26.25,26.25,26.0,26.0,25.75,25.5,26.5,26.25
51.0
26.75,27.75,29.5,28.0,26.75,26.25,26.75,26.5,27.25,27.25,29.25,29.0,27.5,26.75,26.5,26.75,27.5,28.0,29.25,27.5,26.75,26.5,26.25,26.25,26.5,27.0,27.75,27.25,26.5,26.25,26.25,26.25,27.0,26.5,26.5,26.25,26.25,26.5,26.5,26.75,27.25,27.25,26.75,26.25,26.25,26.5,26.0,25.75,26.5,27.25,26.25,26.75,26.0,26.0,26.25,26.0,26.25,26.5,25.75,26.5,25.75,25.75,25.75,26.25
52.0
26.75,28.5,29.25,27.5,26.75,26.75,27.0,27.25,27.0,28.25,29.5,29.0,26.75,26.25,26.75,26.0,27.0,28.5,28.75,27.25,26.75,26.25,26.5,26.0,26.75,27.25,27.5,27.0,27.0,26.5,26.0,26.5,27.0,26.5,26.5,26.75,26.75,26.75,26.0,26.75,27.0,26.75,26.5,27.0,26.0,26.75,25.75,25.75,26.75,26.5,27.0,26.25,26.25,26.25,25.75,26.25,26.25,26.5,25.75,26.25,26.0,26.0,26.25,26.25
53.0
27.0,28.5,29.0,27.5,26.75,26.25,27.0,27.0,27.0,28.0,29.5,28.75,27.0,26.5,26.5,26.5,27.5,28.25,28.75,27.25,26.5,26.5,26.25,26.25,26.75,27.0,27.75,27.5,26.25,26.25,26.25,26.75,27.0,26.5,26.5,26.25,26.25,26.25,26.25,26.25,27.25,26.75,26.5,26.5,26.0,26.5,26.25,25.75,26.5,26.75,26.25,26.25,26.25,26.75,26.25,25.75,26.5,26.25,26.5,26.25,26.0,25.5,26.0,26.0
54.0
27.0,28.25,29.25,27.5,26.5,26.5,27.25,27.0,27.25,28.5,29.0,29.0,27.25,26.0,26.5,26.5,27.25,28.0,28.75,27.25,26.75,26.5,26.25,26.0,27.0,27.0,27.75,27.0,26.75,26.25,26.25,26.75,27.0,26.75,26.25,26.75,26.75,26.5,26.5,26.25,27.0,26.5,27.0,26.75,26.0,26.5,26.25,25.75,26.75,26.75,26.75,26.0,26.25,26.0,26.0,25.5,26.0,26.75,26.75,26.5,26.25,25.5,25.5,25.75
55.0
26.75,28.75,29.0,27.5,26.75,26.5,27.5,27.0,27.0,28.5,29.25,28.75,27.25,26.5,26.75,26.5,27.0,28.0,28.25,27.25,27.0,26.5,26.25,26.25,26.5,26.75,27.75,27.0,26.25,26.0,26.25,26.5,27.0,26.5,26.5,26.0,26.5,26.0,26.0,26.5,27.0,27.0,27.0,26.5,26.0,26.5,26.25,25.75,26.25,26.25,26.5,26.25,26.25,26.25,25.75,25.75,26.25,26.5,26.25,26.0,25.5,25.5,25.75,25.75
56.0
26.75,28.25,29.25,27.5,26.25,26.75,27.5,26.75,26.75,28.75,29.75,29.25,27.25,26.5,26.5,26.75,27.25,28.25,28.25,27.25,26.5,26.75,26.5,26.0,26.75,26.75,27.25,27.0,26.25,26.5,26.5,26.5,26.75,26.0,26.5,26.25,26.5,26.25,26.5,26.25,26.75,26.75,27.0,26.25,26.0,26.25,25.75,26.25,26.75,27.0,26.5,26.0,27.0,26.25,26.0,25.75,26.0,26.25,26.25,26.5,25.75,25.5,25.75,26.25
57.0
26.75,28.25,28.75,27.25,26.25,26.5,27.0,27.25,27.0,28.5,29.5,28.75,27.5,26.0,26.5,26.75,27.25,28.5,28.75,27.25,27.0,26.5,26.25,26.25,26.75,27.0,27.5,27.0,26.5,26.5,26.25,26.25,27.0,26.5,26.25,26.25,26.5,26.5,26.5,26.5,27.0,26.75,26.75,26.75,26.0,26.25,26.0,26.0,26.5,26.75,26.0,26.0,26.25,25.75,25.75,25.75,25.75,26.0,26.25,25.75,26.5,25.5,25.75,25.75
58.0
26.75,28.0,29.0,27.5,26.75,26.25,27.25,26.75,27.0,28.5,29.25,28.75,27.5,26.25,26.75,26.75,27.25,28.0,28.0,27.25,26.75,26.75,26.5,26.0,26.75,26.5,27.5,27.25,26.5,26.0,26.0,26.25,26.75,26.5,26.25,26.25,26.0,26.25,26.0,26.5,26.75,26.5,26.5,26.5,25.75,26.5,26.5,25.75,26.25,27.0,26.25,26.0,26.25,26.0,25.75,25.75,26.0,26.25,26.5,26.25,26.0,25.75,26.25,26.5
59.0
27.0,28.25,29.0,27.5,26.75,26.25,27.0,27.0,27.25,28.75,29.0,29.0,27.5,26.75,26.25,26.5,27.25,28.0,28.0,27.5,27.0,26.75,26.25,26.5,26.5,27.25,27.5,27.25,26.5,26.5,26.25,26.5,26.75,26.5,26.5,26.5,26.75,26.0,26.5,26.75,27.0,27.0,26.75,26.25,26.25,26.5,26.25,26.5,26.75,27.25,26.25,26.25,26.5,26.25,25.75,25.75,26.0,26.0,26.5,25.75,26.0,25.75,25.25,26.0
60.0
26.75,28.5,28.25,27.25,26.75,26.5,27.5,27.0,27.25,28.5,29.0,28.25,27.5,26.5,26.25,26.25,27.25,28.0,27.75,26.75,27.25,26.25,26.5,25.5,26.5,27.0,27.5,27.0,26.5,26.0,26.0,26.25,27.0,26.5,26.0,26.25,26.5,26.75,26.5,26.0,26.75,26.75,27.0,26.25,26.0,26.5,26.0,25.75,26.25,26.25,26.5,25.75,26.0,26.0,25.75,25.5,26.0,26.25,26.0,26.0,26.0,26.0,25.75,25.75
61.0
27.5,29.0,28.25,26.75,26.75,26.0,27.5,26.5,27.5,28.75,29.25,27.75,27.0,26.5,26.75,26.5,27.75,28.75,28.25,27.5,26.75,26.5,26.5,26.5,26.5,27.0,27.75,26.5,26.0,26.0,26.5,26.75,27.25,26.25,26.25,26.5,26.5,26.75,26.25,26.5,26.5,26.25,27.0,26.75,26.25,26.25,25.75,25.75,26.75,26.75,26.5,26.25,26.25,26.25,26.25,26.25,25.75,26.25,26.25,26.25,26.5,25.75,25.5,26.25
62.0
27.0,29.25,28.0,27.0,27.25,26.25,27.5,27.0,27.25,28.75,28.75,28.0,27.0,26.75,26.5,26.25,27.5,28.75,27.75,27.5,27.5,26.25,26.5,26.5,26.75,27.25,28.0,26.5,26.75,26.5,26.5,26.25,26.5,26.5,26.5,26.5,26.5,26.75,26.25,26.75,27.0,27.0,26.75,26.75,26.0,26.5,26.0,26.25,26.5,26.75,26.25,26.0,26.5,26.0,26.25,25.5,25.75,26.5,26.5,26.75,25.75,25.25,26.0,26.25
63.0
27.0,29.5,28.0,27.0,26.5,26.75,27.25,27.0,27.5,29.25,29.25,28.0,27.75,27.0,26.5,26.75,27.5,29.0,28.25,27.5,26.75,26.5,26.5,26.5,26.75,27.0,27.25,26.5,26.5,26.0,26.25,26.25,26.75,26.25,26.5,26.5,26.25,26.25,26.5,26.75,27.0,26.5,26.5,26.75,26.0,25.75,26.25,25.75,26.75,26.75,26.25,25.75,26.5,26.5,26.25,26.25,26.0,26.25,26.0,26.0,25.75,26.0,26.0,26.25
64.0
27.0,29.5,28.0,27.0,26.5,26.75,27.25,27.0,27.5,29.25,29.25,28.0,27.75,27.0,26.5,26.75,27.5,29.0,28.25,27.5,26.75,26.5,26.5,26.5,26.75,27.0,27.25,26.5,26.5,26.0,26.25,26.25,26.75,26.25,26.5,26.5,26.25,26.25,26.5,26.75,27.0,26.5,26.5,26.75,26.0,25.75,26.25,25.75,26.75,26.75,26.25,25.75,26.5,26.5,26.25,26.25,26.0,26.25,26.0,26.0,25.75,26.0,26.0,26.25
65.0
27.5,29.25,28.0,26.25,26.5,26.5,27.25,26.25,27.25,29.0,28.75,27.75,27.5,26.25,26.5,26.0,27.75,28.5,27.75,27.5,26.5,26.5,26.25,26.0,26.5,27.25,27.5,26.5,26.5,26.25,26.0,26.25,26.75,25.75,26.75,26.25,26.25,26.75,26.25,26.75,27.25,26.75,26.75,26.5,26.5,26.25,26.25,25.75,26.75,26.75,26.0,26.0,26.25,26.5,26.0,26.0,26.0,26.25,26.0,26.0,25.5,25.5,25.5,26.0
66.0
27.25,29.0,27.5,26.25,26.75,26.25,27.5,27.0,27.0,29.25,28.75,27.5,27.5,26.5,26.5,26.5,27.25,28.75,28.25,27.0,26.75,26.75,26.5,26.25,26.75,27.25,27.25,26.5,26.5,26.25,26.5,26.25,26.75,26.0,26.25,26.25,26.0,26.5,26.25,26.75,26.5,26.5,26.5,26.5,26.0,26.25,26.0,26.0,26.5,26.75,26.0,26.25,26.0,25.75,25.75,25.75,26.0,26.5,26.5,26.25,26.25,26.0,25.75,26.0
67.0
27.75,28.75,27.5,26.5,26.75,26.5,27.25,26.5,27.5,29.25,28.75,27.75,27.75,26.5,26.0,26.5,28.25,28.5,28.25,27.25,26.5,26.5,26.75,26.25,26.25,27.25,27.5,26.5,26.5,26.25,26.5,26.5,26.75,26.75,26.25,26.25,26.5,26.75,26.75,26.5,27.0,26.75,26.75,26.5,26.25,26.25,26.0,25.5,27.0,26.5,26.75,25.75,26.25,26.5,25.75,26.0,25.75,26.0,26.75,26.5,26.5,26.0,26.25,25.5
68.0
27.25,28.75,27.25,26.75,27.0,26.5,27.5,26.5,27.5,29.25,29.5,28.0,27.5,26.5,26.75,26.75,28.0,28.75,28.0,27.25,26.5,26.75,26.25,26.0,26.5,27.0,27.5,26.5,26.5,26.25,26.25,26.5,27.25,26.25,26.75,26.5,26.5,26.75,26.75,26.5,26.75,27.25,26.5,26.75,26.5,26.25,26.0,26.0,26.5,27.0,26.25,26.25,26.5,26.25,26.25,25.75,26.5,25.75,26.5,26.25,26.25,26.0,26.0,26.5
69.0
27.5,28.75,27.25,26.25,26.75,26.75,27.5,26.75,27.75,29.25,29.0,28.0,27.0,26.0,26.25,26.75,27.5,29.25,28.0,27.25,26.5,26.75,26.25,26.0,26.75,26.75,27.25,26.5,26.25,26.0,26.75,26.25,27.0,26.25,26.5,26.75,26.75,26.75,26.5,26.25,27.0,27.0,27.25,26.5,26.0,26.75,26.25,25.75,26.5,26.75,26.25,26.0,26.25,26.0,26.25,26.0,26.0,26.0,26.0,26.25,26.25,26.0,25.75,26.25
70.0
27.5,28.5,27.25,26.75,26.25,26.5,27.25,26.5,27.0,29.5,28.75,27.25,26.5,26.25,26.25,26.0,27.25,28.25,28.0,27.0,26.5,26.75,26.25,26.75,26.25,27.0,27.25,26.75,26.0,25.75,26.5,26.25,27.0,26.5,26.25,26.25,26.5,26.0,26.75,26.0,27.0,26.5,27.0,26.75,26.0,26.5,26.0,25.75,27.0,26.5,26.5,26.25,26.25,26.25,26.0,25.75,26.25,26.25,25.75,26.5,26.0,25.75,25.75,26.0
71.0
26.75,28.25,27.0,26.25,26.5,26.25,27.0,26.0,26.75,27.75,28.75,27.0,26.75,26.25,26.5,26.5,26.5,27.0,28.0,27.0,26.25,26.75,26.5,26.25,26.25,26.75,27.0,26.25,26.25,26.25,26.0,26.5,27.0,26.5,26.0,26.0,26.25,26.25,26.5,26.25,26.5,26.75,26.25,26.5,26.0,26.25,25.75,25.75,26.75,26.25,25.75,25.75,26.5,26.25,25.75,26.0,25.75,26.75,26.5,26.25,26.0,25.75,25.75,26.0
72.0
27.0,28.5,27.5,26.5,26.75,26.5,27.25,26.75,27.0,28.0,28.75,27.25,27.5,26.75,26.5,26.25,27.0,27.25,28.25,27.25,26.5,26.75,26.5,26.0,26.75,26.75,27.0,26.25,26.25,26.0,26.75,26.25,26.75,26.5,26.0,26.25,26.0,26.25,26.25,26.5,26.75,26.25,26.25,26.5,26.25,26.25,25.75,25.5,26.0,26.75,25.75,26.0,26.75,26.5,25.25,26.0,26.5,26.25,26.5,26.0,26.25,25.5,25.75,25.5
73.0
26.5,27.5,27.25,26.5,26.5,27.0,27.25,26.75,27.0,27.75,29.25,27.5,26.75,26.5,26.5,26.75,27.0,27.0,28.25,27.5,26.25,26.0,26.25,26.0,26.5,27.0,27.0,26.25,26.0,26.25,26.25,26.25,26.75,26.75,26.5,26.25,26.25,26.5,26.5,26.5,26.75,26.5,26.5,26.5,26.25,26.25,26.0,26.0,27.0,26.75,26.25,26.25,26.5,26.25,26.25,26.25,26.75,26.5,26.25,26.5,26.25,26.25,25.75,25.5
74.0
26.25,28.0,27.25,26.75,27.0,26.25,27.25,26.5,26.75,27.5,29.25,28.0,26.75,26.25,26.5,26.25,27.0,26.75,28.75,27.5,26.75,26.25,26.5,26.5,26.5,26.75,27.25,26.5,26.25,25.75,26.0,26.5,26.75,26.25,26.5,26.0,26.5,26.75,26.5,26.5,26.75,26.75,27.0,26.5,26.0,26.5,25.75,26.25,26.75,27.0,26.25,26.25,26.25,26.25,26.0,26.0,26.25,26.25,26.25,25.75,26.0,26.0,25.25,26.0
75.0
26.5,27.25,27.5,26.75,26.75,26.25,27.5,26.75,26.25,27.0,28.75,28.0,26.75,26.0,26.5,26.25,27.25,26.75,28.5,27.75,26.5,26.25,26.25,26.25,26.5,27.0,27.25,26.5,26.25,26.25,26.25,26.5,26.75,26.5,26.25,26.0,26.0,26.25,26.0,26.5,26.75,26.25,26.75,26.5,26.25,26.25,26.25,25.5,27.0,26.5,26.75,26.25,26.25,26.5,26.0,25.75,26.25,26.25,26.25,26.25,26.0,26.0,26.25,26.25
76.0
27.0,27.0,27.75,26.5,27.0,26.25,27.25,26.25,26.25,26.75,28.75,28.75,27.0,26.25,26.75,26.5,26.5,27.0,28.75,27.75,26.5,26.25,26.5,26.0,26.75,26.5,27.0,26.25,26.75,25.75,26.75,26.25,27.0,26.25,26.25,26.75,26.5,26.75,26.25,26.5,27.0,27.0,27.0,26.75,26.0,26.5,25.75,25.75,26.5,26.75,25.75,25.75,26.0,26.0,26.0,26.0,26.5,26.25,26.5,26.0,26.25,25.75,26.0,26.0
77.0
26.25,27.25,27.5,27.0,26.75,26.75,26.75,27.0,27.0,27.0,28.5,28.75,27.0,26.5,26.5,26.5,27.0,26.75,28.75,27.75,26.5,26.5,26.25,26.25,26.25,26.25,27.0,26.5,26.0,25.75,26.25,26.0,26.25,26.25,26.5,25.75,26.5,26.5,26.25,26.75,26.75,26.5,26.5,26.25,26.0,26.5,26.25,25.75,26.25,26.25,26.75,25.75,26.75,26.25,26.25,26.0,26.25,26.25,26.75,26.0,26.25,26.25,26.0,26.0
78.0
26.5,26.5,28.0,26.75,27.0,26.25,27.5,27.25,26.5,26.5,28.0,29.0,27.25,26.25,26.25,26.0,26.5,27.0,28.75,28.0,26.75,26.5,26.75,26.25,26.5,27.0,27.5,26.5,26.25,26.0,26.5,26.0,26.75,26.5,26.5,26.5,26.5,26.75,26.25,26.75,26.5,26.75,26.75,26.5,26.0,26.0,26.0,26.0,26.5,26.75,26.25,26.0,26.25,26.25,25.75,26.0,26.25,26.25,26.25,26.0,26.25,25.75,25.75,26.0
79.0
26.75,27.0,27.25,27.25,26.5,26.5,27.75,27.0,26.75,26.5,27.75,29.0,27.5,26.5,26.5,26.25,27.0,27.0,28.5,28.0,26.75,26.75,26.5,26.25,26.5,27.0,27.0,26.75,26.5,26.0,26.0,26.5,27.0,26.5,26.25,26.0,26.5,26.5,26.25,26.0,27.0,26.25,26.5,26.5,26.25,26.25,25.75,25.75,26.25,27.0,26.25,26.25,26.5,26.0,26.0,26.0,26.25,26.25,26.25,26.25,25.75,26.0,25.5,26.0
80.0
26.25,27.0,27.25,26.75,26.75,26.25,27.5,26.75,26.5,26.75,27.75,29.25,27.75,26.25,26.0,26.75,26.75,27.0,28.5,28.25,27.0,27.0,26.25,26.5,26.5,27.0,27.25,26.5,26.75,26.25,26.25,26.25,27.0,26.5,26.25,26.25,26.5,26.5,26.5,26.0,26.5,26.5,27.0,26.5,26.25,26.25,26.25,25.75,26.25,26.75,26.0,26.0,26.5,26.0,26.0,26.25,26.25,26.25,26.5,26.25,25.75,26.25,26.0,26.25
81.0
26.5,27.0,27.0,27.5,27.0,26.5,27.5,27.0,26.75,27.0,27.75,29.0,27.75,26.25,26.5,26.5,27.0,27.0,28.75,28.25,27.0,26.5,26.5,26.25,26.75,27.0,27.25,26.5,26.5,26.5,26.25,26.75,26.75,26.75,26.25,26.25,26.5,27.0,26.25,26.75,26.5,26.75,26.75,26.5,26.25,26.5,25.5,25.75,26.75,26.75,26.0,26.5,26.5,26.5,25.75,25.75,26.75,26.0,26.5,25.75,26.5,25.75,25.5,25.75
82.0
27.25,26.75,26.75,27.5,27.0,26.5,27.25,27.0,26.75,27.0,27.5,29.25,28.0,26.5,26.5,26.5,27.25,27.0,28.75,28.25,27.0,26.5,26.25,26.5,26.25,27.0,27.5,26.75,26.25,26.25,26.25,26.25,26.5,26.75,26.25,26.25,26.5,26.75,26.25,26.25,27.25,26.5,26.75,26.25,26.5,26.25,26.0,25.75,26.75,27.0,26.5,26.0,26.0,26.25,25.75,26.0,26.25,25.5,25.75,26.25,26.0,25.75,25.5,25.5
83.0
26.5,26.5,26.75,27.5,27.25,26.5,27.25,26.75,26.5,26.75,27.5,29.0,28.25,26.75,26.25,26.25,27.0,27.25,28.5,28.5,27.0,26.75,26.5,26.25,26.75,26.75,27.25,26.5,26.5,26.0,26.25,26.75,26.25,26.0,26.25,26.25,26.75,26.25,26.25,27.0,26.75,26.5,26.5,26.25,26.25,26.5,26.25,25.75,26.5,27.25,26.5,26.5,26.0,26.0,26.0,26.25,26.25,26.25,26.25,26.5,26.0,25.75,25.75,26.25
84.0
26.25,26.75,27.0,27.5,26.75,26.25,27.0,26.75,26.75,27.0,27.75,29.0,27.75,26.25,26.25,26.5,27.0,27.0,28.25,28.25,27.25,26.75,26.75,26.5,26.5,27.5,27.75,26.75,26.25,26.0,26.75,26.75,26.75,26.75,26.0,26.25,26.75,26.75,26.75,26.75,27.25,26.75,27.0,26.75,26.25,26.25,26.0,25.75,26.25,26.75,26.25,26.5,26.25,26.25,26.25,25.75,26.25,26.25,26.25,26.25,26.0,26.0,25.5,26.0
85.0
26.5,27.25,26.75,27.5,27.25,26.5,27.0,27.0,27.0,27.25,27.5,29.0,28.25,26.25,26.25,26.75,27.25,27.25,29.0,28.25,26.75,27.0,26.25,26.0,26.75,26.75,27.0,26.5,26.5,26.25,26.25,26.25,27.0,26.25,26.5,26.25,26.25,26.5,26.25,26.25,26.75,26.0,26.5,26.75,26.0,26.75,26.0,26.25,26.25,26.75,26.25,26.0,26.5,26.0,26.0,26.25,27.0,26.0,26.0,26.25,26.25,26.0,25.75,26.5
86.0
26.25,27.0,27.0,27.75,27.25,26.5,27.25,26.0,26.75,27.0,27.5,29.25,27.75,26.5,26.5,26.5,26.75,27.0,28.25,28.75,27.0,26.5,26.5,26.0,26.75,27.0,27.25,27.0,26.25,26.5,26.75,26.75,26.75,26.5,26.5,26.0,26.5,26.75,26.5,26.25,26.75,26.5,26.75,26.75,26.5,26.25,26.25,26.0,26.5,26.5,26.25,26.25,26.5,26.5,25.75,26.25,26.5,26.0,26.25,26.75,26.0,25.5,26.0,26.0
87.0
26.5,27.0,26.75,27.5,27.0,26.25,27.0,26.5,26.75,27.25,27.5,29.5,28.25,26.75,26.5,26.5,27.0,27.0,28.75,29.0,27.25,26.75,26.25,26.25,26.5,26.75,27.25,26.75,26.5,26.0,26.0,26.25,27.25,26.5,26.75,26.0,26.75,26.75,26.5,26.5,27.25,26.5,26.5,26.25,26.25,26.25,26.25,26.25,27.0,26.75,26.5,26.0,26.5,26.5,25.75,26.0,26.5,26.0,26.0,26.0,26.25,26.0,25.25,26.25
88.0
26.25,26.5,26.75,27.0,27.25,26.25,27.25,27.25,26.5,27.25,27.75,29.0,28.0,26.25,26.25,26.25,27.0,27.0,28.5,28.75,27.0,26.5,26.75,26.0,26.25,26.5,27.0,26.5,26.25,26.0,26.0,26.25,27.0,26.5,26.25,26.0,26.25,26.25,26.75,26.25,26.75,26.75,26.5,26.5,25.5,26.25,26.0,25.75,26.25,26.75,26.0,26.25,26.25,26.25,25.5,25.75,26.0,26.0,26.0,26.25,25.5,25.75,26.0,26.25
89.0
26.25,26.25,26.75,27.5,27.25,26.5,27.25,27.0,27.0,26.75,27.75,29.25,28.25,26.25,26.5,26.5,27.0,26.75,28.5,28.5,27.0,26.75,26.25,26.0,26.5,27.0,27.25,26.75,26.25,26.25,26.0,26.5,26.5,26.5,26.0,26.25,26.5,26.5,26.5,26.75,26.5,26.5,26.75,26.75,26.25,26.5,26.25,25.75,26.5,26.75,26.0,26.25,26.5,26.0,26.0,25.25,26.25,26.25,26.25,26.0,26.25,25.75,25.75,26.0
90.0
26.75,26.75,27.0,27.5,27.0,26.5,27.25,27.0,27.0,26.5,27.75,29.0,28.0,26.5,26.75,26.5,27.0,27.5,29.0,28.5,27.25,26.5,26.25,26.5,26.25,27.0,27.25,27.0,26.25,25.75,26.0,26.75,26.5,26.0,25.5,26.5,26.25,26.5,26.5,26.0,26.75,26.75,26.75,26.5,26.25,26.25,26.0,25.75,26.75,26.75,26.75,26.5,26.25,26.5,25.75,26.25,26.0,26.0,26.25,26.25,25.75,25.5,25.5,26.25
