1.0
26.25,26.75,26.25,26.0,27.0,26.5,27.75,27.25,26.5,26.75,26.5,26.75,26.75,26.5,26.25,26.5,26.5,26.5,28.25,28.5,27.25,26.25,26.5,26.75,26.0,27.0,28.5,28.5,26.75,26.0,26.5,26.25,26.75,26.25,26.75,26.5,26.25,26.75,26.5,26.5,26.75,26.5,26.25,26.5,26.0,25.75,26.0,25.75,26.75,26.75,26.25,26.25,26.5,26.75,26.0,25.75,26.5,26.5,26.0,26.25,26.0,25.75,26.0,26.5
2.0
26.0,26.5,26.25,26.0,26.25,26.5,27.75,27.25,26.75,27.0,26.75,27.25,27.0,26.25,26.25,26.5,27.0,27.0,28.5,28.0,27.5,26.25,26.75,26.0,26.75,27.5,28.75,28.75,27.0,26.0,26.0,26.5,26.5,26.25,26.75,26.75,26.5,26.5,26.25,26.5,26.5,26.5,26.75,26.5,26.5,26.5,26.25,26.0,26.75,26.25,26.5,26.25,26.75,26.5,26.0,25.75,26.75,27.0,26.5,26.5,26.25,26.0,26.0,26.25
3.0
26.25,26.75,26.5,26.0,26.5,26.75,27.75,26.75,26.75,27.0,26.75,27.0,27.0,26.5,26.75,26.5,26.75,26.75,28.5,28.5,26.5,26.75,26.75,26.5,26.75,27.0,28.5,29.0,27.0,26.25,26.5,26.75,27.25,26.5,26.75,26.75,26.75,26.25,26.5,26.75,27.0,26.5,26.75,26.5,26.5,26.25,26.5,25.75,26.75,26.5,26.5,25.75,26.0,26.25,25.75,25.75,26.5,26.25,26.75,26.25,26.25,26.0,25.5,26.0
4.0
26.0,26.5,26.25,26.0,26.75,26.25,27.5,27.0,26.75,27.0,26.5,27.0,27.0,26.5,26.25,26.5,27.0,26.75,28.75,28.25,27.0,26.5,26.5,26.0,26.25,26.75,28.5,28.5,27.0,26.25,26.25,26.75,27.25,26.75,26.5,26.75,26.5,26.5,26.75,27.0,26.5,26.5,26.5,27.0,26.25,26.5,26.0,26.0,26.75,26.75,26.5,26.5,26.75,26.25,26.25,26.5,26.25,26.5,25.75,26.25,25.75,25.75,26.0,26.0
5.0
26.25,26.75,26.5,26.0,26.5,26.25,27.5,27.25,26.5,26.75,26.75,27.5,26.75,26.5,26.75,25.75,27.25,26.5,28.75,28.25,27.0,26.75,26.5,26.25,26.5,27.5,28.5,28.75,27.25,26.25,26.25,26.75,27.0,26.25,26.5,26.5,26.75,26.5,26.25,26.75,26.5,27.0,26.5,26.5,26.25,26.25,26.0,25.75,26.5,26.5,26.0,26.25,26.5,26.75,26.0,26.0,26.75,26.75,26.25,26.5,26.0,26.25,26.25,26.5
6.0
26.25,26.25,26.5,25.75,26.25,26.25,28.0,27.5,26.5,26.75,26.75,27.5,26.5,26.25,26.5,26.25,27.0,26.5,28.25,28.75,26.75,26.5,26.25,26.75,26.5,27.0,28.75,28.5,26.75,26.25,26.5,26.75,26.75,26.5,26.5,26.5,26.25,26.75,26.25,27.0,27.0,26.5,27.0,26.5,26.0,26.25,26.0,25.75,26.5,26.25,26.75,26.0,26.25,26.25,25.75,26.0,26.5,26.0,26.5,26.25,26.0,26.25,25.75,26.5
7.0
26.25,26.75,26.5,26.25,26.5,26.0,27.25,27.0,26.5,27.0,26.5,27.75,27.0,26.25,26.5,26.5,26.5,26.5,28.25,28.5,27.0,26.75,26.5,26.0,26.25,27.25,28.5,28.75,26.75,26.25,26.25,26.5,26.75,26.75,26.25,26.5,26.5,26.5,26.75,26.5,26.25,26.75,26.75,26.5,26.25,26.25,25.75,26.0,26.5,26.5,26.0,26.25,26.25,26.25,26.0,25.75,26.5,26.5,26.5,25.75,25.5,25.75,26.0,26.0
8.0
26.0,26.75,26.5,26.25,27.0,26.5,28.0,27.25,26.75,26.75,26.75,27.5,27.0,26.0,26.75,26.75,27.0,26.75,28.75,28.5,27.0,26.5,26.75,26.0,26.5,27.25,28.5,29.0,27.25,26.5,26.25,26.75,27.0,26.25,26.25,26.75,26.25,26.75,26.5,26.75,26.75,26.75,26.75,26.5,26.25,27.0,26.25,26.0,26.25,26.75,26.75,26.5,26.25,26.5,26.25,26.25,26.0,26.25,26.5,25.75,26.0,26.0,25.5,25.5
9.0
26.5,26.5,26.75,26.0,26.5,26.25,27.5,27.0,26.5,27.0,27.0,27.25,26.5,26.25,26.25,27.0,27.25,26.75,28.25,28.5,27.25,27.0,26.5,26.25,26.5,27.25,28.5,28.75,27.25,26.5,26.75,26.25,26.75,26.5,27.0,26.75,26.5,26.75,26.5,26.75,26.75,26.5,26.75,26.75,26.25,26.5,26.25,25.75,26.75,26.75,26.5,26.0,26.5,26.5,26.25,26.25,26.5,26.25,26.0,26.25,26.0,25.75,26.0,26.5
10.0
26.5,26.75,26.25,26.0,26.5,26.0,27.75,27.25,26.0,26.5,26.5,27.5,27.25,26.5,26.25,26.75,26.75,26.75,28.5,28.5,27.0,26.5,26.75,26.0,26.5,27.0,28.75,28.5,27.0,26.0,26.5,26.25,26.5,26.75,26.5,26.5,26.25,26.25,26.25,26.5,27.0,26.5,27.0,26.75,26.25,26.5,26.25,26.25,26.75,26.75,26.5,26.5,26.25,26.75,26.25,26.0,26.5,26.25,26.25,26.75,26.0,26.0,25.75,26.5
11.0
26.5,27.0,26.5,26.25,26.5,26.5,27.75,27.5,26.75,26.75,27.0,27.5,27.25,26.75,26.25,26.0,27.0,26.25,28.5,28.5,27.0,27.0,26.75,26.5,26.5,27.25,29.0,28.5,26.75,26.25,26.0,26.5,26.5,26.5,26.5,26.75,26.5,26.75,26.5,26.5,26.5,26.75,26.75,26.75,26.0,26.5,26.25,26.25,26.5,26.5,26.75,26.25,26.5,26.25,26.0,26.0,26.25,26.75,26.0,26.5,25.75,25.75,26.0,26.25
12.0
26.25,26.75,26.75,26.5,26.5,26.25,27.75,27.25,26.5,27.0,27.0,27.25,27.25,26.5,26.5,26.25,26.5,26.75,28.25,28.75,27.0,26.75,26.5,26.0,26.25,27.0,28.75,29.0,27.25,26.25,26.75,26.25,27.0,26.5,26.75,26.5,26.75,26.75,26.5,27.0,27.25,26.75,26.75,26.75,26.25,26.25,26.25,26.0,26.5,26.5,26.25,26.75,26.25,26.25,25.75,25.75,26.5,26.25,26.25,27.0,26.25,26.25,26.0,26.25
13.0
26.75,26.75,26.5,26.25,26.75,26.75,27.5,27.25,26.5,26.25,26.5,27.25,26.75,26.25,26.25,26.5,26.5,27.25,28.5,28.25,26.75,26.75,26.75,26.5,26.5,27.0,28.5,28.75,27.5,26.0,26.0,26.75,27.0,26.25,26.25,26.25,26.75,26.25,26.5,26.5,26.75,26.75,27.0,26.75,25.75,26.5,26.25,26.0,26.5,26.25,26.5,26.0,26.25,26.0,26.0,26.25,26.25,26.25,26.25,26.25,26.0,25.5,25.75,26.0
14.0
26.5,26.5,26.5,26.0,26.5,26.25,27.5,27.5,26.5,26.5,26.5,27.0,27.25,26.5,26.5,26.5,27.0,26.5,28.5,28.5,27.25,26.75,26.0,26.75,26.25,26.75,28.5,29.0,27.25,26.0,26.5,26.5,26.75,26.5,26.75,26.75,26.5,26.75,26.5,26.5,27.0,26.75,26.75,26.75,26.25,26.25,26.25,25.75,26.75,26.5,26.0,26.0,27.0,26.5,26.25,25.75,26.25,25.75,26.5,26.5,26.25,26.0,25.75,26.75
15.0
26.25,26.5,26.0,26.25,27.0,26.5,28.25,27.0,26.5,26.75,27.0,27.5,27.0,26.0,26.25,26.75,26.75,26.75,28.5,28.75,27.0,26.5,26.75,26.25,26.5,27.0,28.75,28.5,27.25,26.25,26.5,26.5,26.5,26.5,26.5,26.5,26.5,27.25,26.25,26.5,27.0,26.5,26.75,26.75,26.5,26.25,26.0,26.25,26.75,26.75,26.0,26.0,26.5,26.75,26.0,26.25,26.5,26.25,26.25,26.5,26.25,25.75,26.25,26.25
16.0
26.5,26.75,26.75,26.0,26.75,26.25,27.75,27.25,26.5,27.25,26.5,27.75,27.0,26.5,26.0,26.25,27.0,26.5,28.75,28.5,27.0,26.75,26.5,26.0,26.5,26.75,28.25,28.75,27.0,26.25,26.75,26.5,27.25,26.75,26.75,26.75,26.75,26.75,26.25,26.75,26.75,27.0,27.0,26.5,26.25,26.5,26.25,25.75,26.75,26.75,26.75,26.75,26.75,26.25,26.25,26.25,26.0,26.5,25.75,26.0,26.0,26.0,25.75,26.5
17.0
26.25,27.0,26.5,26.25,26.75,26.5,27.5,27.25,26.75,27.0,26.75,27.5,27.0,26.5,26.5,26.75,27.0,26.75,28.5,28.75,26.75,26.75,26.25,26.25,26.0,27.0,28.5,29.0,26.75,26.5,26.25,26.5,27.0,26.5,26.5,26.5,27.0,26.5,26.25,26.5,26.75,26.25,27.25,26.75,26.25,27.0,26.0,25.75,26.5,26.5,26.25,26.25,26.25,26.25,25.75,25.75,26.25,26.0,26.5,26.5,26.25,26.0,26.0,26.75
18.0
26.25,26.5,26.5,26.25,26.75,26.5,27.75,27.25,26.5,26.75,26.5,27.25,26.75,26.0,26.5,26.75,27.25,26.75,28.25,28.75,26.75,26.5,26.5,26.5,26.5,27.0,28.75,28.75,26.75,26.25,26.0,26.75,27.0,26.25,26.5,27.0,26.75,27.0,26.5,26.25,27.0,26.5,26.25,26.75,26.25,26.5,26.0,26.25,26.5,27.0,26.25,25.75,26.25,26.25,26.25,26.5,26.75,26.0,26.25,26.5,25.75,25.75,25.75,26.25
19.0
26.5,27.25,26.25,26.25,26.75,26.25,27.75,27.25,26.5,26.75,26.75,28.0,27.0,26.75,26.75,26.5,27.0,27.0,28.75,28.5,27.0,26.5,26.5,26.5,26.75,26.75,28.5,28.75,27.0,26.25,26.5,26.5,26.75,26.5,26.5,26.75,26.5,26.25,26.25,26.25,26.75,26.25,27.0,26.5,26.5,26.0,26.0,26.0,26.5,26.5,26.5,26.25,26.5,26.5,26.0,26.0,27.0,26.0,26.5,26.75,26.25,25.75,25.75,26.25
20.0
26.0,26.5,26.5,26.5,26.5,26.75,27.5,27.0,26.75,26.75,27.0,27.75,27.25,26.5,26.25,26.75,26.75,26.75,28.5,28.5,26.75,26.75,26.25,26.25,26.5,27.25,28.5,28.25,26.75,26.25,26.0,26.25,26.5,26.5,26.5,26.75,26.75,26.5,26.25,26.75,27.0,27.0,27.0,26.75,26.5,26.5,26.5,26.5,26.25,26.75,26.5,26.25,26.75,26.25,26.0,26.0,26.75,26.25,26.0,26.5,26.25,26.0,26.0,26.5
21.0
26.75,26.75,26.5,26.5,26.75,26.5,28.25,27.75,26.25,26.5,26.75,27.75,26.75,26.25,26.5,26.75,26.5,27.25,28.25,28.5,26.75,26.5,26.25,26.25,26.75,27.25,28.75,28.75,27.25,26.5,26.5,26.25,27.0,26.75,26.75,26.25,26.5,26.5,26.5,27.0,27.0,26.5,26.75,26.25,26.0,26.25,26.5,26.0,26.75,26.75,26.5,26.0,26.25,26.5,25.75,26.25,26.5,26.0,26.5,26.75,26.25,25.75,26.0,26.5
22.0
26.5,26.75,26.5,26.5,26.75,26.0,27.75,27.5,26.75,26.75,26.75,27.25,27.0,26.5,27.0,26.5,27.0,26.75,28.5,28.75,26.5,26.75,26.75,26.25,26.25,27.0,28.5,28.75,27.0,26.25,26.5,26.5,26.75,26.5,27.0,27.0,26.5,26.5,26.25,26.75,27.0,26.5,26.75,26.75,26.25,26.5,26.75,26.25,26.5,26.5,26.5,26.25,26.5,26.5,25.75,26.5,26.25,26.25,26.25,26.25,26.0,25.75,25.75,26.25
23.0
26.5,27.0,26.25,26.25,26.5,26.5,27.5,27.0,27.5,26.5,27.0,27.75,27.0,26.5,26.0,26.25,27.0,27.0,28.75,28.5,27.0,26.75,26.75,26.0,26.25,27.0,29.0,28.75,27.25,26.5,26.75,26.75,26.75,26.5,27.0,27.0,26.75,26.75,26.25,27.25,26.75,26.75,27.25,26.75,26.75,26.75,26.25,26.25,27.0,26.5,26.25,26.5,26.5,26.25,26.0,26.5,26.75,26.5,26.5,26.25,26.25,26.0,25.75,26.25
24.0
26.5,26.5,26.5,26.5,26.75,26.5,27.5,27.25,26.5,27.5,26.75,27.25,27.0,26.5,26.5,26.25,27.0,27.0,28.5,28.75,26.75,27.0,26.5,26.5,26.75,27.0,28.5,28.5,26.5,26.25,26.25,26.25,27.25,26.75,26.5,26.5,26.75,26.25,26.75,27.0,26.25,26.5,26.75,26.75,26.5,26.25,26.5,26.25,26.5,26.5,26.25,26.75,26.25,26.5,26.0,25.75,26.5,25.75,26.25,26.0,26.25,26.0,26.0,26.75
25.0
26.25,26.5,26.5,26.25,26.75,26.5,27.75,28.0,26.5,26.75,27.0,27.75,27.25,26.75,26.5,26.75,27.25,26.75,28.5,28.5,26.75,27.0,26.5,26.5,26.75,27.5,28.75,28.75,27.25,26.5,26.5,26.25,27.0,26.5,26.5,26.5,26.5,26.75,26.75,26.75,27.0,26.5,27.0,26.5,26.5,26.75,26.25,25.75,26.5,26.75,26.75,26.5,26.75,26.5,26.0,26.25,26.0,26.5,26.5,26.75,26.25,25.75,26.0,26.5
26.0
26.0,26.75,26.25,26.0,27.0,26.25,27.5,27.25,26.25,27.0,27.0,27.75,27.0,26.75,26.5,26.75,27.0,26.75,28.5,28.5,27.0,26.75,26.25,26.75,26.75,27.0,28.75,28.75,27.5,26.25,26.75,26.75,27.25,26.75,26.75,26.75,26.5,26.75,26.5,26.75,27.25,26.5,27.0,26.75,26.5,26.75,26.0,26.25,26.5,26.5,26.5,26.5,26.5,26.75,26.0,26.5,26.5,26.75,26.5,26.25,26.5,26.0,26.0,26.25
27.0
26.25,27.25,26.5,26.0,27.0,26.25,27.75,27.25,26.5,27.0,27.0,27.75,26.75,26.5,26.5,26.75,27.5,27.0,28.75,28.5,27.0,26.75,27.0,26.5,26.25,27.0,28.75,28.75,27.25,26.5,26.5,26.75,26.75,26.75,27.0,26.75,26.5,26.5,26.25,26.75,27.25,26.75,27.0,26.5,26.0,26.5,26.25,26.25,26.25,26.5,26.75,26.25,26.25,26.0,26.0,26.25,26.5,26.5,26.75,26.5,26.5,26.25,26.0,26.25
28.0
26.5,26.75,26.5,26.0,26.5,26.75,27.5,27.5,26.75,27.0,26.75,27.75,27.0,26.25,26.5,27.0,27.0,27.0,28.5,28.75,27.25,27.0,26.75,26.25,27.0,27.0,28.5,28.75,27.0,26.75,26.25,26.75,27.25,26.75,26.5,26.5,26.75,26.5,26.25,27.0,26.75,26.5,26.75,26.5,26.75,26.5,26.25,26.0,27.0,26.75,26.25,26.25,26.25,26.25,26.0,26.25,26.5,26.5,26.75,26.75,26.25,26.25,26.25,25.75
29.0
26.5,26.75,26.5,26.0,26.5,26.75,27.5,27.5,26.75,27.0,26.75,27.75,27.0,26.25,26.5,27.0,27.0,27.0,28.5,28.75,27.25,27.0,26.75,26.25,27.0,27.0,28.5,28.75,27.0,26.75,26.25,26.75,27.25,26.75,26.5,26.5,26.75,26.5,26.25,27.0,26.75,26.5,26.75,26.5,26.75,26.5,26.25,26.0,27.0,26.75,26.25,26.25,26.25,26.25,26.0,26.25,26.5,26.5,26.75,26.75,26.25,26.25,26.25,25.75
30.0
27.0,27.0,27.25,26.0,26.5,27.0,28.0,26.75,26.75,26.75,27.0,27.5,27.5,26.5,26.5,26.5,27.25,26.75,28.75,28.5,27.0,26.5,26.5,26.25,27.0,27.0,28.75,28.5,27.0,26.25,26.5,26.5,26.5,26.75,26.75,26.75,26.5,26.75,26.25,27.0,26.0,26.75,26.75,26.75,26.5,26.5,26.5,26.0,26.75,26.75,26.25,26.25,26.5,26.75,26.0,26.5,26.25,26.0,26.5,26.25,26.0,25.75,25.75,26.5
31.0
26.0,27.0,27.0,26.0,26.5,26.75,27.5,27.5,26.5,27.25,27.25,27.5,27.0,26.25,26.5,27.0,27.0,27.0,28.5,28.75,27.0,27.0,26.5,26.25,26.25,27.0,28.75,28.75,27.0,26.5,26.25,27.0,26.75,26.5,27.25,26.75,27.0,26.75,26.75,27.0,27.0,26.75,27.0,27.0,26.25,26.25,26.5,26.25,26.75,27.0,26.5,26.25,26.5,26.75,26.0,26.25,26.25,25.75,26.25,26.5,26.0,26.0,26.25,25.5
32.0
26.5,26.75,26.5,26.0,27.25,26.75,27.75,27.25,26.5,27.0,26.75,27.5,27.0,26.25,26.75,26.0,27.0,27.25,28.5,28.75,27.0,26.75,26.75,26.5,26.75,27.25,28.75,28.75,27.0,26.5,26.5,26.5,27.0,26.5,27.25,26.75,26.75,27.0,26.75,27.0,26.5,26.5,26.75,27.0,26.25,26.5,26.25,26.0,26.5,26.75,26.5,26.25,26.75,26.5,26.25,26.25,26.5,26.25,26.5,26.0,26.25,25.75,26.0,26.0
33.0
26.25,26.75,26.75,26.25,27.0,26.5,28.0,27.25,26.75,26.5,27.0,27.75,26.75,26.0,26.5,26.5,27.25,27.25,29.0,28.75,27.5,26.5,26.25,26.75,26.75,27.25,28.5,29.0,26.5,26.75,26.5,26.5,26.75,26.5,26.5,26.5,26.5,27.0,26.5,26.5,27.0,26.5,26.75,26.75,26.75,26.5,26.25,26.25,26.0,26.75,26.5,25.75,26.25,26.5,26.0,26.25,26.5,26.5,27.0,26.75,26.5,26.5,26.5,26.5
34.0
26.5,27.0,26.75,26.75,27.25,26.5,27.25,27.5,26.75,26.75,27.0,27.75,27.0,26.25,26.75,26.75,27.0,27.0,28.5,28.5,27.25,26.75,26.5,26.25,26.75,27.25,29.0,29.0,27.0,26.5,26.5,26.5,27.0,26.5,27.0,27.0,26.5,26.75,26.75,26.75,27.0,26.75,27.0,26.75,26.75,26.75,26.25,26.0,26.75,26.25,26.5,25.75,26.5,26.75,26.25,26.5,26.25,26.75,26.5,27.0,26.5,26.0,26.25,26.5
35.0
26.5,26.75,26.75,26.75,27.0,26.5,28.0,27.25,27.0,27.25,26.75,28.0,27.25,26.5,26.5,26.5,27.25,27.0,28.75,28.75,27.25,26.75,26.5,26.5,27.0,27.0,28.5,28.75,27.25,26.5,26.75,26.75,27.25,26.5,26.75,27.0,27.0,27.25,26.75,26.75,27.0,26.5,27.0,26.75,26.5,26.75,26.25,26.5,26.5,27.25,26.75,26.0,26.5,26.5,25.5,26.25,26.75,26.0,27.25,26.5,26.25,26.25,26.0,26.25
36.0
26.5,26.5,27.0,26.25,27.0,26.75,27.5,27.0,26.75,26.75,27.25,27.75,27.25,26.5,26.5,26.5,27.0,27.0,28.75,28.5,26.75,26.25,26.75,26.75,27.0,27.0,29.0,28.75,27.25,26.75,26.25,26.75,27.0,26.75,26.75,27.0,26.75,26.75,26.25,27.0,27.0,27.25,27.0,27.0,26.5,26.5,26.5,26.0,26.25,26.75,26.5,26.0,26.5,26.0,26.25,26.25,25.75,26.75,26.25,26.25,26.0,25.5,26.0,26.0
37.0
26.75,27.0,27.0,26.5,26.75,26.75,27.75,27.25,26.75,27.0,26.75,27.5,27.5,26.75,26.75,26.5,27.0,27.5,28.75,28.5,27.0,27.0,26.5,26.75,27.0,27.25,28.75,28.5,27.5,26.75,26.75,27.0,26.75,26.75,26.75,26.75,26.75,26.5,26.75,26.5,27.0,26.75,26.5,27.0,26.25,26.5,26.25,26.25,26.5,27.0,26.0,26.25,26.5,26.5,26.5,26.25,26.25,26.0,26.0,26.5,26.25,26.0,26.0,26.5
38.0
27.0,27.25,26.25,26.75,27.0,27.25,27.75,27.25,27.0,27.0,27.25,28.25,27.25,27.0,26.75,27.0,27.25,26.75,29.0,29.0,27.5,26.5,27.0,26.5,27.0,27.5,29.0,28.75,27.5,26.75,27.0,26.75,27.25,27.0,26.5,26.75,26.75,26.75,26.75,26.75,26.75,27.0,27.0,26.75,26.25,26.75,26.5,26.25,27.25,27.0,26.75,26.5,26.75,26.75,26.5,25.75,26.5,26.5,26.75,26.5,26.5,26.0,26.5,26.5
39.0
26.5,27.0,26.75,26.5,27.0,26.75,28.25,27.5,26.75,27.0,27.25,27.75,27.5,26.5,26.75,26.25,27.0,26.75,29.0,28.75,27.25,26.25,26.5,26.5,26.75,27.5,28.5,29.0,27.25,26.5,26.75,26.75,27.0,26.75,26.5,26.5,26.75,26.5,27.0,26.5,27.0,27.0,26.75,26.75,26.75,26.75,26.5,26.0,26.75,26.75,26.5,26.5,26.5,26.75,26.0,26.0,26.5,27.0,26.75,26.25,26.25,26.0,26.25,26.5
40.0
26.5,27.0,26.75,26.25,26.75,26.75,28.0,27.75,26.75,26.5,27.25,27.75,27.5,26.75,26.75,26.5,27.0,27.0,28.75,28.75,26.75,27.0,26.5,26.5,26.75,27.25,28.5,28.75,27.25,26.25,26.75,26.25,27.25,27.0,26.75,26.75,26.75,26.5,27.0,27.0,27.0,26.5,26.75,27.0,26.25,26.25,26.75,26.0,26.25,26.75,26.25,26.25,26.75,26.25,26.25,26.5,26.25,26.5,26.25,26.0,26.5,26.25,26.25,25.75
41.0
26.25,26.75,26.5,26.25,27.0,26.75,27.5,27.0,26.75,27.0,26.75,27.5,27.25,26.5,26.75,26.75,27.25,27.0,28.5,28.75,27.25,26.5,26.25,26.25,26.75,27.0,29.0,29.0,27.0,26.75,26.5,26.5,26.75,26.5,27.0,26.5,27.0,26.75,26.75,26.5,27.25,26.5,27.0,26.75,26.75,26.5,26.0,26.0,26.75,26.5,26.25,26.5,26.5,26.5,26.0,26.25,26.25,26.5,26.5,26.5,26.75,26.0,25.75,26.0
42.0
26.25,26.75,26.5,26.0,27.0,27.0,27.75,27.25,26.75,26.75,27.0,27.75,27.0,27.0,26.75,26.25,27.0,27.25,29.0,28.75,27.5,26.75,26.75,26.5,26.75,27.25,28.75,28.75,27.0,26.75,26.5,26.75,26.75,27.0,26.75,27.0,27.0,27.25,26.5,26.75,26.75,26.5,26.75,26.75,26.5,26.5,25.75,26.25,26.75,26.5,26.5,26.25,26.75,26.5,26.0,26.0,26.0,26.0,26.0,26.25,26.25,26.0,26.25,26.0
43.0
26.25,26.5,26.5,26.0,26.75,26.5,27.75,27.25,26.5,27.25,26.75,27.75,27.0,26.25,26.75,26.5,26.5,27.0,28.5,28.5,27.0,26.5,26.5,26.25,26.75,27.25,28.75,29.0,27.0,26.25,26.25,26.75,26.75,26.0,27.0,26.0,26.5,26.75,26.0,26.5,26.5,26.75,26.75,26.75,26.25,26.75,26.0,26.0,26.5,26.75,26.5,27.0,26.5,26.25,26.0,26.5,25.75,26.5,25.75,26.0,26.0,25.75,25.75,26.25
44.0
26.25,27.25,26.5,26.25,27.0,26.75,27.5,27.0,26.5,27.0,27.0,27.75,27.25,26.5,26.5,26.25,26.75,26.75,28.5,28.75,27.0,27.0,26.5,26.75,27.0,27.0,28.75,29.0,27.0,26.75,26.5,26.5,27.25,26.5,27.0,26.5,26.75,26.75,26.75,26.75,26.75,26.5,27.5,27.0,26.25,26.75,26.5,26.5,26.5,26.75,26.5,26.5,26.25,26.5,25.75,26.0,26.5,26.5,26.5,26.25,26.25,25.5,26.0,26.0
45.0
26.0,26.75,26.75,26.75,27.0,26.5,28.25,27.5,26.75,27.0,26.75,27.75,27.0,26.75,26.25,26.75,26.75,27.0,29.0,29.0,26.75,26.5,26.5,26.25,26.75,27.25,28.75,28.75,27.0,26.5,26.5,27.0,27.25,26.5,26.75,26.75,26.5,26.75,26.75,27.0,26.5,26.5,27.0,26.75,26.25,26.5,26.25,25.75,26.5,26.5,26.5,26.25,26.25,26.25,26.25,26.25,26.25,26.25,26.0,26.75,26.0,26.25,26.25,26.25
46.0
26.5,26.5,26.25,26.25,27.0,26.5,27.75,27.25,26.75,27.0,27.0,27.75,27.0,26.5,26.5,26.5,27.0,26.5,29.25,29.0,27.0,26.75,26.5,26.5,27.0,27.0,28.75,28.5,27.5,26.25,26.5,26.5,27.25,26.75,27.0,26.5,27.0,27.0,26.75,26.75,27.0,26.5,26.75,26.75,26.0,27.0,26.25,26.0,26.75,26.75,26.25,26.5,26.75,26.25,26.0,26.25,26.5,26.5,26.75,26.5,26.25,26.0,26.25,26.0
47.0
26.25,27.25,26.75,26.5,26.5,26.5,28.0,27.5,26.75,27.0,26.75,27.75,27.0,26.5,26.75,26.5,26.75,26.75,28.75,28.75,27.0,26.5,26.75,26.25,26.25,27.25,28.25,28.75,27.25,26.0,26.25,26.5,27.0,26.5,26.75,26.75,26.75,26.5,26.5,26.0,27.25,26.25,27.25,27.0,26.5,26.25,26.25,25.75,26.5,26.75,26.0,26.25,26.5,26.25,26.0,25.75,26.75,26.25,26.25,26.5,26.25,26.0,26.0,26.5
48.0
26.5,27.0,26.5,26.5,26.5,26.75,27.5,27.0,26.25,26.75,26.75,27.75,27.0,26.5,26.5,26.5,26.25,27.0,28.75,28.75,26.75,26.5,26.25,26.25,26.5,27.25,28.75,28.5,27.25,26.25,26.25,26.25,27.0,26.75,26.5,26.75,26.5,26.75,26.5,26.75,26.5,27.0,26.75,26.75,26.5,26.75,26.0,26.0,26.5,26.5,26.25,26.25,26.5,26.5,26.25,25.5,26.5,26.0,26.25,26.25,26.25,25.75,26.0,26.75
49.0
26.5,27.25,26.75,26.5,27.0,26.75,27.5,27.25,26.75,26.75,27.0,28.0,27.0,26.25,26.75,26.75,27.25,27.0,28.75,28.75,27.25,27.0,26.5,26.5,26.75,27.0,28.5,29.0,27.25,26.5,26.75,26.75,27.25,26.75,26.75,26.75,26.75,26.75,26.5,26.75,27.0,27.25,27.25,26.75,26.25,26.25,26.75,26.25,26.25,26.5,26.25,26.25,26.5,26.5,26.0,26.0,26.5,26.25,25.75,26.25,26.0,26.25,26.0,26.25
50.0
26.75,27.25,26.5,26.25,26.75,26.5,28.0,27.25,26.5,27.0,27.0,27.75,27.0,26.5,26.75,27.0,27.5,27.25,28.5,28.25,27.5,26.75,26.75,26.25,26.75,26.75,28.75,29.0,27.0,26.5,26.5,26.0,27.0,26.5,26.5,26.5,26.75,26.75,26.5,26.5,26.75,26.5,27.0,26.75,26.5,26.5,26.25,26.0,26.5,26.5,26.5,26.5,26.5,26.5,26.25,26.0,26.75,26.25,25.75,26.25,26.5,25.5,26.5,26.25
51.0
26.25,26.5,26.5,26.5,26.5,26.25,27.5,27.0,26.75,27.0,26.75,27.75,27.0,26.25,26.5,27.0,26.75,26.75,29.0,28.75,27.0,26.5,26.25,26.0,27.0,27.25,28.5,28.5,27.25,26.25,26.5,26.5,27.25,26.75,27.0,26.5,27.0,26.5,26.5,26.75,27.25,26.75,26.5,26.75,26.5,26.5,26.0,25.75,26.75,27.25,26.5,26.5,26.5,26.5,26.25,26.25,26.75,26.5,26.75,26.5,26.0,26.25,26.0,26.75
52.0
26.0,27.0,27.0,26.75,26.75,26.25,27.5,27.5,26.25,27.0,27.0,28.0,27.5,26.25,26.75,26.0,27.0,27.0,28.75,28.5,26.75,26.75,26.25,26.25,26.75,27.0,29.0,28.5,27.0,26.5,26.75,26.5,26.5,26.5,26.5,26.75,26.5,26.75,26.75,27.25,26.75,26.75,27.0,26.75,26.25,26.75,26.5,26.0,26.25,27.0,26.5,26.5,26.25,26.5,26.0,25.75,26.25,26.5,26.75,26.5,26.0,26.5,25.75,26.25
53.0
26.75,26.75,27.25,26.0,26.75,26.25,28.0,27.5,27.0,27.0,26.5,28.0,27.0,26.25,26.75,27.0,27.25,26.75,28.75,29.0,27.0,26.75,26.75,26.25,26.25,27.25,28.75,28.75,27.0,26.5,26.25,26.75,27.0,26.5,26.5,26.5,27.0,26.25,26.25,26.25,26.75,26.5,27.0,26.5,26.25,26.75,26.25,26.0,26.25,26.75,26.75,26.25,26.5,26.0,25.75,25.75,26.5,26.0,26.5,26.75,26.25,25.75,25.75,26.0
54.0
26.25,26.5,26.0,26.25,26.75,26.5,27.5,27.25,27.25,26.5,26.75,27.75,27.0,26.5,26.5,26.75,26.5,26.75,28.5,28.5,27.0,26.75,26.25,26.25,26.75,27.0,28.5,28.5,27.0,26.25,26.25,26.5,27.0,26.75,27.0,27.0,26.75,26.75,26.25,27.0,27.0,27.0,26.75,26.5,26.25,26.5,26.5,25.75,26.25,26.75,26.5,26.5,26.5,26.5,25.75,26.0,26.75,26.0,26.25,26.5,26.25,26.0,26.5,26.0
55.0
26.5,26.75,26.5,26.5,26.25,26.75,27.75,27.5,26.5,26.75,27.0,27.75,27.0,26.5,26.75,26.5,27.0,26.75,28.5,28.5,27.0,26.5,26.5,26.0,26.25,27.25,28.5,28.5,26.5,26.25,26.5,26.25,26.75,26.0,26.75,26.75,26.5,26.75,26.25,26.75,26.75,26.5,26.5,26.75,26.0,26.25,26.5,26.5,26.75,26.75,26.5,26.25,26.25,26.25,25.75,25.5,26.25,26.25,26.5,26.5,26.5,26.0,26.25,26.25
56.0
26.0,26.5,26.5,26.0,26.75,26.25,28.25,27.5,27.0,27.0,27.0,28.0,26.75,26.75,26.5,26.75,26.75,27.0,28.5,28.75,27.25,27.0,26.25,26.5,26.5,27.0,28.5,28.75,26.75,26.5,26.25,26.25,26.5,26.25,26.75,26.5,26.5,26.5,26.75,26.75,27.25,26.25,26.75,26.75,26.25,26.5,26.25,26.0,27.0,26.75,26.0,26.25,26.0,26.5,26.0,26.0,25.75,26.5,26.0,26.0,26.25,25.75,26.5,26.75
57.0
26.25,26.75,26.5,26.0,26.5,26.25,28.0,26.75,26.5,26.75,27.25,27.75,27.0,26.25,26.25,26.5,26.5,26.5,28.75,28.75,26.75,26.75,26.5,26.25,27.0,27.25,28.25,28.75,27.25,26.5,26.75,26.5,27.0,26.5,26.75,26.75,27.0,26.75,26.25,26.75,26.25,26.25,26.75,26.75,26.25,26.5,26.75,26.5,26.5,26.5,26.75,26.25,26.75,26.5,26.25,26.0,26.75,26.5,26.5,26.5,26.0,25.75,26.25,26.5
58.0
26.0,27.0,27.0,26.5,26.75,27.25,27.5,27.25,26.75,26.75,26.75,27.5,27.25,26.0,26.5,26.25,26.75,27.0,28.75,28.75,27.0,26.75,26.5,26.25,26.75,27.25,28.5,29.0,27.0,26.25,26.25,26.75,27.0,26.5,26.75,26.75,26.75,26.5,26.75,26.25,26.75,26.75,26.75,26.75,26.25,26.5,26.0,25.75,26.5,27.0,26.5,26.0,26.5,26.25,26.0,26.5,26.25,26.0,26.5,26.0,26.0,25.5,26.25,25.75
59.0
26.5,26.75,26.25,26.25,26.5,26.5,27.75,27.5,26.75,27.25,27.0,27.75,27.25,26.5,26.5,26.5,26.75,26.75,28.75,28.75,26.5,26.75,26.5,26.5,26.5,27.25,28.75,28.75,27.5,26.25,26.25,26.5,27.0,26.25,26.75,26.75,27.0,27.0,27.0,26.75,26.75,27.0,26.75,26.75,26.25,26.75,26.25,25.5,26.75,27.25,26.75,26.25,26.5,25.75,26.25,26.0,26.5,26.25,26.75,26.25,26.5,26.0,26.5,26.5
60.0
26.25,26.75,26.75,26.25,27.0,26.5,27.5,27.0,26.5,26.75,26.75,28.0,27.0,26.5,26.5,26.75,26.75,26.75,28.75,28.5,27.0,26.25,26.5,26.5,26.75,26.75,28.25,28.5,27.25,26.25,26.75,26.75,26.5,26.75,26.5,26.75,26.25,27.0,26.5,26.5,26.5,26.75,26.25,26.5,26.5,26.25,26.25,25.75,27.0,26.5,26.25,26.0,26.0,26.25,26.0,26.25,26.0,26.5,26.0,26.25,26.25,25.75,26.25,26.25
61.0
26.25,26.25,26.75,26.25,27.0,26.5,28.0,27.5,26.5,26.75,26.75,27.75,27.0,26.25,26.75,26.25,27.0,27.0,28.75,29.0,26.75,26.5,26.5,26.0,26.5,26.75,28.25,28.25,27.25,26.25,26.0,26.0,26.75,26.5,26.5,26.5,26.25,26.5,26.75,26.75,27.0,26.75,27.0,26.75,26.25,26.25,26.5,25.75,26.5,26.75,26.0,26.25,26.25,26.0,26.0,26.0,26.0,26.0,26.25,26.25,26.0,26.0,26.0,26.0
62.0
26.25,27.25,26.5,26.25,26.75,26.5,27.5,27.25,26.75,26.5,27.0,27.75,27.75,26.25,26.75,26.25,27.25,27.25,28.75,28.75,27.25,27.25,26.5,26.5,26.75,26.75,28.75,28.5,27.0,26.75,26.5,26.25,26.75,26.25,26.75,26.5,26.25,27.0,26.5,26.5,27.0,26.5,27.0,26.75,26.25,26.5,26.0,25.75,26.75,26.75,26.5,26.25,26.0,26.25,26.25,25.75,26.5,26.25,26.25,26.25,26.25,26.0,25.5,25.75
63.0
26.5,26.5,26.75,26.5,27.25,26.75,27.5,27.0,26.75,27.0,26.75,28.0,27.5,26.25,26.5,26.25,26.75,27.0,29.0,29.5,26.75,26.75,26.75,26.25,26.75,27.0,28.5,29.0,27.0,26.25,26.25,26.25,26.75,27.0,26.5,26.75,26.75,27.0,26.75,26.75,26.75,26.0,27.0,26.75,26.0,26.5,26.25,26.25,26.25,26.5,26.25,26.5,26.25,26.5,25.5,26.25,26.5,26.0,26.25,26.75,26.0,25.75,25.5,26.25
64.0
26.5,26.5,26.75,26.0,26.5,26.25,27.5,26.75,26.5,26.25,27.0,28.25,27.25,26.5,26.5,26.5,27.0,26.75,29.25,28.75,27.5,26.5,26.75,26.0,26.25,27.0,28.5,28.5,27.0,26.25,26.5,26.25,26.5,26.5,26.75,26.5,26.5,26.5,26.5,26.0,26.25,26.25,26.5,26.5,26.25,26.5,26.0,26.25,26.75,26.5,26.25,26.25,26.5,26.25,25.75,25.5,26.25,26.5,25.75,26.0,25.75,25.75,26.0,26.25
65.0
26.0,27.0,26.25,26.25,26.75,26.0,27.25,27.25,26.0,26.75,26.5,27.75,27.25,26.5,26.5,26.75,27.0,26.75,28.25,28.75,27.0,26.75,26.5,26.0,26.25,26.75,28.25,28.25,26.75,26.25,26.5,26.25,27.0,26.25,27.0,26.5,26.5,26.25,26.75,26.25,26.5,26.5,26.25,26.5,26.25,26.5,26.25,25.5,26.75,26.75,26.25,26.5,26.25,26.25,26.0,26.0,26.5,26.5,26.25,26.5,26.5,26.0,26.0,26.25
66.0
26.0,27.0,26.25,26.25,26.75,26.0,27.25,27.25,26.0,26.75,26.5,27.75,27.25,26.5,26.5,26.75,27.0,26.75,28.25,28.75,27.0,26.75,26.5,26.0,26.25,26.75,28.25,28.25,26.75,26.25,26.5,26.25,27.0,26.25,27.0,26.5,26.5,26.25,26.75,26.25,26.5,26.5,26.25,26.5,26.25,26.5,26.25,25.5,26.75,26.75,26.25,26.5,26.25,26.25,26.0,26.0,26.5,26.5,26.25,26.5,26.5,26.0,26.0,26.25
67.0
26.75,26.75,26.0,26.5,26.5,26.0,27.25,27.0,26.75,27.0,26.5,27.25,27.0,26.5,26.25,26.25,27.0,26.5,28.25,29.0,27.0,26.75,26.75,26.0,26.25,27.0,28.5,28.5,26.75,26.25,26.0,26.25,26.75,26.5,26.5,26.75,26.5,26.5,26.75,26.5,26.75,26.25,26.5,26.25,26.25,26.25,25.75,25.5,26.5,26.75,26.25,26.25,26.0,26.0,25.75,26.0,26.5,26.0,26.0,26.0,26.0,25.75,26.0,26.25
68.0
26.25,26.75,26.25,25.75,26.75,26.5,27.75,27.25,26.5,26.75,27.0,27.75,27.25,26.25,26.5,26.0,26.75,27.0,28.5,29.0,27.0,26.25,27.0,26.5,26.25,26.75,28.25,28.5,27.25,26.5,26.25,26.5,26.75,26.25,26.5,26.5,26.5,26.25,26.25,26.5,27.0,26.75,26.75,26.75,26.5,26.0,26.0,25.75,26.0,26.75,26.5,26.0,26.5,26.25,25.75,25.75,26.5,26.25,26.25,26.25,26.0,25.75,26.0,26.0
69.0
26.5,26.5,26.5,26.5,27.0,26.5,27.5,27.0,26.5,26.5,26.75,27.75,27.5,26.5,26.75,26.5,26.5,26.5,28.25,29.0,26.75,26.5,26.25,26.0,26.25,27.0,28.5,28.5,27.25,26.5,26.5,26.75,27.0,26.25,26.75,26.5,26.75,26.75,26.25,26.5,27.0,26.5,26.75,26.75,26.25,26.0,26.5,26.0,26.5,26.75,26.5,26.0,26.25,26.0,25.75,25.75,26.25,26.25,26.75,26.25,26.25,26.0,26.0,26.5
70.0
26.0,26.75,26.0,26.0,26.25,26.5,27.75,27.0,26.25,26.25,26.75,27.5,27.25,26.25,26.0,26.75,26.5,27.0,28.5,29.0,26.75,26.5,26.5,26.0,26.5,27.0,28.25,28.5,27.0,26.25,26.5,26.5,26.75,26.75,26.75,26.75,26.5,26.5,26.5,26.5,26.25,26.5,26.75,26.25,26.0,26.0,26.0,25.5,26.5,27.0,26.5,26.0,26.25,26.5,26.0,26.0,27.0,26.25,26.25,26.25,26.0,26.0,26.25,25.75
71.0
26.25,26.5,26.5,26.0,26.25,26.5,27.25,26.5,26.5,26.75,26.5,27.75,27.5,26.25,26.25,26.75,26.75,26.5,28.5,28.75,26.5,26.5,26.25,25.5,26.5,27.0,28.25,28.5,27.0,26.0,26.25,26.5,26.25,26.5,26.5,26.5,26.5,26.5,26.25,26.0,26.75,26.5,26.5,26.25,25.75,26.0,25.75,26.0,26.5,26.25,26.25,26.25,26.25,26.25,25.5,26.0,25.75,26.0,26.25,26.0,26.0,25.75,26.0,26.25
72.0
26.25,26.25,26.0,26.0,26.5,26.75,27.0,26.75,26.5,26.75,26.75,27.5,27.0,26.25,26.0,26.25,26.75,26.5,28.75,29.0,27.0,26.25,26.25,26.25,26.5,26.75,28.5,28.25,26.75,26.5,26.75,26.5,26.75,26.75,26.5,26.25,26.25,26.75,26.25,26.0,26.5,26.0,26.75,26.25,26.0,26.25,25.75,25.75,26.25,26.5,26.25,26.25,26.5,25.75,25.75,25.5,26.5,26.0,26.75,26.25,26.0,26.25,25.75,26.25
73.0
26.0,26.25,26.25,26.0,26.5,26.25,27.25,26.75,26.25,26.0,26.5,27.5,27.0,26.25,26.0,26.25,26.75,26.25,28.5,28.75,27.0,26.5,26.5,26.25,26.25,27.0,28.5,28.5,26.75,25.75,26.0,26.25,26.75,26.0,26.25,26.5,26.25,26.5,26.5,26.25,26.75,26.25,26.5,26.25,26.0,26.0,25.75,26.0,27.0,26.5,26.0,26.0,26.25,26.0,26.0,26.0,26.25,26.0,26.25,25.5,25.75,26.0,25.5,26.25
74.0
26.75,26.25,26.5,25.5,26.25,26.25,27.5,27.0,26.75,26.75,26.5,27.75,27.0,26.25,26.25,26.5,26.75,26.5,28.25,29.25,26.75,26.5,26.25,26.75,26.5,26.75,28.25,28.25,27.0,25.75,26.0,26.5,27.0,26.25,26.5,26.25,26.25,26.5,26.0,26.25,26.5,26.75,26.5,26.75,26.25,26.5,25.75,25.5,26.25,26.75,26.0,26.0,26.0,26.0,26.0,25.75,26.0,25.75,26.0,26.5,25.75,25.75,25.25,26.5
75.0
26.5,26.5,26.25,26.25,26.5,26.5,27.5,27.25,26.25,26.5,26.75,27.5,27.0,26.75,26.25,26.5,26.75,26.5,28.25,28.5,26.75,26.5,26.5,25.75,26.5,26.5,28.25,28.25,27.25,26.5,25.75,26.0,27.25,26.25,26.25,26.25,26.5,26.25,26.0,26.5,26.5,26.5,27.0,26.5,26.0,26.25,26.0,25.75,26.5,26.75,26.0,26.0,26.25,26.25,25.75,26.0,26.25,26.5,26.5,26.0,26.0,26.0,25.75,26.75
76.0
26.5,26.0,27.0,26.5,26.5,26.5,27.5,26.5,26.5,27.0,26.25,27.5,27.25,26.5,26.75,26.75,26.75,26.5,28.25,29.25,27.0,26.0,26.5,26.25,26.25,26.75,28.0,28.75,27.0,26.25,26.25,26.5,26.5,26.5,26.75,26.25,26.5,26.75,26.25,26.75,26.75,26.5,26.75,26.75,26.0,26.5,26.25,25.75,26.25,26.5,26.25,26.25,26.25,25.75,25.75,26.0,25.75,26.25,26.0,26.0,25.75,25.75,25.75,25.75
77.0
26.5,26.25,26.25,26.25,26.25,26.75,27.5,27.0,26.0,26.25,26.75,27.5,27.0,26.25,26.5,26.0,26.75,26.75,28.25,29.0,27.0,26.0,26.0,26.25,26.5,27.25,28.0,28.25,27.0,26.0,26.0,26.25,27.0,26.5,26.0,26.75,26.5,26.5,26.5,26.25,26.75,26.25,26.5,26.25,26.0,26.5,26.0,25.5,26.75,27.0,26.25,26.25,26.25,26.0,26.25,25.5,26.25,26.0,26.25,26.25,26.0,25.75,25.75,26.0
78.0
26.25,26.75,26.25,26.0,26.25,26.0,27.5,27.25,26.75,26.75,26.5,27.75,27.0,26.25,26.0,26.5,26.75,26.5,28.25,28.75,26.75,26.25,26.25,26.0,26.75,27.0,28.25,28.25,27.0,26.0,26.25,26.0,26.75,26.25,26.25,26.5,26.25,26.25,26.25,26.25,26.5,26.25,26.5,26.5,26.25,26.25,26.0,25.5,26.5,26.25,26.25,26.0,26.25,26.5,25.5,26.0,26.0,25.75,25.75,26.25,26.0,25.75,26.0,26.75
79.0
26.25,26.75,26.25,26.0,26.75,26.25,27.25,26.5,26.5,26.5,27.0,27.75,27.25,26.75,26.5,26.5,26.75,26.5,28.5,29.0,26.75,26.5,26.25,26.25,26.0,26.5,28.0,28.25,27.0,26.0,25.75,26.5,26.75,26.5,26.5,26.5,26.5,26.25,26.25,27.0,26.75,26.5,26.25,26.25,26.25,26.25,26.0,25.5,26.5,26.25,26.5,25.75,26.25,25.75,25.75,25.75,26.5,26.25,26.25,26.25,26.0,25.25,26.0,26.5
80.0
26.0,26.5,26.5,26.0,26.25,26.25,27.0,26.75,26.0,27.25,26.25,27.5,27.0,26.0,26.25,26.5,26.75,26.75,28.25,29.0,26.75,26.5,26.0,26.0,26.5,26.5,28.25,28.25,27.0,26.25,26.75,26.0,26.75,26.75,26.75,26.75,26.25,26.25,26.5,26.25,26.75,26.5,26.25,26.75,26.0,26.25,26.25,26.0,26.5,26.5,26.0,26.0,25.75,26.25,26.25,25.5,26.25,26.25,25.75,26.0,26.0,25.75,26.0,26.25
81.0
26.0,26.75,26.25,26.75,26.5,26.5,27.25,27.25,26.75,26.5,26.75,27.75,27.25,26.0,26.25,26.5,26.5,26.5,28.5,28.75,27.0,26.25,26.75,25.75,26.25,27.0,28.5,28.5,26.75,25.75,26.25,26.25,26.75,26.5,26.25,26.5,26.5,26.25,26.5,26.0,27.0,26.5,26.75,26.5,26.25,26.0,26.25,26.0,26.25,26.75,25.75,26.0,26.0,26.25,25.5,25.75,25.75,26.5,26.5,26.75,26.25,25.5,25.75,26.0
82.0
26.5,26.75,26.5,26.5,26.75,26.0,27.0,26.75,26.75,26.5,26.5,27.75,26.75,26.0,26.75,26.5,26.75,26.25,28.75,29.0,26.75,26.5,26.25,26.25,26.5,27.25,28.25,28.25,27.0,26.0,26.0,26.25,26.75,26.5,26.5,26.75,26.25,26.25,26.25,26.25,26.75,26.25,26.5,26.75,26.0,26.25,25.75,25.5,26.5,26.75,26.75,26.25,26.5,26.25,25.5,25.75,26.0,26.25,26.75,26.25,26.0,25.75,25.5,25.75
83.0
25.75,26.75,26.5,26.5,26.5,26.25,27.0,27.0,26.75,26.25,26.5,27.5,27.25,26.75,26.0,26.75,26.5,26.5,28.5,29.25,27.0,26.75,26.25,26.25,26.5,26.75,28.25,28.25,27.0,26.25,26.0,26.5,26.5,26.75,26.5,26.5,26.25,26.25,26.75,26.5,26.75,26.0,26.5,26.25,26.0,26.5,26.0,26.0,26.75,26.75,26.0,26.25,25.5,26.25,26.0,26.0,26.5,26.5,26.0,26.25,26.0,26.0,25.75,26.5
84.0
26.25,26.5,27.0,26.25,26.75,26.0,27.0,27.0,26.0,26.75,26.5,27.75,27.0,26.25,26.25,26.5,26.75,26.5,28.75,29.0,26.75,27.0,26.5,26.0,26.25,26.75,28.25,28.25,26.75,26.0,26.25,26.75,27.0,26.5,26.5,26.25,26.25,26.25,26.0,26.75,26.75,26.25,26.5,26.5,26.0,26.25,26.0,26.0,26.25,26.25,26.25,25.75,26.5,26.25,25.75,25.75,26.0,26.5,26.25,26.5,26.0,26.0,25.75,26.0
85.0
26.0,26.5,26.0,26.0,26.75,26.25,27.0,26.75,26.5,26.25,26.75,27.5,27.0,26.75,26.25,26.0,26.25,27.0,28.75,28.75,26.75,26.5,26.0,26.0,26.25,26.5,28.25,28.5,27.25,26.25,26.25,26.75,26.75,26.5,26.25,26.5,26.5,26.25,26.25,26.25,26.75,26.5,26.5,26.25,26.25,25.75,25.75,25.75,26.75,26.25,26.5,25.75,26.5,26.0,26.0,25.75,26.25,25.75,26.0,26.0,25.75,26.0,25.5,26.25
86.0
26.0,26.5,26.25,26.5,26.5,26.5,27.25,26.75,25.75,26.5,27.0,27.5,27.5,26.5,26.25,26.0,27.0,26.5,28.75,29.25,27.25,26.25,26.25,26.25,26.5,26.5,28.5,28.5,26.75,26.0,26.0,26.75,26.5,26.25,26.75,26.5,26.5,26.25,26.25,26.5,26.75,26.5,26.5,26.5,26.0,26.0,26.0,25.75,26.25,26.0,26.25,26.0,26.0,26.25,26.0,25.5,26.25,26.25,26.5,26.0,25.5,26.25,26.0,26.0
87.0
26.25,26.25,26.0,26.0,26.75,26.25,27.0,26.5,26.75,26.25,26.5,27.5,27.0,26.0,26.25,26.25,26.75,26.75,28.5,29.25,26.75,26.25,26.25,26.25,26.5,27.25,28.25,28.5,26.25,26.0,26.25,26.25,26.5,26.25,26.5,26.75,26.5,26.5,26.25,26.75,26.5,26.25,26.5,26.5,26.25,26.5,26.0,26.0,26.5,26.5,26.5,26.0,26.0,25.75,25.5,25.75,26.5,26.5,26.0,26.25,25.75,25.75,25.75,25.75
88.0
26.25,26.5,26.25,26.5,26.25,26.25,27.0,27.0,26.25,26.5,26.75,27.5,27.0,26.5,26.25,26.5,26.5,26.75,28.5,28.75,27.0,26.75,26.5,26.0,26.5,27.0,28.5,28.0,27.0,26.0,26.0,26.5,26.25,26.25,26.25,26.75,26.25,26.75,26.25,26.5,26.75,26.5,26.5,26.5,25.75,26.25,26.0,26.0,26.5,26.75,25.75,25.75,26.0,26.5,26.25,26.25,26.25,26.25,26.0,26.25,26.25,25.75,25.75,25.75
89.0
26.0,26.25,26.25,26.25,26.5,26.25,27.5,27.0,26.25,26.75,26.5,27.75,27.0,26.5,26.25,26.5,26.75,26.75,28.75,29.0,27.25,26.25,26.25,26.5,26.25,27.0,28.75,28.5,27.25,26.0,26.5,26.5,26.75,26.5,26.5,26.5,26.5,26.75,26.5,26.25,26.5,26.25,26.5,26.5,26.5,26.0,26.25,25.75,25.75,26.75,26.0,26.0,26.0,26.0,26.0,26.0,26.5,26.0,26.0,26.5,26.0,26.25,26.0,26.0
90.0
26.75,26.25,26.5,26.0,26.5,26.25,27.25,27.25,26.5,26.5,26.75,27.5,27.25,26.25,26.75,26.25,27.0,26.5,28.75,28.75,26.5,26.25,26.25,26.25,26.25,26.5,28.5,28.25,26.5,25.75,26.5,26.5,26.0,26.0,26.25,26.5,26.75,26.75,26.0,26.5,26.25,26.0,26.75,26.5,26.0,25.75,26.0,25.75,26.25,26.5,26.0,26.0,26.25,26.5,25.75,25.5,27.0,26.5,26.25,26.25,25.5,25.5,25.75,25.75
