1.0
26.75,26.5,27.0,27.0,26.75,26.5,27.5,27.25,26.5,27.0,29.0,28.75,27.0,26.5,26.0,26.5,26.25,27.0,28.25,28.25,26.75,26.25,26.75,26.5,26.25,26.75,28.5,28.75,26.75,26.0,25.75,26.25,26.5,26.5,27.25,27.5,26.75,26.5,26.25,26.75,26.75,26.75,26.75,26.5,26.5,26.0,26.0,25.75,26.5,26.5,26.5,26.25,26.75,26.25,25.75,26.5,26.5,26.0,25.75,26.5,26.0,25.5,26.0,27.0
2.0
26.5,26.5,27.25,26.75,26.75,26.25,27.25,26.75,26.75,27.0,28.75,28.5,27.0,26.75,26.5,26.25,27.0,26.75,28.25,27.75,26.5,26.25,26.5,26.25,26.5,26.75,28.25,29.25,26.75,26.0,26.25,26.25,27.0,26.75,27.25,27.0,26.75,26.0,26.25,26.5,26.75,26.75,26.75,26.5,26.25,26.0,26.25,26.0,26.75,26.5,26.5,26.0,26.5,25.75,26.25,26.75,26.75,26.0,26.25,26.75,26.25,25.75,26.0,26.5
3.0
26.5,26.5,27.25,26.75,26.75,26.25,27.25,26.75,26.75,27.0,28.75,28.5,27.0,26.75,26.5,26.25,27.0,26.75,28.25,27.75,26.5,26.25,26.5,26.25,26.5,26.75,28.25,29.25,26.75,26.0,26.25,26.25,27.0,26.75,27.25,27.0,26.75,26.0,26.25,26.5,26.75,26.75,26.75,26.5,26.25,26.0,26.25,26.0,26.75,26.5,26.5,26.0,26.5,25.75,26.25,26.75,26.75,26.0,26.25,26.75,26.25,25.75,26.0,26.5
4.0
26.25,26.75,27.25,27.25,26.5,26.5,27.25,26.5,26.25,26.5,28.75,28.5,26.75,26.5,26.25,26.25,26.5,26.25,28.5,27.75,26.5,26.0,26.25,26.25,26.0,26.5,28.25,29.25,26.75,26.0,26.25,26.25,26.5,26.5,27.0,27.25,26.75,26.25,26.0,26.75,26.75,26.5,26.25,26.75,26.0,26.25,26.25,26.0,26.25,26.25,26.5,26.25,26.0,26.0,25.75,26.25,26.0,26.25,26.0,26.5,26.0,26.25,25.75,25.75
5.0
26.5,26.5,26.75,26.75,26.75,26.5,27.0,27.0,26.5,27.25,28.75,28.5,26.75,26.75,26.75,26.25,26.75,27.0,28.5,28.0,26.75,26.25,26.75,26.0,26.25,26.75,28.0,28.5,27.0,26.25,26.25,26.25,26.75,26.25,27.25,27.25,26.75,26.75,26.5,26.75,26.25,26.5,26.25,26.75,26.5,26.5,26.0,25.75,26.25,27.0,26.25,26.0,26.0,26.5,25.75,26.25,26.5,26.25,26.25,26.0,26.0,26.0,26.0,26.75
6.0
26.5,27.0,27.25,26.75,26.75,26.5,27.75,26.75,26.75,27.5,28.75,28.5,26.75,26.5,26.5,26.25,27.0,26.75,28.25,28.0,26.75,26.75,26.75,26.0,26.5,26.5,28.25,28.75,26.75,26.0,26.25,26.5,26.75,26.5,27.0,27.25,26.75,26.5,26.0,26.75,27.25,26.75,26.75,26.5,26.25,26.75,26.25,26.0,26.75,27.0,26.25,26.25,26.25,26.25,26.0,26.25,26.25,26.0,26.0,26.25,26.0,25.75,25.75,26.5
7.0
26.25,26.5,27.25,27.0,26.25,26.25,27.0,26.75,26.5,27.0,28.75,28.25,26.75,26.25,26.5,26.75,27.0,26.75,28.5,28.0,26.75,26.75,26.25,26.25,26.25,27.0,28.25,28.5,27.25,26.0,26.25,26.0,26.75,26.5,27.25,27.0,26.5,26.5,26.25,26.25,27.0,26.25,26.5,26.75,26.0,26.5,26.0,25.75,26.75,27.0,26.25,26.0,26.75,26.25,26.0,26.75,26.0,26.25,26.25,26.5,26.5,25.75,25.75,26.25
8.0
26.5,26.75,27.0,27.0,26.75,26.5,27.75,27.0,26.5,26.75,29.0,28.5,27.0,26.25,26.75,26.0,26.75,26.75,28.25,28.0,27.0,26.25,26.25,25.75,26.25,26.75,28.5,29.0,26.25,26.25,26.25,26.75,26.75,26.25,27.25,27.0,26.75,26.25,26.5,26.25,27.0,26.5,27.0,26.5,26.75,26.25,26.0,25.75,26.25,26.75,26.0,26.25,26.0,26.25,25.75,26.5,26.25,26.25,26.5,26.5,26.0,26.0,26.0,26.5
9.0
26.25,26.25,26.75,27.25,26.5,26.75,27.25,26.75,26.25,26.75,28.75,28.25,27.0,26.5,26.5,26.75,26.5,26.75,28.25,28.5,26.75,26.25,26.25,26.25,26.25,27.0,28.25,28.5,27.0,26.25,26.25,26.5,26.25,26.75,27.0,27.0,27.0,26.75,26.5,26.25,27.0,26.5,26.5,26.75,26.5,26.25,26.5,26.0,26.25,27.0,26.25,26.0,26.5,26.0,25.75,26.5,26.5,26.5,26.5,26.25,25.75,25.75,25.75,26.5
10.0
26.5,26.75,26.75,27.0,27.0,26.25,27.25,27.0,26.75,27.25,28.5,28.5,26.5,26.0,26.75,26.75,26.5,26.5,28.25,28.25,26.75,27.0,26.25,26.0,26.75,26.75,28.0,28.5,26.75,25.75,26.5,26.25,26.75,26.75,26.75,27.25,26.75,26.5,26.25,26.75,27.25,26.5,26.75,26.5,26.5,26.25,25.75,25.75,26.5,26.75,26.25,26.0,26.5,25.75,26.25,26.25,25.75,25.75,25.75,26.0,25.75,25.5,25.75,26.5
11.0
26.75,26.75,26.5,26.5,26.25,26.25,27.75,27.0,26.5,26.75,28.25,28.0,27.0,26.0,26.5,26.25,26.75,26.75,28.25,28.0,26.75,26.0,26.75,26.25,26.75,26.5,27.75,28.75,26.75,26.25,26.25,26.25,26.75,26.5,27.0,27.5,26.5,26.25,26.5,26.5,27.0,27.0,26.75,26.5,26.0,26.25,26.25,26.25,26.25,26.5,26.25,26.5,26.25,26.0,26.0,25.5,26.0,26.0,26.75,26.5,26.0,25.5,25.75,26.75
12.0
26.75,27.25,27.0,26.5,26.5,26.5,27.5,27.0,26.5,26.75,28.25,28.0,26.75,26.5,26.5,26.5,26.75,26.5,28.5,28.25,26.75,26.75,26.5,26.5,26.5,26.75,28.0,28.5,26.75,26.0,26.0,26.5,26.75,26.0,27.0,27.0,26.25,26.25,26.75,26.25,26.75,27.0,26.5,26.75,25.75,26.5,25.75,25.75,26.0,26.75,26.25,26.5,26.25,26.25,25.75,26.0,26.25,26.25,26.5,26.5,25.75,25.75,25.75,26.25
13.0
26.25,26.5,26.75,26.0,26.5,26.5,27.25,26.75,26.25,27.0,28.25,28.0,27.25,26.25,26.25,26.0,26.25,27.0,28.0,28.0,26.75,26.0,26.0,26.0,26.25,26.75,28.0,28.75,26.75,26.25,26.25,26.5,26.75,26.25,26.75,27.0,26.75,26.5,26.25,26.0,26.75,26.75,26.75,26.75,26.25,26.25,26.25,25.75,26.75,26.75,26.5,26.0,26.75,26.5,26.25,26.25,26.75,26.25,26.5,26.25,26.25,25.5,26.0,26.5
14.0
25.5,26.5,26.25,26.25,26.5,26.25,27.25,27.25,26.75,26.5,28.0,28.5,26.75,25.75,26.5,26.5,26.75,26.5,28.25,27.75,26.5,26.75,26.0,26.25,26.0,26.5,28.25,28.5,26.75,25.75,26.75,26.5,27.25,26.5,27.0,27.0,26.25,26.75,26.25,26.75,26.75,26.25,27.0,26.5,26.25,26.5,26.0,26.0,26.5,26.5,26.25,25.5,26.25,26.0,25.75,26.25,25.75,26.75,26.0,26.0,26.25,25.5,25.75,26.75
15.0
26.25,27.0,26.5,26.5,26.25,26.5,27.25,27.0,26.5,26.5,28.0,28.25,26.75,26.0,26.5,26.25,26.5,26.25,28.5,27.5,26.75,26.25,26.25,26.0,26.5,26.25,28.0,28.5,26.5,26.0,26.5,26.0,26.5,26.5,27.0,27.0,26.75,26.75,26.25,26.75,26.5,26.75,26.5,26.5,26.25,26.25,26.0,25.75,26.0,27.0,26.25,26.25,26.0,26.0,25.75,26.25,26.0,26.0,26.25,26.0,26.25,26.25,26.0,26.5
16.0
26.5,26.5,26.5,26.25,26.25,26.0,27.5,26.5,26.25,26.75,27.0,27.75,26.75,26.5,26.5,26.25,26.5,26.75,28.5,27.75,26.75,26.0,26.25,26.0,26.25,26.5,28.75,28.75,26.5,26.25,26.25,26.0,26.75,26.25,26.75,26.75,26.5,26.5,26.25,26.25,27.25,26.5,26.75,26.75,26.75,26.25,26.5,25.5,26.0,26.75,26.25,26.25,26.25,26.0,26.0,26.25,26.0,25.75,25.75,26.0,25.5,25.75,26.0,26.25
17.0
26.5,26.5,26.25,26.25,26.25,27.0,27.25,27.5,26.25,26.75,27.25,27.75,26.75,26.5,26.25,26.25,26.5,26.75,28.75,28.0,26.75,26.75,26.25,26.25,26.5,26.75,28.0,28.25,26.25,26.0,26.25,26.25,27.0,26.25,27.0,27.0,26.5,26.75,26.25,26.75,27.0,26.75,26.25,26.75,26.25,26.25,26.0,25.5,26.75,27.0,26.25,26.0,26.5,26.25,26.0,26.25,25.75,25.5,26.25,26.5,26.0,25.75,25.5,27.0
18.0
26.25,26.25,26.75,26.25,26.25,26.25,27.5,26.75,26.5,26.5,27.5,27.75,26.75,26.0,26.0,26.5,26.75,26.75,28.25,28.5,26.75,26.75,26.0,26.0,26.25,26.75,28.0,28.0,26.5,26.0,26.25,26.25,26.5,26.0,27.0,27.25,26.75,26.75,26.25,26.75,26.75,26.5,26.75,26.5,26.0,26.25,26.0,26.0,26.25,26.75,25.5,26.5,26.25,26.25,26.0,26.0,26.5,25.75,26.25,26.5,25.75,26.0,25.75,27.0
19.0
26.5,26.75,26.75,26.0,26.5,26.5,28.0,26.75,26.25,26.5,27.25,27.5,26.5,26.0,26.5,26.25,26.5,26.5,28.75,28.25,27.0,26.75,26.5,26.5,26.0,27.0,27.75,28.0,26.25,26.0,26.25,26.5,26.5,26.75,27.0,26.75,26.5,26.5,26.0,26.5,26.75,26.5,26.75,26.25,26.5,26.25,25.75,26.25,26.25,26.75,25.75,26.25,26.25,26.5,25.5,26.5,26.75,26.25,26.25,26.0,26.5,25.75,25.75,26.25
20.0
26.0,26.75,26.75,25.75,26.25,26.5,27.5,26.5,26.5,26.5,27.25,27.5,26.25,26.0,26.25,26.25,26.5,26.5,28.0,28.0,26.75,26.5,26.5,26.0,26.25,26.5,27.75,28.25,26.5,26.25,26.5,26.5,26.75,26.0,27.25,26.75,26.25,26.0,26.0,26.75,26.5,26.5,26.5,26.25,26.0,26.25,26.25,26.25,26.75,26.75,26.0,25.75,26.25,26.25,25.75,26.5,26.0,26.5,26.25,26.5,25.75,26.25,25.75,26.5
21.0
26.25,26.5,26.0,26.25,26.0,26.25,28.0,26.75,26.25,26.75,27.25,27.25,27.25,26.5,26.0,26.5,26.5,26.25,27.5,28.25,26.5,26.0,26.25,26.0,26.5,26.5,28.25,28.5,27.5,26.5,26.5,26.5,26.75,26.5,27.0,27.75,26.75,26.5,26.5,26.25,26.75,26.5,26.5,26.75,26.5,26.0,26.25,26.0,26.5,27.0,26.25,26.5,25.75,26.0,26.0,26.0,26.25,26.5,26.25,26.5,26.25,25.75,26.0,26.75
22.0
25.75,26.5,26.25,26.25,26.75,26.5,27.25,26.5,26.0,26.5,27.25,27.25,26.75,26.0,26.5,26.0,26.75,26.5,27.75,28.25,27.0,26.5,26.25,25.75,26.0,26.5,28.75,28.0,28.0,26.0,26.25,26.25,26.25,26.5,27.25,27.75,27.0,26.75,26.5,26.75,26.75,26.5,27.0,26.5,26.0,26.25,26.0,26.0,26.25,26.5,26.25,26.0,26.25,26.5,26.0,26.25,26.25,26.25,26.25,26.0,26.5,26.0,25.75,26.0
23.0
26.25,26.5,25.75,26.0,26.5,26.5,27.5,26.5,26.5,26.75,27.25,27.25,26.75,26.25,26.5,26.25,27.0,26.5,27.75,28.0,27.0,26.25,26.5,25.5,26.25,26.5,28.25,28.0,28.0,26.0,26.25,26.5,27.0,26.25,26.75,28.25,26.75,26.5,26.0,26.25,27.0,26.0,26.75,26.75,26.0,26.0,26.25,25.5,26.5,27.0,26.0,26.0,26.25,26.25,26.0,26.25,26.25,26.5,26.0,26.5,25.75,26.0,26.0,26.0
24.0
26.5,27.0,26.25,26.5,26.25,26.5,27.25,27.25,26.25,26.75,27.0,27.5,26.5,26.5,26.25,25.75,27.0,26.25,27.5,28.25,27.5,26.75,26.5,26.5,26.0,27.0,28.0,28.0,28.25,26.5,26.25,26.25,26.75,26.5,27.0,27.5,27.0,26.25,26.25,26.5,27.0,26.5,27.25,26.75,26.25,26.5,25.75,25.75,26.75,26.5,26.5,26.0,26.5,26.25,26.0,26.25,26.25,26.5,26.0,26.25,26.0,25.5,26.0,26.5
25.0
26.0,26.25,26.25,26.5,26.25,26.75,27.25,27.5,26.25,26.25,26.75,27.25,26.75,26.25,26.5,26.25,26.5,26.5,27.5,28.0,27.5,26.5,25.75,26.25,26.25,26.75,27.75,28.5,28.75,26.75,26.25,26.5,26.25,26.25,26.75,27.75,26.75,26.25,26.0,26.5,27.0,26.25,26.5,26.5,26.25,26.25,26.0,26.0,26.25,26.5,26.0,26.0,26.5,26.25,25.5,26.25,26.5,27.25,26.5,26.75,25.75,25.75,26.25,26.5
26.0
26.25,26.5,26.25,26.0,26.5,26.75,27.25,27.25,26.25,26.5,26.75,27.25,26.75,26.25,26.75,26.25,26.5,26.75,27.5,27.75,27.75,26.75,26.5,26.5,26.25,26.25,27.75,28.25,28.75,27.0,26.5,25.75,27.0,26.25,27.0,27.75,27.75,26.75,26.5,26.25,26.5,26.5,26.75,26.75,26.25,26.25,26.0,25.75,26.5,27.0,26.0,26.25,26.0,26.5,26.25,26.75,26.5,26.5,26.25,26.0,26.0,26.25,26.5,26.25
27.0
26.25,26.5,26.75,26.0,26.25,26.25,27.25,26.75,26.25,26.75,27.0,27.5,26.0,26.5,26.5,26.0,26.5,26.75,27.0,27.5,27.75,27.0,26.5,26.5,26.0,27.0,27.5,28.0,28.5,28.0,26.5,26.75,26.5,26.25,27.0,27.75,27.75,26.5,26.25,26.0,26.5,26.75,26.5,26.5,26.25,25.75,26.0,26.0,26.5,26.5,26.75,26.25,26.5,26.25,25.75,26.75,26.5,25.75,26.0,26.25,26.25,26.25,26.0,26.75
28.0
26.0,26.5,26.5,26.25,26.0,26.5,27.5,27.0,25.75,26.75,27.0,27.25,26.75,26.25,26.25,26.25,26.75,26.25,27.0,27.5,27.25,27.0,26.5,26.5,26.0,26.5,27.5,28.25,28.25,28.25,26.0,26.75,26.25,26.5,26.75,27.5,27.75,27.25,26.0,26.5,27.25,26.0,26.25,26.75,25.75,26.25,26.0,26.25,26.5,26.25,26.5,26.25,26.25,25.75,25.75,26.25,26.5,25.75,26.0,25.75,26.0,25.5,26.0,26.5
29.0
26.25,26.25,26.75,25.5,26.75,26.0,27.25,26.75,26.5,26.75,27.0,27.75,27.0,26.25,26.75,25.75,26.75,26.5,27.25,27.25,27.75,27.25,26.5,26.0,26.75,27.25,27.0,28.25,28.0,28.5,26.75,26.25,26.5,26.75,26.25,27.25,27.75,28.0,27.0,26.75,26.75,26.5,26.25,26.5,26.25,26.5,26.25,26.0,26.25,26.25,26.25,26.25,26.25,26.25,26.25,26.5,26.0,26.5,26.0,26.5,25.75,25.5,26.0,26.25
30.0
26.25,26.25,26.75,26.25,26.5,26.25,27.25,26.75,26.75,26.75,27.25,27.25,26.75,26.75,26.25,26.5,26.75,26.75,27.0,27.75,27.5,27.0,26.75,26.5,26.25,26.5,26.75,28.0,28.25,28.75,26.75,26.5,26.25,26.5,26.25,27.25,27.75,28.5,27.25,26.75,26.5,26.5,27.0,26.75,26.25,26.75,26.25,26.25,26.75,27.0,26.25,26.0,26.5,26.0,26.25,26.5,26.5,26.0,26.0,26.5,26.0,26.0,26.25,27.0
31.0
26.25,26.75,26.75,25.75,27.0,26.25,27.5,26.5,26.5,27.0,27.0,27.75,27.75,26.5,26.75,26.75,26.75,26.5,27.25,28.25,28.75,28.5,26.75,26.0,26.25,26.75,27.25,28.0,28.25,29.25,27.25,26.5,26.75,26.0,26.0,26.75,27.75,29.0,27.25,26.75,26.75,27.0,26.5,26.75,26.25,26.5,26.25,26.0,26.25,26.25,26.25,25.75,26.25,26.25,26.0,26.75,27.0,26.0,26.75,26.25,26.0,25.75,25.5,26.5
32.0
26.75,26.75,26.25,26.0,26.75,26.75,27.5,26.75,26.5,26.5,26.75,27.5,28.0,27.25,26.5,26.25,26.75,26.75,27.75,28.25,28.75,28.75,27.0,26.5,26.25,26.75,27.5,27.5,28.5,29.25,27.25,27.0,26.5,26.5,26.25,26.75,27.75,29.25,27.0,26.75,27.0,26.0,26.5,26.5,26.5,26.75,26.25,25.75,26.5,27.0,26.0,26.5,26.5,26.25,26.25,26.25,26.75,25.75,26.0,26.5,26.25,25.5,26.0,26.0
33.0
26.0,26.75,26.5,26.25,26.75,26.75,27.25,26.75,26.5,26.75,27.5,28.0,28.25,27.0,26.75,26.5,26.5,26.5,27.25,28.5,29.0,29.0,26.75,26.5,26.0,26.75,27.25,27.5,28.0,29.25,27.25,26.5,26.75,26.25,26.25,26.5,27.75,28.5,27.0,26.75,27.0,27.0,26.5,26.75,26.5,26.5,25.75,26.5,26.5,26.75,26.5,26.25,26.5,26.5,26.0,26.75,27.0,26.5,26.0,26.5,25.75,25.75,26.0,27.0
34.0
25.75,26.25,26.5,26.5,27.25,26.75,27.25,27.0,26.5,26.75,27.25,28.75,28.75,27.25,26.75,26.75,26.5,27.0,27.25,27.75,29.25,29.0,26.75,26.75,26.25,26.25,27.25,27.25,27.75,29.0,26.5,26.25,26.75,26.25,26.5,26.75,28.0,27.75,26.5,26.5,26.75,26.75,26.5,26.0,26.25,26.5,25.75,26.0,26.25,26.75,26.0,26.25,26.25,26.0,26.0,26.5,26.5,25.75,26.25,26.0,26.25,25.5,25.75,26.25
35.0
26.5,26.5,26.25,27.0,27.5,26.75,27.75,26.75,26.0,26.5,27.25,28.75,29.25,27.75,26.75,26.25,26.5,26.5,27.25,27.75,29.0,29.25,27.25,26.25,26.0,26.75,26.75,27.75,27.75,28.5,26.75,26.25,26.5,26.75,26.5,26.25,27.75,27.25,26.25,26.5,27.0,27.0,26.5,26.25,26.25,26.75,26.25,26.0,26.5,26.5,26.25,26.25,26.25,26.5,25.75,26.75,26.25,26.25,26.0,25.75,26.25,25.75,25.75,26.0
36.0
26.25,26.75,26.75,27.25,28.0,26.75,27.75,26.75,26.5,26.5,27.25,29.0,29.25,27.5,26.75,26.0,27.0,26.75,27.5,27.25,28.75,29.0,26.5,26.25,26.5,26.5,27.5,27.5,27.75,28.75,26.75,26.5,26.75,26.5,26.5,26.5,28.0,27.0,26.75,26.5,26.75,26.5,26.75,26.75,26.75,26.5,26.25,26.25,26.75,26.0,26.25,26.25,26.0,26.25,26.0,27.0,26.0,26.25,26.0,26.25,26.5,26.25,26.25,26.5
37.0
26.5,26.75,27.0,27.5,27.75,27.0,27.75,27.25,26.25,26.25,27.25,28.75,29.25,28.25,26.5,26.5,27.0,26.75,27.25,27.25,28.75,29.0,26.25,26.5,26.5,26.75,27.75,27.5,27.75,28.0,26.75,26.75,26.75,26.5,26.25,27.0,27.5,27.25,26.5,26.75,27.0,26.25,26.5,26.75,26.75,26.25,26.5,25.75,26.5,26.5,26.25,26.5,26.25,26.25,26.0,26.5,26.25,26.25,26.25,26.25,26.0,26.25,26.0,27.0
38.0
26.25,26.75,26.75,27.75,27.5,26.75,27.75,27.25,26.0,26.75,27.5,28.75,28.75,27.75,26.75,26.75,27.0,26.25,27.25,27.5,28.75,29.25,26.75,26.5,26.0,26.75,27.25,27.5,28.25,27.75,26.75,26.5,26.5,26.5,26.5,26.75,27.75,27.0,26.75,26.75,26.75,26.75,26.75,26.75,26.25,26.75,26.5,25.75,26.0,26.25,26.0,26.5,26.25,26.0,26.0,27.0,26.75,25.75,26.25,26.0,25.75,25.75,25.75,27.0
39.0
26.25,26.5,26.75,27.25,27.25,26.5,27.75,27.0,26.0,26.5,27.5,28.25,28.5,28.0,26.75,26.75,26.5,26.5,27.75,27.75,28.5,29.0,26.75,26.25,26.25,26.5,27.5,27.5,28.0,28.0,26.5,26.5,27.0,26.5,26.5,26.75,27.25,27.25,26.75,26.25,26.75,26.0,26.25,26.75,26.25,26.5,26.25,26.0,26.75,26.75,26.0,26.25,26.25,26.25,26.0,26.25,26.25,26.25,26.0,26.0,26.25,25.75,25.5,26.75
40.0
26.75,26.5,26.5,27.5,27.5,26.5,27.75,27.0,26.75,26.25,27.0,28.5,28.5,27.75,26.5,26.5,27.0,26.75,27.25,27.5,29.0,29.0,26.75,26.5,26.25,26.5,27.5,27.25,28.25,28.0,26.0,26.5,26.75,26.5,26.5,26.5,27.75,26.5,26.5,26.0,27.0,26.5,26.5,26.25,26.25,26.25,26.0,26.0,26.25,26.5,26.25,26.0,26.25,25.75,26.25,26.5,26.5,26.0,26.0,26.5,25.75,25.75,26.0,27.0
41.0
26.25,27.0,26.25,27.5,27.0,27.0,27.25,27.25,26.25,26.75,27.25,28.5,28.75,27.5,26.5,26.5,26.5,26.25,27.25,27.5,29.25,28.5,26.75,26.5,26.25,26.75,27.75,27.75,28.75,27.5,26.75,26.25,26.5,26.5,26.75,26.75,27.75,26.75,26.5,26.5,27.0,26.75,26.5,26.75,26.0,26.25,26.0,26.0,26.5,26.25,26.0,26.0,26.75,26.25,26.0,26.5,26.0,26.25,25.75,26.25,25.75,25.75,25.75,26.5
42.0
25.75,26.5,26.5,27.5,27.25,27.0,27.25,27.25,26.5,26.5,26.5,28.75,28.75,27.75,26.75,26.75,26.25,26.75,27.25,28.25,29.5,28.0,26.75,26.25,26.5,26.75,28.0,27.75,29.0,27.75,26.25,26.25,27.0,26.5,26.25,27.0,27.5,26.75,26.25,26.5,26.75,27.0,26.5,26.75,26.25,26.75,26.0,26.0,26.5,26.75,25.75,26.0,26.5,26.25,25.75,26.5,26.75,25.75,26.5,26.75,26.25,25.5,25.75,26.75
43.0
26.0,26.75,27.0,27.25,27.25,27.0,27.75,27.0,27.0,26.5,27.25,29.0,28.5,27.75,26.75,26.5,26.75,26.5,27.75,28.5,29.75,28.5,26.75,26.25,25.75,26.75,28.0,28.0,29.0,27.5,26.25,26.75,27.0,26.75,27.0,27.0,27.5,26.75,26.75,26.5,26.5,26.75,27.0,26.5,26.5,26.5,26.0,26.25,26.75,27.0,26.5,26.5,26.5,26.5,26.0,26.75,26.5,26.0,26.25,26.0,26.25,26.0,26.25,26.75
44.0
26.5,26.75,27.0,27.25,27.5,27.0,27.5,27.0,26.25,26.75,27.5,28.75,28.5,27.75,26.5,26.5,26.75,26.75,27.75,28.5,29.5,28.5,27.0,27.0,26.75,26.5,27.5,28.0,29.25,27.75,26.5,27.0,26.5,26.75,26.75,26.75,27.5,26.75,26.5,26.75,27.0,26.75,26.75,26.75,26.5,26.25,26.25,26.25,26.25,27.0,26.5,26.0,26.5,26.5,25.75,26.25,26.25,26.5,26.25,26.5,26.25,25.75,25.75,26.75
45.0
26.25,27.0,26.75,27.0,27.0,26.75,27.75,27.25,26.25,26.75,27.5,28.5,28.75,28.0,26.75,26.5,27.0,26.5,27.75,28.25,29.5,28.5,26.75,26.25,26.75,26.5,27.75,27.5,29.25,28.0,26.5,26.5,26.5,26.5,26.5,26.75,27.75,26.75,26.75,26.5,27.0,26.75,26.75,26.75,26.25,26.25,26.5,26.25,26.5,26.75,26.25,26.5,26.5,26.25,26.25,26.75,26.25,26.25,26.25,26.25,25.75,25.75,26.0,27.25
46.0
26.25,26.5,26.5,26.75,27.25,26.5,27.5,26.75,26.75,26.5,27.0,28.75,28.25,27.5,26.75,26.75,26.75,27.0,27.75,28.25,29.75,28.75,26.75,26.25,26.0,26.5,27.5,27.5,29.25,27.5,26.5,26.5,27.0,26.25,26.25,27.0,27.5,27.25,26.75,26.25,27.25,26.5,26.5,26.75,26.25,26.5,26.25,26.0,26.75,26.75,26.75,26.5,26.25,26.0,26.0,26.5,26.0,26.25,26.25,26.25,26.5,26.25,25.75,26.25
47.0
26.75,26.75,27.0,27.5,27.5,27.0,27.5,27.25,26.75,27.0,27.5,28.5,28.5,27.75,26.5,26.5,26.5,27.0,28.0,28.75,29.75,28.5,26.75,26.75,26.25,27.0,27.5,27.75,29.25,27.5,26.5,26.25,26.75,27.0,26.5,27.0,27.5,26.75,26.75,26.75,27.0,26.25,27.0,26.5,26.75,26.75,26.25,26.25,26.75,26.5,26.25,26.25,26.5,26.5,26.25,26.75,26.25,25.75,26.0,26.0,26.5,26.0,25.75,26.5
48.0
26.25,26.75,27.0,27.0,27.25,27.25,28.0,26.75,26.25,27.0,27.5,29.0,28.75,27.5,26.5,26.75,27.25,26.5,28.5,28.75,29.75,28.75,26.25,26.75,26.5,26.75,26.75,27.75,29.0,27.0,26.25,27.0,27.0,26.75,26.75,27.25,27.25,26.75,26.5,27.0,26.75,26.75,26.75,26.75,26.0,26.75,26.5,26.25,26.5,26.5,26.0,26.0,26.25,26.0,26.0,26.25,26.0,26.25,25.5,26.0,26.0,25.25,26.0,26.75
49.0
26.75,27.0,27.25,28.0,27.5,26.75,28.0,27.0,26.25,26.5,27.25,28.5,28.75,27.75,26.75,26.5,26.75,27.0,28.25,28.5,29.25,28.25,27.0,26.75,26.25,27.0,27.0,28.0,29.0,27.25,26.5,26.75,26.75,26.25,26.5,27.0,27.25,26.5,26.75,26.25,26.75,26.25,26.5,26.75,26.25,26.5,26.25,26.0,26.75,26.25,26.5,26.0,26.25,26.5,26.25,26.75,26.25,26.0,26.5,26.0,26.5,26.25,25.75,26.5
50.0
26.0,26.5,27.0,27.5,27.25,26.5,27.5,27.0,26.25,27.0,27.75,29.0,28.75,27.75,26.75,26.5,27.0,26.25,28.5,28.75,29.5,28.0,26.75,26.25,26.25,26.5,27.0,28.25,29.0,27.0,26.75,26.5,27.0,26.5,26.5,27.25,27.5,26.5,26.5,26.75,26.75,26.5,26.75,26.75,26.5,26.5,26.25,25.75,26.25,26.5,26.0,26.25,26.75,27.0,26.0,27.0,26.5,26.25,26.5,26.75,26.25,26.25,26.0,26.5
51.0
26.5,27.0,28.0,28.5,27.5,27.25,27.75,27.75,26.5,26.5,27.75,28.75,29.0,27.25,26.75,26.25,26.75,27.5,28.25,29.5,29.25,27.75,26.5,26.25,26.5,27.0,27.0,28.25,28.75,26.75,26.5,26.5,27.0,26.5,26.5,27.0,27.0,26.75,26.75,26.75,27.0,26.75,26.75,26.5,26.5,26.25,26.0,26.0,26.75,26.25,26.0,26.0,26.25,26.25,26.0,26.5,26.25,26.25,26.25,26.5,26.0,25.75,26.0,26.75
52.0
26.5,26.75,27.5,28.0,27.25,26.75,27.5,27.25,26.75,26.75,27.75,28.75,29.25,27.25,26.5,26.25,26.75,27.5,28.0,29.25,29.75,27.5,26.5,26.0,26.25,26.5,27.0,28.75,28.25,26.75,26.25,27.0,27.0,26.0,26.5,27.0,27.25,26.75,26.75,26.5,27.0,26.25,26.75,27.0,26.5,26.5,26.0,25.75,26.25,26.0,26.25,26.25,26.25,26.0,25.75,26.75,26.0,26.0,26.25,26.0,26.0,25.75,26.0,26.75
53.0
26.75,26.5,28.25,28.5,27.5,27.5,27.0,27.25,27.0,27.0,27.5,29.0,29.0,26.75,26.5,26.75,27.0,27.5,28.5,29.0,29.25,27.0,26.5,26.25,26.25,27.0,27.5,28.75,28.5,27.0,26.5,26.5,27.25,26.25,26.5,26.75,27.0,26.5,26.75,26.5,26.75,26.5,26.75,27.0,26.25,26.25,26.0,26.5,26.0,26.75,26.25,26.25,26.5,26.25,26.25,26.25,26.25,26.25,26.25,26.5,26.25,25.75,26.0,27.0
54.0
26.5,27.0,28.25,28.25,27.25,27.5,27.75,27.25,27.0,27.25,27.75,29.0,29.25,27.25,26.25,26.0,26.75,28.0,28.25,29.25,29.25,27.5,27.0,26.5,26.0,26.75,27.75,28.75,28.5,26.75,26.25,27.0,26.75,26.5,26.75,26.75,27.25,27.0,26.5,26.5,27.0,26.5,27.0,26.75,26.25,26.25,26.75,26.5,26.25,26.5,26.5,26.25,26.5,26.25,26.0,26.75,26.25,26.0,26.25,26.0,26.5,25.75,26.0,27.25
55.0
26.75,27.0,28.0,28.25,27.5,26.5,27.75,26.75,26.5,26.75,28.0,29.0,29.0,27.0,26.75,26.5,27.0,27.75,28.5,29.5,29.75,27.5,26.75,26.5,26.5,27.0,27.75,28.75,28.5,26.5,26.25,26.5,27.0,26.5,26.5,27.0,27.25,27.0,26.5,27.0,27.0,26.5,26.75,27.0,26.25,26.25,26.25,25.75,26.75,26.5,26.75,26.5,26.5,26.5,25.5,26.25,26.0,26.75,26.0,26.5,26.0,25.75,25.5,26.5
56.0
26.5,27.25,27.75,28.0,27.25,26.75,27.5,27.0,26.75,27.5,28.25,28.75,28.75,26.75,26.5,26.75,27.0,27.75,28.75,29.25,29.25,27.25,26.75,26.25,26.5,27.0,27.75,28.75,28.75,26.75,26.25,26.75,27.0,26.5,27.0,27.0,27.25,26.5,26.25,26.75,27.25,26.75,27.0,26.5,26.25,26.5,26.5,26.5,27.0,26.5,26.0,26.25,26.25,26.5,25.75,26.5,26.25,26.0,26.25,26.0,26.25,25.5,26.0,25.75
57.0
26.75,27.25,27.75,28.5,27.25,26.75,27.75,27.25,26.75,26.75,27.75,28.5,28.75,27.0,26.75,26.5,27.5,28.0,28.5,29.25,29.75,27.75,26.75,25.75,27.0,26.5,28.0,28.75,28.75,26.75,26.25,26.75,27.0,26.0,26.5,27.0,27.5,26.5,26.75,26.75,27.0,26.75,26.75,26.75,26.25,26.75,26.0,25.75,26.25,27.0,26.5,26.5,26.75,26.0,25.5,26.25,26.0,26.5,25.75,26.25,26.25,25.75,26.0,26.75
58.0
26.75,27.25,27.75,28.5,27.25,26.75,27.75,27.25,26.75,26.75,27.75,28.5,28.75,27.0,26.75,26.5,27.5,28.0,28.5,29.25,29.75,27.75,26.75,25.75,27.0,26.5,28.0,28.75,28.75,26.75,26.25,26.75,27.0,26.0,26.5,27.0,27.5,26.5,26.75,26.75,27.0,26.75,26.75,26.75,26.25,26.75,26.0,25.75,26.25,27.0,26.5,26.5,26.75,26.0,25.5,26.25,26.0,26.5,25.75,26.25,26.25,25.75,26.0,26.75
59.0
26.5,26.75,28.25,27.75,27.0,27.0,27.75,27.25,26.5,27.0,27.75,28.25,29.25,27.0,26.75,26.5,27.0,28.25,28.25,29.5,29.5,27.25,26.25,26.0,26.5,27.0,28.25,28.75,28.75,27.0,26.5,26.5,26.75,26.75,26.25,27.0,27.25,26.75,26.25,26.25,26.75,27.0,26.75,26.75,26.5,26.75,26.25,26.25,26.25,26.5,26.5,26.0,26.5,26.25,26.0,26.25,26.25,26.25,26.0,26.5,26.0,26.0,25.5,26.5
60.0
26.5,27.0,28.0,27.75,27.0,27.0,27.25,27.0,26.5,27.25,28.25,28.25,28.75,26.75,26.5,26.5,26.75,28.25,28.0,29.75,29.75,27.5,27.0,26.25,26.75,27.25,28.0,28.75,28.5,26.25,26.5,26.5,27.25,26.75,26.5,27.0,27.5,26.75,26.5,26.5,27.25,26.75,26.75,27.0,26.25,26.5,26.25,26.25,26.25,26.5,26.0,26.25,26.5,26.5,25.75,26.5,26.5,26.0,26.25,26.75,26.25,26.0,26.0,26.75
61.0
27.0,27.0,28.0,28.25,27.5,27.0,27.75,27.0,27.0,26.75,27.5,28.75,28.75,27.25,27.0,27.0,27.0,28.25,28.25,29.0,29.5,27.5,27.0,26.25,26.5,26.75,28.25,28.75,29.0,27.0,26.5,26.25,26.75,26.5,26.75,27.25,27.25,26.5,26.75,26.5,26.75,27.0,26.5,26.75,26.5,26.5,26.0,26.0,26.25,26.75,25.75,26.25,26.25,26.25,26.25,26.75,26.0,26.25,26.0,26.5,26.0,26.25,25.75,26.25
62.0
26.25,26.5,27.5,28.25,27.0,27.0,27.5,27.5,27.0,27.25,28.0,28.75,29.75,27.25,26.5,26.75,27.0,27.75,27.5,28.5,29.5,27.5,26.5,26.75,26.75,27.5,28.0,29.0,28.75,26.75,26.5,26.5,26.5,27.0,26.5,27.0,27.0,26.75,26.5,26.5,27.0,27.0,27.0,27.0,26.5,26.5,26.0,26.0,26.75,26.75,26.25,26.5,26.5,26.5,26.25,26.5,26.0,26.5,26.5,26.5,26.5,26.0,26.25,27.0
63.0
26.75,27.0,28.0,28.0,27.25,26.5,28.0,26.75,27.0,27.0,27.5,28.75,29.0,27.25,27.25,26.5,27.0,28.25,27.75,29.25,29.25,27.5,26.75,26.25,26.75,27.0,28.0,29.25,28.5,27.0,26.5,26.75,26.5,26.75,26.25,27.0,27.25,27.0,26.75,26.75,27.0,26.75,26.75,26.75,26.25,26.0,26.0,26.0,26.75,26.75,26.25,26.25,26.5,26.5,26.5,26.75,26.25,26.25,26.75,26.25,25.75,25.75,25.75,26.75
64.0
26.5,27.0,28.0,28.0,27.25,26.5,27.5,27.75,26.5,27.25,28.0,28.75,29.5,26.75,26.75,26.75,27.5,28.25,27.5,29.0,29.0,27.0,26.75,26.75,26.25,27.0,27.75,29.0,28.75,26.75,26.25,26.25,26.75,26.5,26.75,26.75,27.25,26.75,26.0,26.75,26.75,26.25,27.0,26.75,26.5,26.5,26.25,26.25,26.75,27.5,26.5,26.25,26.5,26.0,26.0,26.5,26.0,26.25,26.5,26.5,26.0,26.0,26.25,27.0
65.0
26.5,26.75,28.0,28.25,27.5,26.75,27.25,27.0,26.75,27.5,28.0,29.25,29.5,26.75,26.5,26.25,26.75,27.75,27.5,29.5,29.5,27.25,26.75,26.5,26.25,27.0,28.0,29.0,28.75,26.75,26.75,26.75,26.75,26.25,26.25,27.25,27.25,26.5,26.25,26.75,27.0,26.75,26.75,26.75,26.5,26.5,26.25,25.75,26.25,26.25,26.0,26.25,26.25,26.5,26.0,26.25,26.5,26.25,26.25,26.25,26.25,25.75,26.0,26.5
66.0
26.75,27.0,28.25,27.75,27.0,26.75,27.75,27.0,26.75,27.5,28.0,29.5,29.0,27.25,26.75,27.0,27.25,28.25,27.75,29.25,29.5,27.5,26.5,26.25,27.0,27.25,28.0,29.0,29.0,26.75,26.75,26.75,26.5,26.5,26.5,27.5,27.5,26.5,26.75,26.75,26.75,26.25,26.5,27.0,26.5,26.75,26.0,26.5,26.75,26.5,26.0,26.0,26.25,26.5,26.25,26.75,26.25,26.0,26.25,26.5,26.25,26.0,25.75,26.5
67.0
26.25,27.0,28.0,28.25,26.75,27.25,27.5,26.75,27.0,27.25,28.25,29.5,29.25,26.75,26.25,26.75,27.0,28.5,27.5,29.25,29.25,27.5,26.75,26.25,26.75,26.75,27.75,29.0,28.25,26.75,26.5,26.5,27.25,26.25,27.0,27.25,27.25,27.0,26.5,26.5,27.0,26.5,26.75,27.0,26.25,26.25,25.75,25.75,26.5,26.75,26.75,26.5,26.5,26.5,26.25,26.25,26.25,26.0,26.25,26.5,26.25,26.0,26.25,27.0
68.0
27.25,27.0,28.25,28.0,27.0,26.5,27.75,27.75,27.0,27.25,28.25,29.25,29.25,26.75,27.0,25.75,27.0,28.25,27.75,29.5,29.25,27.25,26.5,26.5,26.5,27.25,28.0,28.75,28.5,26.75,26.5,26.5,26.75,26.5,26.5,26.75,27.25,26.75,27.0,27.0,27.0,27.0,26.75,26.75,26.5,26.75,26.75,26.5,26.75,27.0,26.25,26.5,26.5,26.75,25.75,27.0,26.75,26.25,26.25,26.5,26.5,26.0,25.75,27.0
69.0
26.75,27.0,28.25,27.75,27.25,26.75,27.5,27.0,26.5,27.25,28.25,29.25,29.0,26.75,27.0,26.75,27.5,28.0,27.75,29.25,29.0,27.5,26.25,26.25,26.25,27.0,27.75,29.0,28.75,26.75,26.75,26.75,27.0,26.5,26.75,27.0,27.5,27.0,26.25,26.75,27.5,26.25,26.75,26.5,26.75,26.75,26.25,26.0,26.75,26.75,26.0,26.25,26.25,26.25,26.25,26.25,26.5,26.0,26.5,26.25,26.25,26.0,26.0,26.25
70.0
26.5,26.75,28.5,28.5,27.25,27.25,27.5,26.75,27.0,27.75,28.5,29.5,29.5,26.75,26.75,27.0,27.25,28.0,27.75,28.75,29.25,27.0,26.75,26.5,26.75,27.0,28.25,29.0,28.25,27.25,26.75,27.0,26.75,26.75,26.5,27.0,27.25,26.75,26.5,27.0,26.75,26.75,27.0,27.0,26.5,26.25,26.75,26.75,27.0,26.75,26.0,26.5,26.0,26.0,26.0,27.0,26.0,26.5,26.75,26.25,26.25,26.25,26.25,27.0
71.0
26.5,26.5,28.0,28.0,27.75,26.75,27.75,27.0,27.0,27.25,27.5,28.75,28.75,26.75,26.75,26.5,27.25,27.25,27.25,29.0,29.5,27.25,26.75,26.25,26.25,27.0,27.0,29.25,28.75,27.0,26.5,26.75,26.75,26.5,26.5,27.5,27.25,26.75,26.25,26.5,27.5,26.5,26.75,27.25,26.25,26.5,26.5,25.75,26.75,27.0,26.5,26.5,26.5,26.25,25.75,26.25,26.25,26.25,26.5,26.25,26.0,25.75,25.75,27.25
72.0
26.5,26.5,27.75,27.75,27.75,26.5,27.75,27.25,27.0,27.5,27.5,28.0,29.0,27.0,26.75,26.5,27.25,27.75,27.25,28.75,30.0,27.0,26.75,26.5,26.25,27.0,27.0,28.75,28.75,26.75,26.75,26.5,27.0,26.5,26.5,28.0,27.5,26.75,26.25,26.5,27.0,26.5,26.5,26.75,26.5,26.25,26.25,25.75,26.5,26.75,26.25,26.5,26.5,26.25,26.0,26.75,26.25,25.75,26.25,26.5,26.0,25.75,26.0,26.75
73.0
26.5,26.75,27.25,28.25,27.25,27.0,27.75,27.25,27.0,27.5,27.5,28.5,28.75,27.25,26.75,26.75,27.25,28.0,27.5,28.75,29.75,27.5,26.75,26.25,26.5,27.0,27.0,28.75,29.0,26.75,26.5,26.75,27.5,26.75,27.0,28.0,27.5,26.5,26.75,26.75,26.75,27.0,26.75,27.25,26.5,27.0,26.25,26.25,26.5,26.75,26.5,26.25,26.25,26.5,26.25,26.25,26.5,26.75,26.5,26.0,26.25,26.0,26.0,27.0
74.0
26.5,27.25,27.75,28.0,27.5,26.5,28.0,27.5,26.75,27.0,28.0,28.5,28.5,27.25,26.75,26.75,27.0,28.25,27.25,29.0,29.75,28.0,27.0,26.5,26.25,26.25,27.25,28.75,29.25,27.0,26.75,26.5,27.25,26.5,26.75,27.75,27.5,26.5,27.0,26.5,27.25,26.75,27.0,26.75,27.0,26.75,26.0,25.75,26.75,27.0,26.5,26.5,26.5,26.5,26.75,26.75,26.5,26.25,26.75,26.75,26.5,26.25,26.0,27.0
75.0
26.75,26.75,27.75,27.75,27.25,26.75,27.75,27.0,26.75,27.25,28.0,28.5,28.5,27.25,27.0,26.75,27.25,28.0,27.75,29.0,29.75,27.75,27.0,26.25,26.75,26.5,27.0,28.75,29.0,27.0,26.75,26.75,26.75,26.5,26.5,28.0,27.75,27.0,26.75,26.5,27.0,26.75,26.75,27.0,26.75,26.25,26.25,26.25,26.25,26.75,26.5,26.75,26.0,26.25,26.25,26.75,25.75,26.25,26.25,27.0,26.25,26.0,25.75,27.0
76.0
26.75,27.0,27.25,28.0,27.0,27.0,27.5,27.25,26.75,27.25,28.25,28.5,28.25,26.75,26.25,26.5,27.25,27.5,27.5,29.25,29.75,27.5,26.75,26.25,26.75,27.0,27.25,28.75,29.0,27.0,26.75,26.5,26.75,26.5,26.75,28.5,28.0,26.75,26.5,26.75,27.0,26.5,27.0,27.25,27.0,26.5,26.5,26.0,26.0,26.75,26.0,26.5,26.75,26.25,26.25,26.75,26.75,26.5,26.25,26.25,26.0,25.75,26.0,26.75
77.0
26.75,27.25,28.0,27.75,27.5,26.75,27.5,27.0,27.0,27.25,28.25,28.5,28.5,27.0,26.75,26.75,27.0,27.25,27.0,29.75,29.5,27.0,26.75,26.25,26.5,26.75,27.0,29.25,28.25,26.75,26.25,26.75,27.0,26.75,26.75,28.25,26.75,27.0,26.5,26.75,27.25,26.5,27.0,27.0,26.75,26.75,26.25,26.25,26.75,26.75,25.75,26.0,26.75,26.75,26.25,26.75,26.75,26.25,26.5,26.25,26.5,25.75,25.75,27.0
78.0
26.5,27.25,28.0,28.25,26.75,27.0,27.5,27.0,27.0,27.5,28.5,29.0,28.5,26.5,26.25,26.5,27.0,28.0,27.0,30.0,29.0,26.75,26.75,26.5,26.75,26.75,27.5,29.25,28.0,26.25,26.75,26.5,27.0,26.75,26.75,27.5,27.0,26.75,26.75,26.75,26.75,26.75,26.75,27.25,26.5,26.5,26.5,25.75,26.75,26.75,26.0,26.5,26.5,26.0,26.0,26.75,25.75,26.5,26.25,26.0,26.5,26.0,26.0,27.0
79.0
27.0,27.75,28.5,27.5,26.5,27.25,27.75,26.5,26.5,27.75,28.75,29.5,28.25,27.0,26.25,26.5,27.0,27.75,27.5,29.75,28.5,27.25,26.25,26.5,26.75,26.75,28.0,29.0,27.75,26.25,26.5,26.25,27.0,26.5,27.0,27.5,27.0,27.0,26.75,26.75,27.25,26.75,27.25,26.5,26.5,26.5,26.5,26.25,26.25,26.5,26.25,26.5,26.25,26.25,26.25,27.25,26.0,26.0,26.5,26.5,26.25,26.0,26.0,27.0
80.0
26.75,27.75,28.5,27.5,26.75,26.75,28.0,27.5,27.25,27.75,29.5,29.5,28.0,26.75,27.0,26.5,27.5,28.0,27.75,29.25,27.75,27.5,26.75,26.75,26.75,27.0,28.75,28.75,27.0,26.25,26.5,26.5,27.0,26.75,26.75,27.25,26.75,26.25,26.5,26.5,27.0,26.75,26.75,26.5,26.25,26.75,26.25,26.5,26.5,26.0,26.5,26.25,26.75,26.5,26.0,26.5,26.25,26.0,26.0,26.25,26.25,25.75,26.5,26.75
81.0
26.75,27.75,28.5,27.0,27.0,26.75,27.5,27.5,27.0,27.75,29.5,29.0,27.5,26.25,27.0,26.75,27.5,28.25,29.75,28.75,27.0,26.5,26.5,26.25,26.5,27.25,28.25,27.75,26.5,26.25,26.25,26.75,26.75,26.5,26.75,26.75,26.5,26.5,26.5,26.5,26.75,27.0,26.75,26.75,26.5,26.5,25.75,25.75,26.5,26.25,26.0,26.0,26.5,26.0,26.0,26.5,26.5,26.25,26.25,26.25,25.75,26.0,26.25,27.0
82.0
26.5,28.75,28.25,27.0,27.0,27.0,28.0,27.0,27.25,27.75,29.5,29.0,27.25,26.75,26.75,27.25,27.5,28.75,29.75,28.25,26.75,26.5,26.75,26.5,26.75,27.5,28.25,27.75,26.5,26.25,26.25,26.75,27.0,26.5,26.75,27.0,26.75,26.75,26.25,26.5,27.25,26.75,26.75,26.5,26.25,26.25,26.75,26.75,26.75,26.75,26.0,26.0,26.5,26.5,26.25,26.5,26.5,26.75,26.75,26.25,26.0,25.75,26.0,26.75
83.0
27.0,28.5,28.0,27.25,26.5,26.5,27.5,27.0,27.5,28.5,30.0,29.5,27.0,26.5,26.75,26.5,27.75,29.0,29.25,28.0,26.5,26.75,26.75,26.5,27.0,28.0,28.25,27.75,26.5,26.5,26.5,26.5,26.0,27.0,27.0,26.25,26.25,26.5,26.5,26.75,27.25,26.75,27.0,27.0,26.25,26.25,26.75,27.0,26.5,26.5,26.0,26.25,26.5,26.25,26.0,26.25,26.25,26.25,26.5,26.0,26.0,25.75,26.0,27.25
84.0
27.0,28.75,28.0,26.5,26.75,26.5,27.75,27.25,26.75,29.0,30.0,28.5,26.5,26.75,26.5,26.25,27.75,29.25,29.75,28.0,26.75,26.5,26.25,26.25,26.5,28.25,28.0,27.5,26.75,26.25,26.25,26.5,27.25,26.75,26.5,26.5,26.5,26.25,26.25,26.5,27.0,26.5,26.5,26.25,26.25,26.5,26.5,26.0,26.25,26.25,26.0,26.5,26.25,26.0,26.0,26.75,26.25,25.75,26.5,26.5,26.0,26.25,25.5,27.0
85.0
27.5,28.75,27.75,26.75,26.75,26.75,27.5,27.25,27.25,29.5,29.5,28.0,27.0,26.25,26.5,27.0,27.5,29.75,29.0,27.5,27.0,26.75,26.0,26.75,26.75,28.5,28.5,27.5,26.5,26.75,26.75,26.25,26.75,26.75,26.5,26.75,26.25,26.5,26.5,26.75,26.75,26.75,27.5,26.75,26.0,26.25,26.25,26.0,26.75,26.75,26.5,26.25,26.25,26.25,26.25,26.75,26.5,26.5,26.0,26.25,26.25,25.75,26.0,27.5
86.0
27.5,28.75,27.25,27.0,27.0,26.5,28.0,26.75,27.5,30.0,29.25,27.5,26.5,26.25,26.75,26.5,28.0,29.75,29.25,27.5,26.75,26.75,26.5,26.5,26.75,28.25,28.25,27.0,26.5,26.5,26.5,26.25,27.25,26.75,26.75,26.5,26.5,26.75,26.5,26.5,26.75,26.5,27.25,26.75,26.5,26.25,26.5,26.0,26.5,27.0,26.25,26.5,26.25,26.75,26.25,26.75,26.5,26.0,26.25,26.0,26.25,25.75,26.0,26.75
87.0
27.5,28.25,27.0,26.25,26.25,26.0,27.5,27.25,27.75,29.5,29.25,27.25,27.0,26.25,26.5,26.5,28.5,29.25,29.0,27.25,26.5,26.75,26.75,27.0,27.0,28.5,28.5,27.0,26.5,26.0,26.25,26.5,27.25,27.0,27.0,26.25,26.5,27.0,27.0,26.5,27.25,27.0,26.75,27.25,25.75,26.5,26.5,25.75,26.5,27.25,26.25,26.5,26.0,26.25,26.0,26.75,26.5,26.5,26.0,26.25,26.0,25.75,25.75,27.0
88.0
28.0,28.5,26.5,26.5,26.75,26.75,27.75,27.25,27.5,30.0,29.0,27.25,26.5,26.75,26.5,26.25,28.75,29.5,29.0,27.0,26.5,26.5,27.0,27.0,27.25,28.25,28.0,27.0,26.5,26.0,26.75,27.0,27.0,26.5,26.5,27.0,26.75,26.75,26.5,26.5,27.0,26.75,26.5,26.75,26.5,26.25,26.5,25.75,26.75,26.5,26.5,26.25,26.75,26.0,26.25,26.5,26.25,25.75,26.5,26.5,26.25,26.0,25.75,26.75
89.0
28.0,28.25,27.0,26.5,26.5,26.5,27.75,26.75,28.0,29.75,29.0,27.0,27.0,26.75,26.25,26.75,28.5,29.25,28.75,26.5,26.5,26.75,26.5,26.0,27.75,28.25,28.25,27.0,26.25,26.5,26.0,26.5,26.75,27.0,26.5,26.5,26.5,26.75,26.5,26.25,27.0,27.0,26.75,26.75,26.0,26.75,26.75,26.0,26.75,26.75,26.0,26.25,26.5,26.5,26.0,27.25,26.0,26.75,26.5,26.5,26.25,25.75,26.0,27.0
90.0
28.0,28.25,26.75,26.0,26.75,27.0,28.0,26.75,28.0,29.5,29.5,26.75,26.5,26.75,26.75,26.75,29.25,29.25,29.0,26.75,27.0,26.75,26.75,26.0,27.0,28.25,28.0,26.75,26.25,26.25,26.25,26.25,27.0,26.75,26.75,26.5,26.5,26.5,26.75,26.75,27.0,26.75,27.0,26.75,26.25,26.5,26.25,26.0,26.5,26.5,26.25,26.5,26.5,26.5,26.0,26.25,26.5,26.25,26.25,26.25,26.0,26.0,25.75,27.0
