1.0
26.75,27.25,27.25,27.0,28.0,28.0,29.5,27.75,27.0,26.75,27.0,27.5,29.75,29.75,29.75,27.25,26.75,26.5,27.25,28.25,28.75,28.0,27.0,26.5,26.5,26.75,26.75,27.75,27.5,26.5,26.5,26.75,27.5,27.0,27.25,27.0,27.25,27.0,26.75,26.5,27.25,27.25,28.0,27.25,26.5,27.0,26.25,26.25,26.5,27.0,26.5,27.0,26.5,26.75,26.25,26.25,26.75,26.75,26.75,26.75,27.0,26.0,26.25,25.75
2.0
26.75,27.25,27.25,27.0,28.0,28.0,29.5,27.75,27.0,26.75,27.0,27.5,29.75,29.75,29.75,27.25,26.75,26.5,27.25,28.25,28.75,28.0,27.0,26.5,26.5,26.75,26.75,27.75,27.5,26.5,26.5,26.75,27.5,27.0,27.25,27.0,27.25,27.0,26.75,26.5,27.25,27.25,28.0,27.25,26.5,27.0,26.25,26.25,26.5,27.0,26.5,27.0,26.5,26.75,26.25,26.25,26.75,26.75,26.75,26.75,27.0,26.0,26.25,25.75
3.0
26.25,27.0,26.75,26.75,27.0,27.0,28.0,27.75,26.25,26.5,26.5,27.25,29.25,29.5,28.75,27.75,27.0,26.5,26.5,28.0,28.75,28.25,27.75,26.5,26.25,26.25,26.5,27.75,27.5,26.25,26.25,26.25,26.5,26.25,27.25,27.25,26.5,27.0,26.25,26.5,27.0,26.75,27.5,26.75,26.5,26.75,26.25,25.75,26.5,27.0,26.25,26.25,26.75,26.5,25.75,25.75,26.0,26.0,26.75,26.5,26.5,26.25,25.75,26.25
4.0
26.5,27.0,27.0,26.75,26.75,27.25,27.5,27.5,27.0,26.75,27.0,27.25,28.75,29.0,29.0,27.25,27.25,26.75,27.0,28.5,29.25,29.75,28.5,27.0,26.75,26.75,27.5,28.25,28.0,26.75,26.75,27.0,27.25,27.25,27.5,27.75,27.0,26.75,26.75,26.5,27.25,27.25,27.75,27.0,26.75,27.25,27.0,26.0,26.5,27.25,26.75,26.75,26.5,26.5,26.0,26.5,26.5,26.75,26.25,27.0,26.0,25.5,26.0,26.5
5.0
26.75,27.5,27.0,26.5,27.25,26.75,27.5,27.5,26.75,26.75,27.0,27.25,29.0,27.75,27.0,26.75,27.0,26.5,27.0,28.25,29.75,29.5,28.75,27.25,26.25,26.75,27.5,28.75,28.5,28.25,27.5,27.0,27.25,27.5,27.25,27.75,27.75,27.0,26.5,27.0,27.25,27.0,27.5,27.5,26.5,27.0,26.25,26.25,26.75,26.75,26.75,26.5,26.5,26.75,26.25,26.5,27.0,26.5,26.25,27.0,26.0,26.5,26.0,26.25
6.0
26.75,27.25,26.75,27.0,27.0,27.0,27.5,27.25,27.0,27.0,27.0,27.25,28.25,27.25,26.75,26.75,27.0,26.5,28.0,29.0,29.25,28.75,28.25,26.5,26.75,27.25,28.25,29.25,28.75,28.5,27.5,26.75,27.0,27.25,28.0,28.25,28.0,27.25,27.0,26.5,27.25,27.25,27.75,27.25,27.0,27.0,26.25,26.25,26.75,27.0,26.5,26.5,26.5,27.0,26.5,26.75,26.75,26.75,26.25,26.75,26.5,26.25,26.25,26.5
7.0
26.25,27.25,27.0,26.5,26.75,26.75,27.25,28.0,26.5,26.75,26.75,27.25,27.25,27.25,26.75,26.75,27.25,26.5,27.5,28.5,28.75,28.0,27.75,26.5,26.75,27.5,28.5,29.5,28.75,28.0,27.0,26.75,27.0,27.5,28.0,28.5,27.75,26.75,26.75,26.75,27.5,27.25,27.5,27.75,26.75,26.75,26.5,26.5,27.0,27.25,26.75,26.75,26.75,26.5,26.25,26.25,26.75,26.5,26.75,27.0,26.25,26.25,26.0,26.75
8.0
26.75,26.75,26.75,27.0,26.5,26.25,26.5,27.25,26.0,26.5,26.75,27.0,26.75,26.75,26.0,26.25,27.0,26.75,28.25,28.0,27.75,28.25,26.75,26.5,26.25,27.0,28.75,29.0,27.75,26.75,26.5,26.5,27.0,27.0,27.75,28.5,27.5,27.0,26.25,26.25,26.75,27.25,27.25,27.5,26.5,26.75,26.0,26.0,26.75,26.5,26.5,26.25,27.0,26.0,25.75,26.0,26.25,27.0,26.5,26.25,26.0,26.0,25.75,27.0
9.0
26.5,26.5,27.0,26.5,27.25,26.5,27.5,27.25,27.0,26.75,27.0,27.0,27.0,27.0,26.25,26.25,27.0,27.25,28.0,27.25,28.5,27.25,26.75,26.75,27.0,27.25,28.75,29.0,27.5,26.25,26.5,26.25,27.25,27.25,28.25,28.25,27.5,27.25,26.5,26.5,27.0,27.5,27.75,27.5,26.75,26.75,26.5,26.0,26.75,27.0,26.75,26.5,26.75,26.75,26.0,26.5,26.5,26.75,27.0,26.5,26.75,26.0,26.0,26.75
10.0
27.0,27.0,27.25,26.75,27.0,26.5,27.25,27.0,27.0,27.25,27.0,27.0,27.0,27.0,26.75,26.5,27.25,27.25,27.5,28.0,27.75,27.0,26.75,26.5,26.75,28.25,29.0,28.25,27.25,26.75,27.0,26.75,27.5,27.5,28.5,28.5,27.25,26.5,26.5,26.25,27.5,27.25,28.0,27.5,27.0,26.75,26.5,26.25,26.5,27.75,26.25,26.5,26.75,26.25,26.0,26.25,26.5,26.5,26.75,26.0,26.75,26.25,26.5,26.0
11.0
26.75,27.0,27.25,26.75,26.5,25.75,26.75,27.25,27.0,26.25,27.0,26.75,26.75,26.5,26.25,26.25,27.0,26.5,26.75,26.25,27.0,26.5,26.25,26.5,26.5,27.5,28.0,27.25,26.75,26.5,26.75,26.75,27.5,27.75,28.75,28.0,26.75,26.5,26.75,26.75,27.5,28.25,28.75,28.25,26.5,26.75,26.5,25.75,27.25,27.25,27.0,26.5,26.75,26.5,26.25,26.0,26.75,27.0,26.75,27.0,26.5,26.5,26.75,26.5
12.0
26.5,27.0,26.75,26.5,27.0,26.5,27.0,27.5,26.5,27.0,26.75,26.75,26.75,26.75,26.75,27.0,26.75,27.25,27.25,26.75,27.0,27.0,26.5,26.5,26.5,27.25,27.0,27.5,26.25,26.5,26.25,26.75,27.5,28.25,28.25,28.25,26.75,26.75,26.75,26.75,27.0,27.75,29.0,28.0,26.5,27.0,26.25,26.0,27.25,27.0,27.25,26.5,27.0,26.0,26.25,26.25,26.75,27.0,26.25,26.75,26.5,26.25,25.75,26.5
13.0
26.75,26.75,26.75,26.75,26.75,26.5,27.25,27.0,27.25,26.75,26.5,27.0,27.0,26.75,26.5,26.5,27.25,26.75,26.75,26.75,26.5,26.5,26.5,26.25,26.75,27.0,27.5,27.0,26.5,26.5,26.75,26.75,27.0,27.75,28.25,27.5,27.0,27.25,26.5,27.0,27.5,28.0,28.75,28.0,26.75,27.0,26.5,26.0,27.25,26.75,26.75,26.75,26.5,26.25,26.25,26.0,26.75,27.25,26.5,27.25,26.5,26.5,25.75,27.25
14.0
26.75,27.25,26.5,26.25,26.5,26.25,26.75,26.75,26.5,26.25,26.75,26.5,26.75,26.5,26.25,26.25,27.25,26.5,26.5,26.25,26.5,26.75,26.5,26.5,26.5,27.25,27.25,26.75,26.75,26.25,26.25,26.5,27.0,27.75,28.0,27.5,26.75,26.75,26.75,26.5,27.25,27.75,28.5,27.75,26.5,26.5,26.25,25.75,26.5,27.5,26.75,26.75,26.0,26.25,26.0,26.75,26.25,26.25,26.75,26.5,26.25,25.75,25.75,26.5
15.0
26.75,27.0,26.5,27.0,26.5,26.5,27.25,27.0,26.75,27.0,26.75,26.75,27.25,26.75,26.5,26.5,26.5,26.75,26.75,26.25,26.75,26.5,26.25,27.0,26.75,27.25,27.5,27.0,26.5,26.75,26.25,26.5,26.75,27.25,28.0,27.5,27.0,27.25,26.75,26.5,27.5,28.25,28.75,28.0,26.75,26.75,26.0,26.0,26.75,27.25,27.25,26.5,26.75,26.5,26.5,26.25,26.75,26.25,26.75,26.75,26.5,26.25,26.0,26.75
16.0
26.75,27.0,26.75,26.75,26.5,26.75,26.75,27.0,27.25,26.75,26.75,26.75,26.75,26.5,26.5,26.5,27.0,26.5,26.75,26.75,26.5,27.0,26.75,26.5,26.5,27.25,27.25,27.0,26.75,26.75,26.5,26.5,27.5,27.25,28.75,27.75,26.5,27.0,26.75,26.25,27.75,28.75,29.25,27.75,26.75,27.0,26.5,26.0,26.75,27.25,27.5,26.75,26.75,26.5,26.25,26.25,27.0,26.5,27.0,26.75,26.25,26.5,26.0,27.25
17.0
27.0,27.0,27.5,26.75,27.0,26.25,27.5,27.0,27.25,26.5,26.75,27.0,26.75,26.5,26.75,26.25,27.25,26.75,27.0,26.75,27.0,26.75,26.75,26.5,26.75,27.25,27.5,27.0,26.75,26.25,26.5,26.25,27.5,27.25,28.0,27.75,26.75,26.5,26.5,26.5,27.25,28.25,29.25,28.25,26.75,26.75,26.0,25.75,27.0,27.75,27.25,26.75,27.0,26.25,25.75,26.5,26.75,26.5,26.75,26.5,26.75,26.0,25.75,26.25
18.0
27.0,27.0,26.75,26.5,27.0,26.75,27.5,27.0,26.5,26.75,26.5,27.0,26.5,26.5,26.25,26.5,27.25,26.75,27.0,26.25,26.5,27.0,26.75,26.5,26.75,27.0,27.5,27.0,26.5,26.5,26.75,26.25,27.5,27.5,28.75,28.0,27.0,27.0,26.75,26.5,27.25,29.0,29.25,27.75,26.5,26.5,26.25,26.0,27.0,26.75,27.5,27.0,26.75,26.25,26.0,26.0,26.5,27.0,26.25,26.5,26.75,25.75,26.25,26.75
19.0
27.0,27.0,26.75,26.5,27.0,26.75,27.5,27.0,26.5,26.75,26.5,27.0,26.5,26.5,26.25,26.5,27.25,26.75,27.0,26.25,26.5,27.0,26.75,26.5,26.75,27.0,27.5,27.0,26.5,26.5,26.75,26.25,27.5,27.5,28.75,28.0,27.0,27.0,26.75,26.5,27.25,29.0,29.25,27.75,26.5,26.5,26.25,26.0,27.0,26.75,27.5,27.0,26.75,26.25,26.0,26.0,26.5,27.0,26.25,26.5,26.75,25.75,26.25,26.75
20.0
26.5,26.75,26.5,26.75,26.25,26.5,26.5,26.75,26.5,26.75,26.25,26.75,26.25,26.0,26.5,26.25,26.75,26.25,26.75,26.25,26.5,26.75,26.5,26.25,26.5,27.0,27.25,27.25,26.75,26.0,26.25,26.75,27.0,27.25,28.5,27.25,26.75,26.5,26.0,26.0,26.75,28.5,29.25,28.0,26.75,26.5,26.5,25.75,26.5,27.5,27.25,26.5,26.25,26.25,26.25,25.75,26.75,26.25,27.0,26.25,26.5,26.25,25.75,27.0
21.0
26.75,26.5,26.5,26.25,26.5,26.25,27.25,27.0,26.75,26.75,26.75,26.75,26.5,26.5,26.25,26.5,26.75,26.5,26.75,26.5,27.0,26.75,26.5,26.5,26.5,27.0,27.75,27.0,26.75,26.25,26.5,26.0,27.25,27.25,28.75,27.5,26.25,27.0,26.5,26.5,27.25,28.5,28.75,28.0,26.5,26.75,26.0,26.0,27.0,27.0,27.25,26.75,27.0,26.5,26.0,26.0,26.5,26.25,26.75,26.75,26.25,26.25,25.75,26.5
22.0
26.75,26.75,26.5,26.25,26.5,26.25,27.0,27.0,26.75,26.75,26.25,27.0,26.5,26.75,26.25,26.5,27.0,26.75,27.0,27.0,27.0,27.0,26.75,26.5,27.0,27.25,27.75,27.0,27.0,26.75,27.0,27.0,27.0,27.75,28.75,27.75,26.75,27.0,26.75,26.25,27.25,28.25,29.25,28.5,27.0,26.75,26.0,26.25,27.0,27.5,27.25,26.5,26.75,27.0,26.25,26.0,26.75,26.5,26.75,27.0,26.25,26.5,26.0,26.75
23.0
27.0,26.75,26.75,26.25,26.5,26.5,27.25,27.5,26.75,26.5,26.75,26.5,27.0,26.75,26.5,26.25,27.25,26.5,27.25,26.25,26.75,26.75,26.75,26.5,26.5,27.0,27.5,27.25,26.75,26.75,26.5,27.0,27.25,27.5,28.75,28.0,26.5,26.75,26.5,27.0,27.25,29.0,29.0,28.0,26.75,26.75,26.5,26.0,27.25,27.25,27.25,27.0,27.0,26.75,25.75,26.5,26.5,26.25,27.0,26.75,26.75,26.25,26.25,26.5
24.0
26.75,26.75,27.0,26.25,26.75,26.5,27.25,27.25,26.75,26.75,26.75,26.75,27.25,26.75,26.5,26.5,26.5,26.75,27.0,26.75,26.5,26.75,26.5,26.0,26.75,27.25,27.75,27.25,26.75,26.75,26.75,26.75,27.75,27.25,28.75,27.5,27.0,26.75,26.5,26.75,27.25,28.75,29.0,28.25,27.0,26.75,26.5,26.25,26.75,27.25,27.0,26.75,26.75,26.5,26.25,26.5,27.0,26.5,26.25,26.75,27.0,26.0,25.75,26.5
25.0
26.75,27.0,26.75,26.5,26.5,26.75,26.75,27.0,26.5,27.25,27.0,26.5,26.75,26.25,26.5,26.25,27.0,27.0,27.25,26.75,27.25,27.25,26.75,26.75,26.75,27.25,27.75,27.25,26.75,26.25,27.0,26.75,27.5,27.5,28.5,28.0,26.75,27.0,26.75,26.75,27.75,28.5,28.75,28.25,27.0,27.25,26.5,26.25,26.75,27.5,27.25,26.75,26.75,26.25,26.0,26.5,26.25,26.5,26.25,26.5,26.75,26.0,26.5,26.75
26.0
26.25,26.75,26.0,26.5,26.5,26.5,26.75,27.0,27.0,27.0,26.75,26.75,26.75,26.5,26.0,26.5,26.75,26.5,27.0,26.25,26.5,26.75,26.75,26.0,26.5,26.5,27.25,27.0,26.75,26.25,26.5,26.5,27.0,27.25,28.75,27.5,26.75,26.75,26.25,26.5,27.25,28.25,28.5,28.25,26.25,26.5,26.25,25.5,26.75,27.0,27.0,26.5,26.75,26.25,25.5,26.0,26.5,26.25,26.75,26.5,26.0,25.75,25.5,26.25
27.0
26.5,26.75,27.25,26.5,26.5,26.25,27.25,27.0,27.25,26.75,27.0,26.75,26.75,26.25,26.5,26.5,27.0,27.0,27.25,26.5,27.5,26.75,26.75,26.5,26.75,27.0,27.75,27.25,26.75,26.5,26.75,26.5,27.25,27.75,28.5,27.75,27.0,27.0,26.5,26.5,27.5,28.5,28.75,28.0,26.5,26.75,26.5,26.0,27.25,27.5,27.25,26.75,27.0,26.5,25.75,26.5,26.75,27.0,27.25,27.0,26.25,26.75,26.5,26.5
28.0
26.75,27.0,26.75,26.5,26.75,26.25,27.0,27.5,26.75,26.5,26.75,26.5,26.75,26.5,26.5,26.25,27.5,26.5,26.75,26.5,27.0,26.75,26.75,26.25,26.25,27.0,27.75,27.0,26.5,26.75,26.5,27.0,27.25,27.5,28.75,27.75,26.75,26.75,26.25,26.5,27.25,28.25,29.0,28.0,26.75,26.75,26.5,25.75,27.25,27.25,27.5,26.75,27.0,26.75,26.0,26.25,27.0,26.25,26.5,27.25,26.25,26.0,25.75,26.0
29.0
26.5,26.75,26.75,27.0,27.0,26.5,26.75,26.75,27.0,27.0,27.0,26.5,26.75,26.5,26.5,26.75,27.5,26.75,27.25,26.75,26.75,26.5,26.5,26.0,27.0,27.0,27.25,27.0,26.75,26.5,26.75,26.5,27.75,27.75,28.75,27.5,26.5,26.75,26.5,26.75,27.75,28.5,28.75,28.25,26.75,27.0,26.25,26.0,27.25,27.5,27.5,27.0,26.75,26.75,26.25,26.75,27.0,26.75,26.75,27.0,26.25,26.0,25.75,26.75
30.0
26.25,26.75,26.75,26.5,26.5,26.25,27.0,27.0,26.75,26.75,26.5,26.75,26.75,26.25,26.5,26.5,27.5,27.0,27.25,26.5,26.5,26.5,26.25,26.75,26.5,27.5,27.5,27.0,27.0,26.25,26.75,26.75,27.5,27.5,28.5,27.75,26.5,26.75,26.5,26.75,27.25,28.5,28.75,28.25,26.5,27.25,26.5,26.0,26.75,27.5,27.25,26.5,26.75,26.5,26.0,26.5,26.75,26.5,26.75,26.75,26.25,26.0,25.75,26.75
31.0
26.25,27.0,26.75,26.5,26.75,26.75,27.25,27.25,27.0,26.5,26.75,26.5,26.75,26.25,26.5,26.0,27.0,27.0,26.75,26.5,26.75,27.25,26.5,26.5,26.5,27.25,27.5,27.25,26.25,26.75,26.5,26.5,27.0,27.5,28.25,27.5,26.5,26.5,26.25,26.5,27.5,28.5,28.75,28.25,26.75,26.75,26.0,25.75,26.75,27.0,27.0,27.0,26.5,26.5,26.0,26.25,26.75,26.5,27.0,26.75,26.5,26.25,25.75,27.5
32.0
26.5,27.0,26.75,26.25,26.75,26.75,26.75,27.0,26.75,26.75,26.75,26.75,26.75,26.75,26.25,26.5,26.75,27.0,26.75,26.75,26.75,26.75,26.25,26.25,26.25,27.75,27.5,27.0,26.5,26.5,26.5,26.25,27.25,27.5,28.5,27.75,26.75,27.0,26.25,26.75,27.25,28.5,29.0,28.0,26.75,27.0,26.25,26.25,27.25,27.25,27.25,26.75,27.0,27.0,26.0,26.5,26.75,26.75,26.5,26.75,26.5,26.25,25.75,26.75
33.0
27.0,26.75,26.75,26.25,26.5,26.5,27.0,26.5,26.5,26.0,26.25,26.25,26.5,26.25,26.25,26.0,26.5,26.25,26.75,26.5,26.75,26.75,26.5,26.5,26.0,27.5,27.25,27.0,26.25,26.5,26.5,26.5,27.5,27.25,28.25,28.0,26.75,27.0,26.5,26.75,27.5,28.25,28.75,28.0,26.5,26.75,26.0,26.0,26.25,27.0,27.25,26.75,26.75,26.25,26.0,26.5,26.5,26.5,26.0,26.75,26.25,26.25,25.75,26.75
34.0
27.0,27.0,26.75,26.5,26.5,26.75,27.0,27.0,26.25,26.75,26.75,27.0,26.5,26.25,26.25,26.5,26.75,26.25,26.75,26.75,27.0,26.75,26.75,26.25,27.0,27.25,27.75,27.5,26.5,26.5,26.5,26.75,27.25,27.75,28.5,27.75,26.75,27.0,26.5,26.75,27.75,28.75,29.25,28.5,26.75,26.75,26.25,26.25,27.5,27.75,27.25,27.0,26.75,26.75,26.5,26.25,27.0,27.0,26.75,26.75,26.5,26.0,25.75,26.5
35.0
26.5,27.25,26.5,26.75,27.25,26.75,27.0,27.0,26.75,26.75,26.5,26.75,26.75,26.5,26.75,26.5,27.25,26.75,27.25,26.5,26.5,26.75,26.75,26.5,26.75,27.0,27.25,27.5,26.75,26.25,26.5,26.75,27.25,28.0,28.75,27.75,26.75,26.75,26.25,26.25,27.5,28.25,28.5,27.75,26.5,27.0,26.25,26.25,27.0,27.5,27.25,27.0,26.75,27.0,26.25,26.0,26.5,26.75,26.5,26.75,26.25,25.75,26.25,26.25
36.0
26.5,26.75,27.0,26.75,26.5,26.0,27.0,27.0,26.75,26.5,26.5,26.75,27.25,26.5,26.75,26.5,27.0,27.0,27.0,26.25,27.0,26.5,26.75,27.0,26.5,27.25,27.5,27.25,26.25,26.5,26.5,26.75,27.75,27.75,29.0,28.0,27.0,27.0,27.0,26.5,27.0,28.25,28.75,28.5,27.0,26.75,26.0,25.75,27.25,27.5,27.25,26.75,26.5,26.5,26.25,26.5,26.75,26.75,26.75,27.0,26.25,26.75,26.5,26.75
37.0
26.75,26.75,26.25,26.5,26.75,26.5,26.75,27.0,26.5,26.75,27.25,27.0,26.75,26.25,26.0,26.25,27.5,27.0,26.75,26.25,26.75,26.5,26.75,26.0,26.75,27.25,27.5,27.25,26.5,26.75,26.5,27.0,27.0,27.75,28.5,27.75,26.75,27.0,26.75,27.0,27.5,28.25,28.75,28.25,26.75,27.0,26.0,25.75,27.0,28.0,27.0,26.5,26.75,26.25,26.25,26.25,26.5,26.25,26.5,26.25,26.5,26.5,26.0,26.75
38.0
26.25,27.0,26.5,26.5,26.5,26.75,26.75,26.75,26.5,26.25,26.75,26.75,26.75,26.25,26.0,26.5,26.75,26.25,26.5,26.25,26.75,26.75,26.5,25.75,26.5,26.5,27.75,26.75,26.5,26.25,26.5,26.5,27.0,27.25,28.25,27.5,26.75,27.0,26.25,26.25,27.0,28.0,29.0,28.25,26.25,26.25,26.0,25.75,26.75,27.25,26.75,26.5,26.25,26.5,26.0,25.75,26.0,26.75,26.25,27.0,26.5,25.75,25.75,26.25
39.0
26.75,26.75,26.75,27.0,26.5,26.0,27.25,26.75,26.75,26.75,26.5,26.5,26.75,26.75,26.5,26.5,27.0,26.75,27.0,26.75,26.75,26.75,26.75,26.5,26.75,27.25,27.25,27.0,26.5,26.5,26.25,26.5,27.0,27.25,28.5,28.0,27.0,27.0,26.25,26.5,27.25,28.5,28.5,28.0,26.5,26.5,26.0,26.0,27.0,27.25,27.0,26.75,26.5,26.5,26.25,26.5,26.75,27.0,26.75,27.0,26.5,26.25,26.0,26.75
40.0
26.5,26.75,26.75,26.25,26.75,26.5,26.75,27.25,26.75,26.75,26.75,26.5,26.75,26.25,26.25,26.5,26.5,26.5,26.75,26.5,26.5,26.5,26.5,26.5,26.75,27.0,27.5,27.5,26.5,26.25,26.5,26.75,27.25,27.25,28.75,28.0,26.25,26.75,26.5,26.5,26.75,28.25,28.5,27.75,26.75,26.75,26.25,26.0,27.25,27.25,27.5,26.75,26.75,26.75,26.25,26.5,26.5,26.25,26.5,26.5,26.25,25.75,26.0,26.5
41.0
26.75,27.25,26.5,26.75,26.25,26.5,27.25,26.75,27.0,27.0,26.0,26.75,27.0,26.25,26.5,26.0,27.0,26.75,27.0,26.5,27.0,26.75,26.5,26.5,26.75,26.75,27.25,27.0,26.75,26.75,26.5,26.5,27.0,27.5,28.25,27.5,26.75,26.75,26.5,26.5,26.75,28.0,29.0,28.0,26.5,26.75,26.5,25.75,27.25,27.25,27.25,26.75,26.5,26.5,26.25,26.5,27.0,26.75,26.75,26.5,26.25,26.25,25.5,27.0
42.0
26.5,26.25,27.25,26.5,27.0,26.5,27.0,26.5,27.0,26.75,26.5,26.25,27.0,26.5,26.25,26.25,27.0,26.5,26.5,26.75,26.75,26.5,26.75,26.5,26.25,27.0,27.5,27.0,26.5,26.5,26.5,26.75,27.25,27.5,28.25,28.25,26.75,27.0,26.75,26.25,27.0,28.25,28.75,28.25,26.5,27.0,26.25,26.0,27.0,27.5,27.25,27.0,26.5,26.5,26.0,26.25,26.5,26.25,26.5,26.5,26.25,26.0,25.75,27.0
43.0
26.5,27.25,26.5,26.5,26.5,26.25,27.25,26.75,27.5,27.0,26.75,26.5,26.5,26.5,26.5,26.5,27.0,26.5,27.25,26.0,27.0,26.25,27.0,26.5,26.5,27.25,27.75,27.25,26.75,26.5,26.5,26.75,27.5,27.5,28.5,27.5,26.75,26.75,26.25,26.25,27.25,28.0,28.75,28.25,26.5,26.75,26.75,26.0,27.25,27.5,27.25,26.5,27.0,26.25,25.75,26.5,26.75,26.5,26.5,27.0,26.25,26.25,25.25,26.0
44.0
26.5,27.0,26.75,26.25,26.25,26.5,27.0,26.75,27.0,27.0,26.75,26.25,26.75,26.5,26.5,26.25,26.75,26.75,26.75,26.25,26.75,26.5,26.5,26.25,27.0,27.0,27.5,27.0,26.5,26.25,26.75,26.0,27.0,28.0,28.5,27.75,26.75,27.0,26.5,26.5,27.25,28.25,28.5,28.25,26.25,27.0,26.0,26.0,27.0,27.5,26.75,26.5,26.5,26.25,26.0,26.75,26.75,26.5,26.75,26.5,26.5,26.25,25.75,26.25
45.0
26.5,26.5,27.25,26.25,26.75,26.25,26.5,27.0,27.0,26.25,26.5,26.5,26.75,26.5,26.5,26.5,27.0,26.25,26.75,26.25,26.5,26.75,26.5,26.75,26.5,26.75,27.5,27.0,26.5,26.0,26.5,26.5,27.0,28.0,28.25,27.5,26.25,26.5,26.75,26.5,27.0,28.0,28.75,28.0,27.0,26.75,26.25,25.75,26.5,27.5,26.75,27.0,26.5,26.25,25.75,26.25,26.25,26.25,26.5,26.5,26.0,26.5,25.75,26.5
46.0
26.25,26.5,27.0,26.5,26.5,26.5,27.25,27.0,27.25,26.5,26.75,26.5,26.5,27.0,26.5,26.5,27.0,26.75,26.5,26.5,27.0,26.5,26.5,26.5,27.0,27.0,27.5,27.25,26.75,26.75,26.75,26.5,27.25,27.25,28.5,27.5,26.75,26.5,26.5,26.5,27.25,27.75,29.0,28.25,26.75,27.0,26.25,26.25,27.0,27.0,27.5,27.0,26.5,26.25,25.75,26.25,27.25,26.25,26.75,26.75,26.5,26.0,25.75,26.25
47.0
26.25,27.0,27.0,26.5,26.75,26.25,27.0,27.25,26.75,27.25,27.0,26.75,26.5,26.5,26.75,26.25,26.75,27.0,27.0,27.0,26.5,26.5,26.75,26.25,26.75,27.0,27.25,27.25,26.5,26.25,26.5,26.5,27.25,27.25,28.0,27.5,26.75,26.75,26.5,26.5,26.75,28.0,28.5,28.25,26.75,26.75,26.25,26.25,27.25,27.25,27.0,27.0,27.0,26.5,26.0,26.25,27.0,26.75,26.25,27.25,26.5,26.25,25.75,26.25
48.0
26.0,27.25,26.75,27.25,26.5,26.5,26.75,26.25,26.75,26.75,26.75,26.5,26.75,25.75,26.25,26.0,27.0,26.75,26.75,26.5,26.75,26.5,26.75,26.5,26.5,27.0,27.25,27.0,26.5,26.5,26.5,26.25,27.5,27.5,28.25,28.0,27.0,26.75,26.5,26.5,27.25,28.25,28.75,28.5,26.5,26.5,26.25,26.0,26.75,27.25,27.0,26.5,26.75,26.25,26.0,26.25,26.75,26.75,26.75,26.25,26.5,26.0,26.0,27.0
49.0
27.0,26.75,26.75,26.75,26.5,26.5,27.0,27.25,26.75,26.75,26.5,26.75,27.0,26.0,26.25,26.25,27.25,26.75,26.25,26.75,26.5,26.75,26.25,26.5,26.75,27.0,27.5,27.25,26.25,26.5,26.0,26.5,27.0,27.5,28.5,27.75,26.75,27.0,26.5,26.25,27.5,28.25,28.75,28.0,26.75,26.75,26.25,25.5,26.75,27.25,27.0,27.0,26.25,26.5,25.75,26.25,26.5,26.5,26.75,26.75,26.75,26.0,26.0,26.5
50.0
26.5,27.0,27.0,26.5,26.5,26.5,27.25,26.75,27.0,26.5,26.75,26.25,26.75,26.25,26.75,25.75,26.75,26.25,26.75,26.5,26.5,26.5,26.5,26.5,26.5,27.0,27.25,27.0,26.5,26.75,26.0,26.75,27.25,27.25,28.75,27.75,26.75,27.0,26.25,26.75,27.0,28.5,29.0,28.0,26.5,26.5,26.0,25.75,26.5,27.0,27.0,26.75,27.0,26.25,25.5,26.5,26.5,26.25,26.75,26.5,26.5,25.5,26.25,26.25
51.0
26.0,26.25,26.25,26.0,26.25,26.0,26.5,27.25,26.5,26.5,26.5,26.75,26.5,26.5,26.25,26.5,26.5,26.5,26.75,26.5,26.5,27.0,26.5,26.0,26.5,26.75,27.25,27.0,26.5,26.25,26.25,26.25,27.25,27.25,28.25,27.25,26.5,26.25,26.25,27.0,27.25,27.75,29.0,27.75,26.75,26.5,26.0,26.0,26.75,27.25,27.0,26.75,26.75,26.25,26.0,26.0,26.5,26.25,26.5,27.0,25.75,25.5,25.5,26.75
52.0
26.75,27.0,26.75,26.75,26.25,26.5,27.0,27.25,26.75,26.5,27.0,26.75,26.75,26.25,26.25,26.25,27.0,26.5,27.0,26.25,27.0,26.0,26.75,26.5,26.75,26.75,27.25,27.25,26.75,26.5,26.5,26.5,27.5,28.0,29.0,27.75,26.5,26.75,26.5,26.75,27.5,28.25,29.25,27.75,26.5,26.75,26.25,26.25,27.25,27.25,27.0,26.5,26.5,26.75,25.25,26.0,26.5,26.25,26.5,26.0,26.5,26.0,26.25,26.0
53.0
26.25,26.75,26.75,26.5,26.5,26.5,27.25,27.0,26.5,27.0,26.75,26.75,27.0,26.5,26.5,26.25,27.0,27.0,27.0,26.75,26.5,26.75,26.75,26.0,26.5,27.0,27.25,27.25,26.5,26.25,26.5,26.0,28.0,27.5,28.75,28.0,27.0,26.75,26.5,26.75,27.25,28.5,29.5,27.75,26.5,26.75,26.0,26.0,27.0,27.5,27.5,27.25,26.75,26.25,26.0,26.0,26.75,26.75,26.0,26.25,26.25,26.0,26.25,26.5
54.0
26.5,26.75,27.0,26.5,26.5,26.5,27.0,27.25,27.0,27.0,26.75,26.5,27.25,26.5,26.75,26.75,27.0,26.75,26.5,26.5,26.5,26.75,26.5,25.75,26.75,26.75,27.5,27.0,26.75,26.5,26.25,26.5,27.25,28.0,28.5,27.75,26.75,26.75,26.5,26.5,27.25,28.75,29.25,28.0,26.5,26.75,26.25,26.0,27.25,27.5,27.25,26.75,26.5,26.5,26.25,26.0,26.0,27.0,26.5,26.75,26.5,25.75,25.75,26.0
55.0
27.25,26.75,26.75,27.0,26.75,26.5,27.25,27.25,26.75,26.5,26.75,26.5,26.75,26.75,26.5,26.25,27.0,26.75,27.0,26.75,26.5,27.0,26.75,26.25,26.5,27.25,27.75,27.25,26.75,26.0,26.75,26.5,27.0,27.5,28.75,27.75,26.5,26.75,26.5,26.0,27.5,28.0,29.25,28.25,26.75,26.5,26.25,26.25,26.5,27.75,27.5,26.75,26.75,26.25,25.75,26.5,26.5,26.5,27.0,26.5,26.75,26.25,26.0,26.75
56.0
26.5,26.25,26.5,26.5,26.25,26.75,27.25,27.0,27.0,26.5,26.75,26.5,26.75,26.25,26.75,26.5,26.5,26.5,26.75,26.5,26.5,26.5,26.25,26.25,26.5,27.0,27.25,26.75,26.5,26.25,26.5,26.5,26.75,27.5,28.5,27.75,26.75,26.5,26.5,26.5,27.25,28.0,29.25,27.5,26.0,26.75,25.5,25.5,27.0,27.5,27.5,26.75,26.75,26.5,25.75,26.5,26.5,26.5,27.0,26.25,26.5,26.0,25.5,26.5
57.0
26.5,26.25,26.5,26.5,26.25,26.75,27.25,27.0,27.0,26.5,26.75,26.5,26.75,26.25,26.75,26.5,26.5,26.5,26.75,26.5,26.5,26.5,26.25,26.25,26.5,27.0,27.25,26.75,26.5,26.25,26.5,26.5,26.75,27.5,28.5,27.75,26.75,26.5,26.5,26.5,27.25,28.0,29.25,27.5,26.0,26.75,25.5,25.5,27.0,27.5,27.5,26.75,26.75,26.5,25.75,26.5,26.5,26.5,27.0,26.25,26.5,26.0,25.5,26.5
58.0
26.25,27.0,26.75,27.0,27.0,26.75,27.0,27.25,26.75,27.0,26.5,26.5,27.0,26.75,26.75,26.5,27.0,26.75,27.0,26.25,26.75,27.0,26.5,26.5,26.75,26.75,27.75,27.0,26.75,26.25,26.5,26.75,27.0,27.75,29.0,27.75,26.75,27.0,26.75,26.25,27.5,28.75,29.25,27.75,26.5,27.0,26.0,25.5,27.0,27.5,27.5,26.75,26.5,26.5,26.0,26.5,26.75,26.5,26.75,26.75,26.5,25.75,26.0,26.75
59.0
26.75,27.0,26.75,26.75,27.0,26.75,26.75,27.25,26.5,26.5,26.5,26.75,26.5,26.5,26.75,26.25,27.0,27.0,27.25,26.25,26.5,26.75,26.25,26.5,26.5,27.0,27.5,27.0,26.5,26.5,26.5,26.5,27.5,27.25,29.0,28.0,27.0,27.0,26.75,27.0,27.5,28.25,29.25,28.0,26.75,27.0,26.5,25.75,26.75,27.5,26.75,26.75,26.75,26.5,26.25,26.25,26.25,26.75,26.5,27.0,26.5,25.75,26.0,26.25
60.0
26.75,27.25,26.5,26.25,26.75,26.75,27.25,27.75,26.75,27.0,26.75,26.75,26.5,26.5,26.5,26.25,27.0,27.0,26.75,26.5,26.5,26.75,26.5,26.0,26.5,27.0,27.5,27.25,26.75,26.5,26.5,26.5,27.5,27.75,29.0,28.0,27.0,26.75,26.75,26.5,27.0,28.25,29.0,28.25,26.25,27.0,26.0,26.0,27.0,27.5,27.5,27.0,26.5,26.75,26.0,26.75,26.5,27.0,27.25,26.75,27.0,26.5,25.75,27.5
