1.0
26.25,27.0,26.75,28.5,27.25,26.5,27.25,26.75,26.25,27.0,28.5,29.0,27.75,26.5,26.25,26.25,27.0,26.5,27.5,27.0,26.25,26.5,26.75,26.75,26.5,26.75,26.25,26.25,26.25,26.25,26.5,26.25,26.5,26.25,26.0,26.0,26.25,26.5,26.25,26.0,26.5,26.0,26.25,26.5,26.25,26.5,26.0,26.0,26.25,26.5,26.25,26.0,26.25,25.75,25.75,26.0,25.75,26.0,25.75,26.5,25.5,25.25,25.75,26.0
2.0
26.25,26.75,27.25,28.25,27.5,26.5,27.25,27.25,26.5,26.75,28.5,28.5,27.5,26.75,26.25,26.75,26.75,27.0,28.0,27.5,26.5,26.75,26.75,26.25,26.0,26.5,26.75,26.25,26.25,26.0,26.0,26.25,26.25,26.0,26.25,26.0,26.25,26.25,26.5,26.5,26.25,26.75,26.5,26.25,25.5,26.0,26.0,25.75,26.0,26.5,26.0,26.25,26.25,26.0,26.0,25.25,26.0,26.0,25.5,26.25,26.0,25.75,25.75,25.5
3.0
26.25,27.0,26.5,28.5,27.5,26.75,27.25,26.75,26.25,26.75,28.75,28.5,27.5,26.75,26.75,25.5,26.75,26.5,27.5,27.25,26.5,26.25,26.25,26.25,26.5,26.5,26.25,26.5,25.75,26.5,26.0,26.25,26.75,26.25,26.25,26.0,26.25,26.25,26.25,26.25,26.5,26.25,26.5,26.25,26.25,26.5,25.5,25.5,26.0,26.5,26.0,25.75,25.75,25.75,25.5,25.75,26.5,25.75,26.0,26.25,25.75,25.75,25.25,25.25
4.0
26.25,26.75,27.0,28.25,27.25,26.5,27.25,26.75,26.5,27.0,28.25,29.0,27.75,26.5,26.25,26.75,27.0,26.75,27.5,27.25,26.5,26.5,26.75,26.0,26.5,26.5,26.5,26.25,26.25,26.0,26.25,26.25,26.5,26.5,26.25,26.0,26.0,26.75,26.5,26.5,26.75,26.5,26.5,26.5,26.0,26.25,25.75,25.75,25.75,26.75,26.25,25.75,26.5,26.0,25.75,25.75,26.25,26.0,26.0,26.0,25.25,26.0,25.75,25.75
5.0
26.25,26.75,27.5,28.5,27.5,26.75,27.25,27.25,26.75,27.0,28.5,28.75,27.5,26.25,26.75,26.25,26.75,26.75,27.5,26.75,26.5,26.5,26.25,26.25,26.25,26.5,26.25,26.25,26.0,26.0,26.5,26.25,26.5,26.0,26.5,26.25,26.5,26.25,26.5,26.25,26.75,26.25,26.5,26.5,26.25,26.25,26.0,25.75,26.5,26.25,26.25,26.25,26.5,26.5,26.0,25.5,26.5,25.5,26.0,26.5,26.0,25.75,25.5,26.25
6.0
26.75,26.75,27.0,28.75,27.0,26.25,27.25,26.5,26.25,27.25,29.0,29.0,28.0,26.5,26.5,26.25,26.5,26.75,27.75,27.25,26.5,26.25,26.5,26.25,26.25,26.5,26.5,26.25,26.25,26.25,26.0,26.25,27.0,26.25,26.5,26.25,26.25,26.25,26.25,25.75,26.5,26.5,26.75,26.25,26.0,26.0,26.5,25.5,26.25,26.0,26.25,25.75,25.75,26.0,25.75,25.5,25.75,26.0,25.75,26.25,26.0,26.0,25.5,26.0
7.0
26.75,26.75,27.0,28.75,27.0,26.25,27.25,26.5,26.25,27.25,29.0,29.0,28.0,26.5,26.5,26.25,26.5,26.75,27.75,27.25,26.5,26.25,26.5,26.25,26.25,26.5,26.5,26.25,26.25,26.25,26.0,26.25,27.0,26.25,26.5,26.25,26.25,26.25,26.25,25.75,26.5,26.5,26.75,26.25,26.0,26.0,26.5,25.5,26.25,26.0,26.25,25.75,25.75,26.0,25.75,25.5,25.75,26.0,25.75,26.25,26.0,26.0,25.5,26.0
8.0
26.25,27.0,26.5,28.25,27.5,26.75,27.25,26.5,26.5,26.75,28.5,28.25,28.0,26.5,26.25,26.25,26.75,26.5,27.25,27.0,26.75,26.5,26.5,26.0,26.0,26.5,26.75,26.5,26.25,26.0,26.5,26.25,26.75,26.25,26.25,26.25,26.25,26.0,26.5,25.75,26.5,26.25,26.25,26.5,26.0,26.25,25.75,26.0,26.0,26.0,26.25,26.0,26.25,25.75,25.75,25.75,26.5,26.0,26.0,26.0,25.5,25.75,25.75,25.5
9.0
26.5,27.0,26.5,28.25,27.5,26.75,26.75,26.75,26.5,27.0,28.25,28.5,27.5,26.5,26.25,26.5,26.5,26.5,27.5,27.0,26.75,26.5,26.25,26.25,26.75,26.75,26.5,26.25,26.25,26.25,26.25,26.75,26.25,26.25,26.25,26.0,26.25,26.5,26.5,26.5,26.75,26.5,26.5,26.5,26.25,26.25,26.0,25.75,26.25,27.0,26.25,26.25,26.25,26.25,25.75,25.75,26.0,26.25,26.0,26.25,25.75,25.75,25.75,26.0
10.0
26.5,26.75,26.75,28.5,27.5,26.5,27.0,26.75,26.5,27.0,28.5,28.5,27.75,26.25,26.25,26.25,26.5,26.75,27.75,27.25,26.5,26.25,26.25,26.5,26.5,26.75,26.5,26.25,26.5,26.25,26.25,26.0,27.0,26.5,26.5,26.25,26.25,26.5,26.25,26.5,26.75,26.25,26.75,26.0,26.25,26.0,26.25,25.75,25.75,26.5,26.5,25.75,26.25,26.0,26.0,25.75,26.0,26.5,26.0,26.25,26.0,26.25,25.5,25.5
11.0
26.75,27.25,27.5,28.25,27.25,26.5,27.5,27.5,26.25,27.0,28.75,28.75,27.75,26.0,26.5,26.0,27.0,26.75,27.75,27.0,26.5,26.75,26.75,26.0,26.75,26.75,26.5,26.5,26.5,26.25,26.0,26.75,26.75,26.5,26.5,26.25,26.75,26.25,26.75,26.75,26.75,26.5,26.75,26.5,26.0,26.25,26.0,26.0,26.5,26.5,26.5,26.0,26.5,26.25,25.75,25.5,26.0,26.75,26.0,26.0,26.0,25.5,25.75,25.75
12.0
26.5,27.25,27.5,28.75,27.5,26.75,27.0,26.5,26.5,27.0,28.75,28.75,27.75,26.5,26.25,27.0,26.5,27.0,27.5,27.0,26.75,26.25,26.75,26.5,26.5,26.75,26.5,26.25,26.5,26.25,26.25,26.25,26.75,26.5,26.0,26.0,26.5,26.25,26.5,26.5,26.75,26.5,26.75,26.5,26.25,26.5,26.25,26.0,26.0,26.25,26.25,25.75,25.75,25.75,25.75,25.5,26.25,26.5,26.0,25.75,26.0,25.5,26.0,25.75
13.0
26.25,26.75,27.0,28.5,27.25,26.25,27.25,26.5,26.5,26.5,29.0,28.75,27.75,26.25,26.5,26.5,26.25,27.0,28.0,27.25,26.5,26.75,26.75,26.25,26.75,27.0,26.75,26.25,26.5,26.0,26.25,26.5,26.75,26.5,26.25,26.5,26.25,26.5,26.75,26.75,26.75,27.0,27.0,26.5,26.5,26.5,26.0,25.75,25.75,26.25,25.75,26.0,25.75,26.0,25.75,25.5,26.0,26.25,26.0,26.25,26.0,26.25,25.75,25.75
14.0
26.25,27.25,27.25,29.0,27.25,26.5,28.0,27.25,26.5,26.75,28.75,28.75,27.5,26.0,26.75,26.25,26.75,26.5,27.5,27.25,26.75,26.75,26.5,26.25,26.0,26.5,26.25,26.5,26.5,26.5,26.25,26.25,26.75,26.5,26.25,26.25,26.25,26.25,26.25,26.5,26.5,26.75,26.75,26.75,26.25,26.5,25.75,25.75,26.5,26.75,26.0,26.25,26.0,26.5,25.75,25.5,26.5,25.5,26.25,26.0,25.75,25.5,26.0,25.75
15.0
26.75,27.0,27.0,28.25,27.5,26.5,27.25,27.0,26.5,26.75,29.0,28.75,27.75,26.5,26.0,26.5,27.0,27.0,27.5,27.0,26.5,26.5,26.25,26.5,26.5,26.5,26.5,26.25,26.0,26.25,26.0,26.5,26.0,26.5,26.5,26.5,26.0,26.5,26.25,26.25,27.0,26.5,26.5,26.5,26.25,26.25,26.25,25.25,25.75,26.5,26.0,25.75,26.0,26.25,25.75,25.75,25.75,26.25,25.75,26.0,26.25,25.5,25.25,25.75
16.0
26.25,26.75,26.75,28.5,27.25,26.5,27.0,26.5,26.25,27.0,29.0,29.0,27.75,26.75,26.5,26.75,26.5,26.75,28.0,27.0,26.5,26.5,26.5,26.25,26.5,26.25,26.25,26.25,26.25,26.25,26.5,26.25,26.75,26.25,26.0,26.0,26.5,26.5,26.5,26.75,26.75,26.25,26.75,26.25,25.75,26.25,26.0,25.75,26.25,26.25,26.25,26.0,26.25,25.75,25.25,25.75,25.75,25.75,25.5,25.75,25.75,25.75,25.0,25.5
17.0
26.25,27.25,27.0,28.25,27.75,26.25,26.75,26.75,26.25,26.75,28.75,28.75,27.5,26.25,26.5,26.25,27.0,26.75,27.5,27.25,26.75,26.5,26.25,26.25,26.0,26.5,26.75,26.25,26.25,26.25,26.0,26.5,26.5,26.25,26.25,26.5,26.25,26.25,26.5,26.5,27.0,26.5,26.75,26.5,26.25,26.25,26.25,26.5,26.5,26.5,26.25,26.5,26.25,26.0,25.75,26.75,26.5,26.0,25.75,26.25,25.75,26.0,25.75,25.5
18.0
26.25,27.0,27.5,28.75,27.75,26.5,27.25,26.75,26.25,27.0,29.0,29.0,28.0,26.25,26.5,26.25,26.5,27.0,27.25,27.25,26.75,27.0,26.25,26.0,26.25,26.5,26.5,26.25,26.5,26.25,26.25,26.75,26.75,26.0,26.25,26.25,26.5,26.5,26.5,26.0,26.75,26.5,26.5,26.25,26.25,26.5,26.0,25.5,26.5,26.25,26.25,25.75,26.5,26.0,26.25,26.0,26.75,25.75,26.25,26.0,26.0,25.5,25.75,25.75
19.0
26.5,26.75,26.75,28.5,27.25,26.5,27.25,26.75,26.25,27.0,28.75,28.75,27.5,26.5,26.5,26.25,27.25,27.0,27.75,27.0,26.5,26.25,26.25,26.0,26.25,26.5,26.5,26.75,26.0,26.25,26.25,26.0,26.25,26.25,26.25,26.0,26.75,26.75,26.5,26.75,26.75,26.75,26.5,26.25,26.5,26.5,26.0,25.25,26.5,26.5,26.0,26.0,26.25,26.25,25.5,25.75,25.75,25.75,26.25,26.5,25.75,25.25,25.75,26.25
20.0
26.0,26.5,26.75,28.25,27.5,26.75,26.75,27.25,26.75,26.75,28.75,29.0,27.75,26.25,26.25,26.5,27.25,26.75,27.75,27.25,27.0,26.5,26.5,26.0,26.25,26.5,26.25,26.25,26.5,26.25,26.25,26.5,26.5,26.0,25.75,26.0,26.5,26.25,26.5,27.0,26.75,25.75,26.75,26.5,26.0,26.25,26.25,25.75,26.0,26.75,26.25,26.0,26.0,26.5,26.0,25.75,25.75,26.25,26.0,26.25,26.25,25.75,26.25,25.75
21.0
26.75,26.75,27.0,28.25,28.0,26.25,27.0,27.25,26.5,26.75,28.75,29.0,27.5,26.0,26.0,26.5,26.75,26.75,27.75,27.5,26.75,26.5,25.75,26.0,26.0,26.5,26.25,26.25,26.5,26.25,26.5,26.25,26.25,26.0,26.25,26.25,26.5,26.0,26.5,26.0,26.75,26.25,26.75,26.5,25.5,26.5,25.5,25.5,26.5,26.75,26.25,25.75,26.5,26.0,26.0,26.0,26.0,26.0,26.25,25.5,26.0,26.25,25.5,25.75
22.0
26.5,27.0,26.75,28.75,27.5,26.75,27.5,27.25,26.75,26.75,28.75,28.75,27.75,26.5,26.5,26.5,26.0,27.25,27.75,28.0,26.25,26.25,26.5,26.0,26.5,26.5,26.5,26.5,26.5,26.25,26.5,26.5,26.5,26.75,26.5,26.25,26.5,26.75,26.75,26.75,27.0,26.25,26.75,26.25,26.25,26.5,26.0,26.0,26.25,26.75,26.0,25.75,26.25,26.5,25.75,26.0,26.25,25.75,26.0,26.25,25.75,26.0,26.25,25.25
23.0
26.5,27.0,27.0,28.75,27.75,26.5,27.0,26.5,26.75,27.0,28.5,28.75,27.75,26.5,26.25,26.25,26.75,27.0,27.25,27.25,26.75,26.5,26.75,26.0,26.5,26.5,26.5,26.25,26.25,26.25,26.25,26.25,26.5,26.25,26.25,26.5,26.25,26.5,26.25,26.25,26.75,26.25,26.5,26.75,26.0,26.5,26.25,25.75,26.5,26.25,25.75,26.0,26.5,26.25,25.5,26.0,26.25,26.25,26.0,26.0,25.75,25.5,25.5,26.0
24.0
26.25,26.5,26.5,28.75,27.75,26.25,27.5,26.5,26.75,27.0,28.75,28.5,28.0,26.5,26.5,26.25,27.0,27.0,27.25,27.5,26.5,26.25,26.75,26.25,26.0,26.5,26.5,26.5,26.25,26.5,26.25,26.75,27.25,26.5,26.5,26.25,26.5,26.5,26.5,26.75,26.5,26.0,26.75,26.5,26.25,26.5,26.0,26.25,26.5,26.5,26.25,26.0,26.5,26.5,25.5,26.25,26.0,25.5,26.5,26.25,26.0,25.75,25.5,25.25
25.0
26.0,27.25,26.75,28.75,27.0,26.5,26.75,26.75,27.0,26.75,28.5,28.75,28.0,26.75,26.5,26.0,26.75,26.75,27.75,27.25,26.5,26.5,26.25,26.0,26.5,26.75,26.25,26.25,26.25,26.0,26.5,26.25,26.5,26.25,26.0,26.25,26.5,26.5,26.5,26.25,26.0,26.5,26.75,26.5,25.75,26.0,26.0,25.75,26.5,26.0,26.5,26.0,26.5,26.0,25.75,25.5,26.0,26.25,26.0,26.5,26.0,25.75,26.0,26.0
26.0
26.75,27.0,27.0,28.5,27.75,26.5,27.0,26.75,26.25,26.5,28.5,28.5,27.75,26.25,26.0,26.25,26.5,27.0,27.75,27.25,26.75,26.25,26.5,26.5,26.25,26.5,26.75,26.5,26.5,26.75,26.25,26.25,26.5,26.25,26.25,26.25,26.25,26.75,26.75,26.0,26.5,26.5,26.75,26.5,26.25,26.25,26.0,26.25,26.25,26.75,26.25,26.0,26.5,26.0,26.0,26.0,26.5,26.25,26.0,26.0,26.5,25.75,26.0,26.0
27.0
26.0,26.75,26.75,28.75,27.5,26.5,27.25,26.25,26.75,27.0,28.75,29.0,27.75,26.25,26.0,26.0,26.75,26.75,27.75,27.0,26.75,26.75,26.25,26.25,26.25,26.5,26.5,26.25,26.25,26.25,26.5,26.75,26.75,26.25,26.25,26.0,26.25,26.25,26.5,26.5,26.0,27.0,26.5,26.5,25.5,26.25,25.75,25.5,26.25,26.5,26.25,26.5,26.5,26.5,26.0,26.25,25.75,26.25,26.25,26.0,26.5,26.0,26.0,25.75
28.0
26.5,26.75,26.75,28.75,27.5,26.5,27.25,27.0,26.25,26.75,28.75,28.75,28.25,26.5,26.0,26.5,26.75,26.75,28.0,27.25,26.5,26.5,26.5,26.5,26.5,26.75,26.5,26.75,26.25,26.25,26.25,27.0,26.75,26.5,26.5,26.25,26.5,26.75,26.75,26.25,26.5,26.75,27.0,26.5,26.25,26.25,26.25,26.0,26.5,26.25,26.5,25.75,26.25,26.0,26.0,25.75,26.5,26.0,26.25,25.75,26.5,26.0,25.75,26.0
29.0
26.25,27.25,26.75,28.5,27.75,26.5,27.25,27.0,26.25,27.0,28.75,28.5,27.5,26.5,26.75,26.5,27.0,27.0,27.75,27.5,26.5,26.5,26.25,26.25,26.5,26.75,26.75,26.5,26.25,26.25,26.25,26.5,25.75,26.0,26.25,26.25,26.75,26.25,26.25,26.5,26.75,26.5,27.0,26.25,25.75,26.25,26.25,25.75,26.5,26.5,26.25,26.0,26.0,26.25,26.5,25.75,26.0,26.25,26.5,26.5,26.25,25.75,26.0,25.75
30.0
26.5,27.0,26.75,28.75,28.0,26.25,27.25,27.25,26.5,27.25,28.75,29.0,28.0,26.25,26.75,26.75,27.25,26.75,27.75,27.5,26.75,26.75,26.75,26.5,26.5,27.0,26.75,26.5,26.75,26.25,26.5,26.75,26.5,26.5,26.5,26.25,26.25,26.75,26.5,26.75,26.75,26.25,26.5,26.5,26.25,26.75,26.25,25.5,26.25,26.75,26.25,26.0,26.0,26.25,26.0,26.0,26.25,26.25,26.25,26.5,26.5,26.0,26.0,25.5
31.0
26.25,27.25,26.75,28.25,28.0,26.5,27.5,26.25,26.75,27.0,28.5,29.0,28.0,26.75,26.0,26.5,27.0,27.0,27.5,27.5,27.0,26.75,26.5,26.25,26.5,26.75,26.75,26.25,26.25,26.0,26.5,26.25,27.0,26.0,26.25,26.25,26.5,26.5,26.25,26.25,27.0,26.25,27.0,26.75,26.25,26.25,26.25,25.75,27.25,26.75,26.25,26.0,26.25,26.25,26.0,25.5,26.0,26.0,26.5,26.0,26.25,26.0,26.0,26.0
32.0
26.5,26.25,27.25,28.25,28.0,26.25,27.5,27.0,26.75,26.5,28.75,28.75,27.5,26.5,26.5,26.5,27.25,27.0,28.0,27.25,27.0,26.75,26.25,26.0,26.5,26.5,26.5,26.5,26.5,26.75,26.5,26.25,26.5,26.25,26.5,26.25,26.75,26.75,26.75,26.75,26.75,26.75,26.5,26.75,25.75,26.5,25.75,25.75,26.5,26.5,26.25,26.25,25.75,26.5,25.75,25.75,26.25,26.25,26.0,25.75,26.25,25.75,26.0,26.25
33.0
26.0,26.75,26.5,28.25,28.0,26.5,27.5,26.75,27.0,27.0,28.75,29.0,27.75,26.25,26.5,26.75,26.5,27.25,27.75,27.25,26.5,26.5,26.5,26.0,26.75,26.5,26.75,26.25,26.25,26.0,26.25,26.5,27.0,26.5,26.5,26.25,26.25,26.25,26.75,26.25,26.25,26.5,26.75,26.5,26.5,27.0,26.0,25.75,26.25,26.5,26.25,26.5,25.75,25.75,26.0,26.5,26.75,25.75,26.25,25.75,26.25,25.75,25.75,26.0
34.0
26.5,26.75,27.25,28.25,28.0,26.5,27.25,27.25,26.0,27.0,28.25,28.75,27.75,26.5,26.25,26.25,26.75,26.75,27.75,27.25,26.75,26.75,26.0,26.5,26.5,26.5,26.5,26.25,26.5,26.25,26.5,26.25,27.0,26.25,26.25,26.0,26.75,26.5,26.5,26.0,26.75,26.25,26.75,26.75,26.25,26.25,26.25,26.0,26.25,26.5,26.25,26.0,26.25,25.75,26.0,26.0,26.25,26.25,26.5,26.0,25.75,26.0,26.25,26.25
35.0
26.5,26.75,27.0,28.75,28.5,26.75,27.0,27.25,26.5,27.0,28.75,28.75,27.75,26.5,26.25,26.25,27.0,27.0,27.5,27.75,26.5,26.5,26.75,26.5,26.5,26.5,26.5,26.25,26.25,26.5,26.25,26.25,26.5,26.25,26.25,26.25,26.5,26.5,26.5,26.75,26.5,26.5,27.0,26.5,26.25,26.5,26.0,26.25,26.0,26.5,26.25,26.5,26.5,26.25,25.5,25.75,26.25,26.25,26.0,26.25,26.0,25.75,25.5,25.75
36.0
26.5,27.25,27.0,28.25,28.5,26.5,27.25,27.25,26.5,26.75,28.75,28.75,27.5,26.25,26.5,26.5,27.0,26.75,27.5,27.25,26.5,27.0,26.5,25.75,26.75,26.75,26.75,26.5,26.25,26.0,26.25,26.5,27.0,26.75,26.25,26.25,26.5,26.5,26.75,26.25,26.75,26.75,26.5,26.75,26.5,26.5,26.5,26.0,26.75,26.75,26.25,26.0,26.25,26.0,26.0,25.5,26.5,26.5,25.5,26.25,25.75,26.25,26.25,25.5
37.0
26.5,26.75,26.75,28.5,28.0,26.5,27.0,26.75,26.25,26.75,28.75,29.25,27.75,26.25,26.25,26.5,27.0,27.0,27.5,27.25,26.5,26.75,26.5,26.5,26.25,26.5,26.5,26.75,26.5,26.0,26.75,26.25,26.75,26.5,26.25,26.25,26.5,26.25,26.25,26.5,26.75,26.25,26.75,26.75,26.5,26.0,26.0,25.75,26.5,26.5,25.75,26.0,26.25,26.75,26.0,25.5,25.75,26.25,26.25,26.25,25.5,25.75,26.0,26.0
38.0
26.5,27.0,26.75,28.75,28.25,26.25,27.0,26.75,26.5,26.75,28.5,29.25,27.5,26.25,26.75,26.25,26.5,26.75,27.5,27.75,26.5,26.75,26.5,26.25,26.25,26.5,26.5,26.5,26.5,26.0,26.5,26.25,26.5,26.75,26.0,26.25,26.5,26.25,26.25,26.5,26.0,26.75,26.5,26.5,26.25,26.5,26.0,26.0,26.75,26.5,26.25,26.0,26.25,26.0,26.25,25.5,25.75,26.25,26.25,26.0,26.0,25.5,25.75,25.75
39.0
25.75,26.75,27.25,28.5,28.0,26.25,27.5,27.25,26.5,27.25,28.75,28.75,27.75,26.25,26.5,26.5,26.5,27.0,27.5,27.0,27.0,26.5,26.25,26.5,26.5,26.75,26.5,26.5,26.25,26.25,26.5,26.25,27.0,26.25,26.5,26.25,26.75,26.25,26.75,26.5,26.75,26.5,26.75,27.0,26.25,26.25,26.0,26.0,26.25,26.25,26.0,26.0,26.25,26.0,25.75,25.75,26.25,26.0,26.0,26.75,26.0,25.5,25.5,26.25
40.0
26.75,26.75,26.75,28.0,28.0,26.25,27.5,27.0,26.5,27.0,28.5,28.75,27.75,26.75,26.0,26.5,27.0,26.75,28.0,27.0,27.0,26.5,26.25,26.0,26.75,27.0,26.75,26.25,26.5,26.25,26.5,26.75,26.75,26.5,26.5,26.25,26.75,26.5,26.25,26.75,27.0,26.5,27.25,26.25,26.5,26.5,26.5,26.0,26.5,26.25,26.0,25.75,26.0,26.0,26.25,26.25,26.5,25.75,26.0,26.25,26.0,26.0,25.5,26.0
41.0
26.75,27.0,26.75,28.75,28.0,26.75,27.0,27.25,26.5,27.25,28.75,28.75,28.25,26.5,26.75,26.25,27.0,27.0,27.75,26.75,27.0,26.5,26.25,26.25,26.0,26.75,26.75,26.75,26.25,26.25,26.0,26.75,26.75,26.5,26.25,26.5,26.25,26.75,26.5,26.75,26.5,26.5,26.5,26.75,26.5,26.25,25.75,25.75,26.5,26.5,26.5,26.25,26.25,26.5,26.0,26.25,26.0,26.25,26.0,26.25,26.0,26.25,25.75,26.25
42.0
26.75,27.0,27.25,28.5,27.75,26.0,27.25,27.25,26.75,27.0,29.0,28.5,28.25,26.25,26.5,26.5,27.0,26.75,27.75,27.0,26.75,26.75,26.25,26.25,26.25,26.5,26.25,26.5,26.5,26.25,26.25,26.75,26.75,26.75,26.5,26.25,26.5,26.75,26.25,26.25,26.5,26.5,26.75,26.75,26.5,26.0,26.5,25.75,26.25,26.5,26.25,26.25,26.25,26.25,25.5,26.0,26.0,26.0,26.25,26.0,26.25,25.75,26.25,26.0
43.0
26.0,27.0,27.0,28.5,28.0,26.5,27.0,27.25,26.25,27.25,29.0,28.75,28.0,26.25,26.5,26.75,27.5,27.0,27.75,27.25,26.5,26.5,26.5,26.25,26.5,26.5,26.5,26.25,26.5,26.25,26.75,26.75,26.75,26.5,26.25,26.25,26.5,26.75,26.5,27.0,26.25,26.25,26.5,26.5,26.25,26.5,26.25,26.0,26.25,26.75,26.5,26.25,26.5,26.5,26.25,26.0,26.25,26.25,26.0,26.5,26.25,25.75,25.75,26.25
44.0
26.0,27.0,27.0,28.5,28.0,26.5,27.25,27.0,26.5,27.25,29.25,29.0,27.75,26.5,26.25,26.25,26.75,27.0,27.75,27.25,26.5,26.25,26.25,26.25,26.5,26.75,26.25,26.5,26.5,26.25,26.5,27.0,27.25,26.0,26.0,26.5,26.5,26.25,26.5,26.25,26.75,26.5,27.0,26.75,26.0,26.25,26.5,26.0,26.5,26.75,26.25,26.0,26.25,26.5,26.25,26.0,26.0,26.0,26.25,26.75,26.5,26.25,25.5,26.25
45.0
26.0,27.0,27.0,28.5,28.0,26.5,27.25,27.0,26.5,27.25,29.25,29.0,27.75,26.5,26.25,26.25,26.75,27.0,27.75,27.25,26.5,26.25,26.25,26.25,26.5,26.75,26.25,26.5,26.5,26.25,26.5,27.0,27.25,26.0,26.0,26.5,26.5,26.25,26.5,26.25,26.75,26.5,27.0,26.75,26.0,26.25,26.5,26.0,26.5,26.75,26.25,26.0,26.25,26.5,26.25,26.0,26.0,26.0,26.25,26.75,26.5,26.25,25.5,26.25
46.0
26.0,26.75,27.0,28.25,27.75,26.5,27.25,26.75,26.75,27.0,29.0,28.75,27.75,26.75,26.5,26.5,27.0,27.0,27.75,27.25,26.75,26.5,26.5,26.25,26.25,26.75,26.5,26.5,26.25,26.5,26.5,26.25,27.0,26.25,26.5,26.0,26.75,26.25,26.5,26.75,26.5,26.5,26.5,26.75,26.25,26.0,26.25,25.75,26.0,26.75,26.0,26.25,26.25,26.25,25.75,26.5,26.0,26.5,26.0,26.5,25.5,25.75,26.0,25.75
47.0
26.5,27.0,26.75,28.5,27.5,26.5,27.5,27.0,26.25,26.75,28.75,28.5,27.75,26.25,26.5,26.0,26.5,27.0,27.5,27.5,26.5,26.25,26.75,26.25,26.5,27.0,26.5,26.5,26.25,26.0,26.0,26.25,26.5,26.25,26.5,26.0,26.0,26.5,26.25,26.75,26.5,26.25,27.0,26.75,26.25,26.75,26.0,26.25,26.25,26.25,26.0,25.75,26.5,26.25,26.0,25.75,25.75,26.0,26.0,26.25,26.25,25.5,25.75,26.5
48.0
26.5,27.25,27.25,28.5,27.5,26.75,26.75,26.75,27.0,27.0,28.75,28.75,28.0,26.25,26.25,26.0,27.0,27.0,27.5,27.75,27.0,26.75,26.25,26.25,26.25,27.0,26.75,26.5,26.0,26.25,26.0,26.75,26.75,26.0,26.5,26.5,26.5,26.75,26.25,26.5,26.75,26.75,26.5,26.75,26.75,26.75,26.25,26.25,26.5,26.75,26.25,26.0,26.25,26.5,25.5,26.0,26.25,26.25,26.5,26.25,26.5,25.5,26.25,26.75
49.0
26.75,26.75,26.75,28.5,28.0,26.5,27.5,27.0,26.5,27.0,28.5,29.0,27.5,26.25,26.25,26.25,27.75,27.25,27.75,27.5,27.0,26.75,26.75,26.5,26.5,26.75,26.5,26.5,26.25,26.0,26.5,26.75,26.75,26.5,26.25,26.25,26.5,26.75,27.0,26.5,26.5,26.5,26.75,26.75,26.25,26.5,26.25,25.75,26.25,26.75,26.0,26.5,26.25,26.0,26.0,26.25,26.5,25.75,26.25,25.75,26.0,26.0,26.0,26.0
50.0
26.75,27.0,26.75,28.0,28.0,26.5,27.25,27.0,26.25,26.75,29.0,29.0,27.75,26.0,26.25,26.25,26.75,26.5,28.0,27.25,26.75,26.75,26.75,26.25,26.5,26.5,26.25,26.5,26.25,26.25,26.5,26.75,27.25,26.75,26.5,26.25,26.25,26.75,26.5,26.25,26.5,26.25,26.25,26.5,26.25,26.5,25.75,26.25,26.5,26.5,26.25,26.25,26.75,26.0,26.25,26.0,26.25,26.25,26.25,26.25,26.25,25.75,25.5,25.75
51.0
26.5,26.75,27.25,28.25,28.0,26.5,27.5,26.75,26.75,27.0,29.0,29.0,28.0,26.5,26.5,26.0,27.0,26.5,27.5,27.25,26.75,26.5,26.25,26.25,26.25,26.5,26.5,26.25,26.25,26.25,26.25,26.5,26.75,26.0,26.5,26.5,26.5,26.0,26.5,26.5,26.75,26.5,26.75,26.5,26.0,26.5,26.0,26.25,26.25,26.5,26.5,25.75,26.5,26.5,26.25,25.75,26.5,26.0,26.25,26.25,26.25,25.75,26.0,26.5
52.0
25.75,27.25,26.75,28.5,27.5,26.75,27.0,27.0,26.75,27.25,29.0,28.5,28.0,26.25,26.5,26.5,27.25,26.5,27.75,27.25,26.75,26.5,26.25,26.0,27.0,27.0,26.75,26.25,26.75,26.25,26.25,26.5,26.5,26.75,26.25,26.5,26.0,26.25,26.75,26.0,26.5,26.25,27.0,26.25,26.5,26.5,26.25,26.0,26.0,26.75,26.25,26.25,26.5,26.5,25.75,26.0,26.5,26.0,26.0,26.75,25.75,26.25,26.0,25.75
53.0
26.25,27.0,27.0,28.75,28.0,26.5,27.25,26.75,26.5,26.75,29.25,28.75,27.75,26.75,26.5,26.5,27.0,26.75,27.75,27.5,26.75,26.75,26.5,26.25,26.75,26.75,26.75,26.75,26.75,26.0,26.75,26.75,26.75,26.5,26.5,26.0,26.5,26.5,26.5,26.5,26.75,26.5,26.5,26.5,26.25,26.5,26.5,25.75,26.25,26.75,26.25,26.25,26.0,26.25,26.25,26.25,26.25,26.5,26.5,26.0,26.0,26.0,25.75,26.5
54.0
26.5,27.25,27.0,28.5,27.5,26.5,27.0,27.25,26.5,27.0,28.75,28.5,27.75,26.75,26.5,26.75,27.0,26.75,27.25,27.25,26.5,26.5,26.25,25.75,26.5,26.5,26.5,26.75,26.0,26.75,26.0,26.5,27.0,26.25,26.25,26.25,26.25,26.5,26.5,26.0,26.5,26.5,26.5,26.5,26.5,26.5,26.25,26.0,26.75,26.75,26.25,26.25,26.5,26.25,26.25,26.25,25.75,25.75,26.0,26.25,25.5,26.0,25.75,25.75
55.0
26.5,26.75,27.5,28.25,28.0,26.75,27.25,27.0,26.75,27.0,29.0,28.75,27.75,26.5,26.75,26.5,27.0,26.75,27.75,27.75,26.5,26.75,26.5,26.25,26.25,26.75,26.75,26.75,26.5,26.25,26.75,26.5,27.0,26.5,26.5,26.5,26.5,26.75,26.5,26.5,26.5,26.75,26.5,26.5,26.25,26.5,26.25,25.75,26.25,26.25,26.25,26.0,26.25,26.5,26.0,25.75,26.75,26.5,26.25,26.25,26.5,25.75,26.0,26.25
56.0
26.75,26.75,26.75,28.25,27.75,26.75,27.0,27.25,26.5,26.75,28.5,28.5,27.75,26.25,26.25,26.25,26.5,27.0,27.75,27.25,26.75,26.5,26.25,26.25,26.25,26.5,26.5,26.5,26.5,26.25,26.75,26.5,27.0,26.0,26.5,26.25,26.5,26.25,26.25,26.5,26.5,26.25,26.75,26.5,26.25,26.25,25.75,26.0,26.75,26.75,26.25,26.5,26.75,25.75,26.0,26.0,26.5,26.0,26.0,26.25,26.0,25.5,26.0,26.5
57.0
26.75,26.75,26.5,28.25,27.5,26.5,27.0,27.0,27.0,27.0,28.75,28.75,27.75,26.5,26.5,26.5,27.0,26.5,27.75,27.25,26.75,26.5,26.5,26.25,27.0,26.75,26.25,26.75,26.5,26.25,26.25,26.25,27.25,26.0,26.5,26.0,26.75,27.0,26.5,26.5,27.0,26.5,26.75,26.75,26.75,26.0,26.25,26.0,26.25,26.5,26.5,26.25,26.25,26.0,26.0,25.75,26.0,26.25,26.5,26.5,26.0,26.25,26.0,26.0
58.0
26.25,27.0,27.0,28.0,27.75,26.75,27.25,27.0,27.0,27.0,28.75,28.75,27.75,26.25,26.5,26.75,26.75,27.25,27.75,27.5,26.75,26.25,26.5,26.0,27.0,26.5,26.25,26.5,26.5,26.25,26.0,26.75,26.75,26.25,26.5,26.25,26.5,26.5,26.25,26.25,26.5,26.5,26.75,26.75,25.75,26.5,26.0,26.0,26.25,26.75,26.25,26.0,26.5,26.5,26.0,26.0,26.5,26.0,26.5,26.0,26.0,26.25,26.0,26.25
59.0
26.25,27.25,26.75,28.0,27.5,26.5,26.75,27.25,26.5,27.0,28.5,28.25,27.75,26.5,26.75,26.5,26.5,27.0,27.5,27.0,26.75,26.25,26.5,26.75,26.5,26.75,26.75,26.75,26.5,26.5,26.25,26.5,26.75,26.25,26.25,26.25,26.25,26.25,26.5,26.25,26.5,26.5,27.0,26.5,26.5,26.25,26.25,26.25,26.5,26.25,26.25,26.25,26.5,26.5,25.75,26.25,26.0,26.25,26.5,26.25,26.0,25.75,25.5,26.0
60.0
26.75,27.0,26.75,28.0,27.5,26.5,27.25,27.0,26.25,27.0,28.75,28.75,28.0,26.75,26.25,26.25,27.0,27.0,27.5,27.0,26.75,27.0,26.75,26.5,26.5,26.75,26.75,26.75,26.5,26.25,26.5,26.75,26.25,26.5,26.75,26.25,26.25,26.25,26.25,26.75,26.5,26.25,27.0,26.75,26.25,26.5,26.25,26.25,26.5,26.5,26.5,26.0,26.25,26.0,26.0,25.5,26.75,26.5,26.5,26.5,26.25,26.0,25.5,26.0
61.0
26.75,26.5,26.75,27.75,27.5,26.25,27.25,26.75,26.25,27.0,28.5,29.0,28.0,26.0,26.25,26.25,27.25,27.25,27.75,27.25,27.0,26.5,26.0,26.25,26.75,27.0,26.5,26.25,26.5,26.5,26.5,26.25,26.75,26.25,26.25,26.5,26.5,26.5,26.75,26.5,26.75,26.5,26.5,26.75,26.25,26.75,26.5,26.0,26.0,26.5,26.25,26.25,26.25,26.25,25.75,26.0,26.5,26.0,26.0,26.0,25.75,25.75,26.0,26.25
62.0
26.75,27.25,26.75,27.5,27.5,26.5,27.25,26.75,26.25,27.25,28.5,29.0,27.5,26.25,26.5,26.75,27.0,26.75,28.0,27.0,27.0,26.25,26.25,26.25,26.5,26.75,27.0,26.5,26.75,26.25,26.25,26.0,27.0,26.5,26.0,26.75,26.25,26.25,26.75,26.75,27.0,26.5,26.5,26.75,26.5,26.25,26.0,26.5,26.5,26.75,26.25,26.25,26.25,26.25,25.5,26.0,26.75,26.25,26.25,26.25,25.75,26.25,25.75,26.5
63.0
26.5,27.0,27.0,27.25,28.0,26.0,27.0,26.75,26.5,26.75,28.75,28.75,27.75,26.5,26.25,26.5,26.75,26.75,27.75,27.25,26.75,26.75,26.5,26.0,26.5,27.0,26.5,26.5,26.25,26.0,26.5,26.75,27.25,26.75,26.0,26.25,26.5,26.25,26.5,26.25,26.75,26.5,27.0,27.0,26.25,26.25,26.25,26.0,26.5,26.5,26.25,26.5,26.25,26.5,25.25,26.0,26.25,26.0,26.25,26.0,26.0,26.0,25.75,25.5
64.0
26.5,26.75,26.5,27.5,27.5,26.75,27.0,27.5,26.75,27.0,28.5,28.75,27.5,26.5,26.25,26.75,26.75,27.0,27.5,27.25,26.75,26.75,26.5,26.0,25.75,26.5,26.75,26.75,26.25,26.25,26.5,26.75,26.75,26.0,26.25,26.25,26.5,26.5,26.5,26.5,26.5,26.75,26.5,26.75,26.5,26.25,26.5,26.0,26.5,26.5,26.0,26.25,25.75,26.5,26.0,25.75,26.25,26.25,26.25,26.25,26.0,25.5,26.0,26.0
65.0
26.5,27.0,27.25,28.0,27.5,26.75,27.25,27.0,26.5,26.75,28.5,28.5,28.0,26.75,26.5,26.25,27.0,27.25,27.75,27.5,26.75,26.25,26.5,26.25,26.5,26.75,26.5,26.5,26.5,26.5,26.5,26.5,26.75,26.75,26.5,26.75,26.75,27.0,26.75,26.5,26.5,26.5,27.0,26.5,26.25,26.25,25.75,25.5,26.5,26.5,26.5,26.5,26.5,26.25,26.25,26.25,25.75,25.75,26.25,26.25,26.0,26.25,26.0,26.25
1.0
26.5,26.75,26.25,26.0,26.5,26.25,28.0,27.25,27.0,27.0,26.5,26.75,26.25,26.25,26.25,26.25,27.25,27.5,28.0,27.25,26.75,26.75,26.5,26.0,27.0,27.5,28.75,27.75,26.5,26.0,26.0,26.75,27.0,27.0,27.25,26.75,26.25,26.25,26.75,26.75,27.0,26.25,27.0,26.5,26.25,26.5,26.25,25.75,26.25,27.0,26.0,26.0,26.25,26.25,25.75,25.75,26.0,26.0,25.5,26.5,26.0,25.75,25.75,26.5
2.0
26.25,26.75,26.5,25.75,26.75,26.0,27.25,27.0,26.75,26.5,26.75,27.0,26.5,26.5,26.5,26.75,26.75,27.25,28.25,27.5,27.0,26.0,26.25,26.25,26.25,28.0,29.0,27.75,26.5,25.75,26.25,26.75,26.75,26.5,27.0,26.75,26.25,26.25,26.5,26.75,27.0,26.5,26.75,26.75,26.0,26.25,25.75,25.75,27.0,26.5,26.25,26.5,26.0,26.25,25.5,26.0,26.5,26.5,26.0,26.5,26.0,25.5,25.75,26.0
3.0
26.25,26.5,26.5,26.5,26.5,26.75,27.25,26.75,26.5,26.25,26.75,26.5,27.0,26.25,26.75,26.0,26.75,27.25,28.25,27.25,26.5,26.75,26.5,26.0,26.75,27.5,29.0,28.25,26.5,26.25,26.0,26.5,27.0,26.0,27.25,26.75,26.25,26.5,26.5,26.25,26.75,26.75,27.0,26.25,26.5,26.25,25.75,25.5,26.25,26.5,26.25,26.0,26.25,25.75,26.0,25.5,26.5,25.75,26.25,26.25,25.75,25.5,25.75,25.5
4.0
26.25,26.5,26.5,26.5,26.5,26.75,27.25,26.75,26.5,26.25,26.75,26.5,27.0,26.25,26.75,26.0,26.75,27.25,28.25,27.25,26.5,26.75,26.5,26.0,26.75,27.5,29.0,28.25,26.5,26.25,26.0,26.5,27.0,26.0,27.25,26.75,26.25,26.5,26.5,26.25,26.75,26.75,27.0,26.25,26.5,26.25,25.75,25.5,26.25,26.5,26.25,26.0,26.25,25.75,26.0,25.5,26.5,25.75,26.25,26.25,25.75,25.5,25.75,25.5
5.0
26.25,27.25,26.5,26.25,26.5,26.0,27.25,27.0,26.5,26.25,26.5,26.75,26.75,26.0,26.5,26.25,27.0,27.25,28.5,27.25,27.0,26.5,26.25,26.0,26.75,27.75,28.75,27.75,26.75,26.25,26.5,26.5,26.75,26.25,27.25,26.5,26.5,26.75,26.25,26.75,26.75,26.0,26.5,26.5,26.0,26.25,26.25,25.5,26.5,26.0,26.0,25.75,26.0,26.25,25.75,25.25,26.5,26.25,26.5,26.0,26.0,26.0,25.75,26.25
6.0
26.75,26.75,27.0,26.25,26.5,27.0,27.75,27.5,26.75,26.75,26.75,26.5,26.75,26.5,26.5,26.75,27.25,27.25,28.5,27.5,26.5,26.25,26.5,26.25,26.5,27.5,29.0,28.0,26.5,26.0,26.25,26.25,27.0,26.75,26.75,26.75,26.75,26.25,26.5,26.75,27.0,26.75,26.75,26.5,26.25,26.25,26.0,26.0,26.25,26.5,26.25,26.25,26.25,26.25,25.75,25.75,26.5,26.25,25.75,26.0,26.0,26.25,26.0,26.25
7.0
26.25,27.25,26.75,26.5,26.25,26.5,27.25,27.5,26.75,26.5,26.75,26.5,26.75,26.75,26.5,26.5,27.0,27.25,28.75,27.5,27.0,26.5,26.0,26.5,26.75,28.0,29.0,28.0,26.5,26.0,26.25,26.75,26.5,26.75,27.0,27.0,26.25,26.75,26.75,26.5,27.0,26.5,27.0,26.75,26.75,26.5,26.25,26.0,26.25,26.5,26.5,26.0,26.25,26.25,26.0,25.75,26.0,26.25,26.0,26.25,26.0,25.25,25.75,25.5
8.0
26.5,26.75,26.5,26.25,26.5,26.5,27.25,27.5,26.5,27.0,26.75,26.5,26.75,26.25,26.5,26.5,27.25,27.25,28.25,27.75,27.0,26.25,26.5,26.75,27.0,27.5,29.0,28.0,26.5,26.25,26.75,26.75,27.0,26.5,27.0,26.5,26.75,26.75,26.5,26.25,26.5,26.75,27.0,26.75,26.0,26.5,25.75,26.25,26.5,26.75,26.75,26.0,26.25,26.25,26.0,26.5,26.5,26.25,26.0,26.25,26.0,26.0,26.25,26.0
9.0
26.5,26.5,26.5,26.0,26.5,26.5,27.5,27.25,26.5,26.75,26.75,26.25,26.75,26.25,26.5,26.25,27.0,27.5,28.25,27.5,26.5,26.5,27.25,26.0,26.25,27.75,28.5,28.0,26.5,26.25,26.75,26.25,27.0,26.5,26.75,26.5,26.75,26.25,26.5,26.25,26.75,26.25,26.75,26.75,26.25,26.5,26.0,26.0,26.75,26.25,26.25,26.25,26.25,26.0,25.75,25.75,26.5,26.25,26.0,26.0,26.25,25.5,26.0,26.25
10.0
26.75,26.25,26.25,26.25,26.75,26.0,27.5,27.0,26.5,26.75,26.75,26.5,26.5,26.5,26.75,26.75,26.75,27.0,27.75,28.0,27.0,26.5,26.25,26.25,26.75,27.5,28.25,28.5,26.75,26.5,26.25,26.5,26.75,26.5,26.75,26.75,26.75,26.75,26.5,26.25,26.5,26.25,26.5,26.5,26.25,26.0,26.25,25.75,26.25,26.25,26.5,26.0,26.75,26.5,25.5,25.75,26.5,25.75,26.0,26.5,26.0,26.0,26.0,25.75
11.0
26.25,26.75,26.25,26.25,26.5,26.25,27.0,26.75,26.75,26.75,26.5,26.5,26.5,26.5,26.25,26.75,26.5,27.25,27.5,27.25,26.25,26.5,26.25,26.25,26.5,28.0,28.5,28.25,26.5,26.25,26.5,26.5,26.75,26.75,27.25,26.5,26.25,26.75,26.5,26.75,26.5,26.0,26.75,26.5,26.0,26.25,26.25,26.25,26.5,26.75,26.5,26.25,26.75,26.5,25.75,26.0,26.5,26.0,26.0,26.0,26.0,26.0,26.0,26.0
12.0
26.75,26.75,26.5,26.25,26.5,26.25,27.25,27.25,26.75,27.0,26.75,26.75,26.25,26.5,26.25,26.5,27.25,27.25,28.25,27.5,27.0,26.75,26.75,26.0,26.75,27.75,28.5,28.25,26.75,26.0,26.75,26.25,27.5,26.5,27.25,26.75,26.75,26.5,26.25,27.0,27.0,27.0,26.5,26.5,26.5,26.25,26.0,25.75,26.25,25.75,26.25,26.0,26.5,26.0,26.0,25.75,26.5,26.75,26.0,26.0,26.0,26.0,25.75,26.0
13.0
26.25,26.5,26.5,26.25,26.5,26.25,27.25,27.5,27.0,27.0,26.75,26.25,26.75,26.25,26.25,26.25,27.25,27.5,28.25,27.5,27.0,27.0,26.5,26.25,26.75,27.75,28.75,28.0,26.5,26.5,26.5,26.75,27.25,26.75,27.25,26.5,26.25,26.5,26.0,26.75,27.0,26.25,26.75,26.75,26.0,26.25,26.0,25.75,26.5,26.75,26.25,26.5,26.25,26.0,26.0,26.0,26.25,25.75,26.0,26.75,26.5,26.0,25.5,26.25
14.0
26.0,26.5,26.5,26.0,27.0,26.75,27.25,27.25,26.5,26.75,26.5,26.75,27.0,26.5,26.25,26.25,27.0,27.5,28.25,27.5,26.75,26.75,25.75,26.25,27.0,27.5,28.75,28.0,26.75,26.0,26.5,26.75,27.0,26.5,27.0,26.25,26.5,26.25,26.75,26.75,27.0,26.5,26.75,26.25,26.25,26.25,26.0,26.25,26.25,26.25,26.5,26.25,26.25,26.5,26.0,26.0,26.25,26.0,26.75,26.0,26.0,25.5,26.0,26.25
15.0
26.25,26.5,26.0,26.25,26.25,26.0,27.25,27.0,26.25,26.75,26.5,27.0,26.75,26.25,26.5,26.5,27.0,27.0,28.5,27.75,26.5,26.5,26.75,26.0,27.0,27.5,29.0,28.0,26.5,26.25,26.25,26.25,26.75,26.5,26.75,26.5,26.0,26.0,26.75,26.25,26.75,26.25,26.75,26.5,26.25,26.25,26.0,25.25,26.5,26.25,26.25,26.25,26.5,26.25,25.75,25.75,26.25,26.25,26.25,26.25,26.25,26.25,26.0,26.0
16.0
26.5,26.25,26.5,26.0,26.5,26.75,26.75,27.0,26.5,26.75,26.75,26.5,26.5,26.25,26.25,26.25,26.75,27.5,28.25,27.5,26.5,25.75,26.5,25.75,26.75,27.5,28.75,28.0,27.0,26.5,26.25,26.5,27.25,26.5,26.75,26.25,26.0,26.0,26.75,26.5,26.25,26.25,26.5,26.75,25.75,26.25,26.25,25.5,26.5,26.25,26.25,26.0,26.25,26.25,25.75,25.75,26.0,26.5,26.25,26.0,26.0,25.75,25.5,26.25
17.0
26.75,26.75,26.5,25.75,26.5,26.25,27.5,27.0,26.75,27.0,26.75,26.5,26.75,26.0,26.5,26.25,26.75,27.0,28.25,27.25,26.5,26.5,26.25,26.0,27.0,28.0,28.5,28.0,26.5,26.25,26.25,26.25,26.75,26.75,27.25,26.5,26.75,26.75,26.5,26.5,26.75,26.5,26.75,26.75,26.25,26.5,26.0,26.25,26.25,26.5,26.25,26.25,26.5,26.0,26.0,26.0,26.75,26.75,26.5,26.25,25.75,25.75,26.0,26.25
18.0
25.75,26.75,26.5,26.0,26.5,26.25,27.5,26.5,26.5,26.5,26.75,26.25,27.0,26.0,26.25,26.0,27.0,27.25,28.25,27.5,26.75,26.25,26.5,26.25,26.5,27.5,28.75,27.75,26.25,26.25,26.25,26.5,26.75,26.75,27.0,26.5,26.5,26.25,26.0,26.5,26.75,26.75,26.5,26.5,25.75,26.25,26.0,25.75,26.75,26.75,26.25,26.0,26.25,26.0,26.0,26.0,26.25,25.75,26.25,26.25,25.75,25.5,25.25,25.5
19.0
26.0,26.75,26.25,25.75,26.5,26.5,27.5,27.0,26.0,26.25,26.5,26.25,26.25,26.0,26.5,26.0,27.0,27.0,28.25,27.5,26.25,26.75,26.5,26.25,26.5,27.75,28.75,28.0,26.25,26.25,26.5,26.25,27.0,27.0,27.25,26.25,26.5,26.5,26.75,26.25,26.75,26.25,26.5,26.5,26.0,26.75,26.75,25.75,25.75,26.5,26.25,26.0,26.5,26.5,26.25,25.75,26.0,26.0,25.75,25.75,25.5,26.0,25.75,25.75
20.0
26.25,26.5,26.5,26.0,26.5,26.5,27.25,27.25,26.5,26.75,26.5,26.5,26.5,26.25,26.0,26.0,26.75,27.0,28.0,27.5,26.5,26.25,26.25,25.5,26.75,27.75,28.75,28.25,26.5,26.0,26.5,25.75,26.75,26.75,27.0,26.75,26.25,26.25,26.25,26.0,26.5,26.5,26.75,26.75,26.0,26.25,26.0,25.5,26.5,26.5,26.25,26.5,26.5,26.25,26.0,26.25,26.25,26.0,26.5,25.5,25.75,25.25,25.75,25.5
21.0
26.75,26.75,26.5,26.25,26.25,26.5,27.5,27.25,26.5,26.75,26.25,26.75,26.25,26.25,26.75,26.5,27.0,27.25,28.25,27.75,26.25,26.5,26.5,26.25,26.75,27.5,29.0,28.25,26.25,26.25,26.5,26.25,27.0,26.5,27.25,26.5,26.5,26.75,26.5,26.5,26.75,26.5,26.75,26.75,26.5,26.0,26.5,25.75,26.5,26.5,26.75,26.5,26.75,26.5,26.0,26.25,26.5,25.5,25.75,26.75,26.25,25.75,25.75,26.0
22.0
26.25,26.5,26.5,25.75,26.25,26.0,27.25,27.0,26.75,27.0,26.5,26.25,26.5,26.0,26.25,26.0,26.75,27.25,28.25,27.5,26.75,26.25,26.0,26.25,26.75,27.75,28.5,28.0,26.25,25.75,26.25,26.25,26.25,26.75,27.0,26.0,26.5,26.25,26.5,27.0,26.5,26.5,26.5,26.75,26.25,26.5,25.75,25.5,26.5,26.25,26.0,26.0,26.5,26.25,25.5,26.0,26.0,26.25,26.0,26.25,26.0,25.75,25.5,25.75
23.0
26.25,26.25,26.5,26.0,26.75,26.5,27.25,27.5,26.0,27.0,26.5,26.75,26.5,26.25,26.5,26.5,26.75,26.75,28.25,27.25,26.25,26.5,26.25,26.75,26.75,27.5,29.0,28.0,26.5,26.25,26.5,26.5,26.75,26.75,26.75,26.5,26.5,26.5,26.5,26.25,26.5,26.5,26.5,26.5,26.25,26.5,26.25,25.75,26.25,26.5,26.25,25.75,26.25,25.75,25.75,25.5,26.25,26.0,26.0,26.25,26.0,25.75,25.5,25.5
24.0
26.75,26.25,26.25,26.0,26.25,26.75,27.25,27.0,26.75,27.0,26.75,26.5,26.75,26.25,26.5,26.25,26.75,27.0,28.0,27.5,26.25,26.75,26.75,26.0,26.5,27.75,28.5,28.0,26.75,26.5,26.5,26.5,26.5,26.5,27.0,26.5,26.25,26.25,26.0,26.25,27.0,26.5,26.5,26.75,26.25,26.25,26.5,25.75,26.75,26.75,26.5,26.25,26.0,25.75,26.0,26.0,26.5,26.0,26.25,26.0,26.0,25.75,25.75,26.0
25.0
26.25,26.5,26.75,26.25,27.0,26.5,27.5,27.0,26.75,27.0,26.75,26.5,26.25,26.5,26.75,27.0,27.0,27.0,28.0,28.0,26.0,26.25,26.25,26.0,26.75,27.5,28.75,28.0,26.5,26.5,26.25,26.5,27.25,26.75,27.0,26.75,26.5,26.5,26.5,26.75,27.0,26.75,26.5,26.75,26.5,26.25,26.0,26.0,26.75,26.75,26.5,26.25,26.5,26.5,25.75,25.75,26.5,26.0,26.25,25.75,26.0,25.75,26.0,26.0
26.0
26.5,26.75,26.5,26.5,26.75,26.25,27.0,27.5,26.75,26.75,26.75,26.5,26.25,26.5,26.5,26.0,26.5,27.0,28.25,27.5,26.5,26.25,26.25,26.25,26.5,28.0,28.75,27.75,26.25,26.25,26.0,26.25,27.0,26.25,27.25,26.25,26.75,26.75,26.25,26.5,26.75,26.75,26.5,27.0,26.25,26.5,26.0,25.5,26.5,26.75,26.5,26.0,26.5,26.25,26.0,25.75,26.5,26.0,26.0,26.25,26.0,25.75,25.75,26.0
27.0
26.25,27.0,26.5,26.5,26.75,26.5,27.25,26.75,26.5,26.75,26.5,26.5,26.25,26.25,26.25,26.25,26.75,27.25,28.25,27.5,26.25,26.5,26.5,26.25,26.25,27.75,28.25,28.0,26.25,26.0,26.25,26.5,27.0,26.5,27.0,26.5,26.25,26.25,26.25,26.25,26.75,26.75,26.75,26.75,26.0,26.0,26.0,25.75,26.25,26.5,26.0,26.5,26.25,26.25,26.0,26.0,26.5,25.75,26.25,26.25,26.0,25.75,25.5,26.0
28.0
26.5,26.5,26.25,26.0,26.5,26.5,27.5,27.0,26.25,26.75,26.75,26.5,27.0,26.5,26.25,26.25,27.0,27.0,28.5,27.25,26.5,26.75,26.75,26.25,27.0,27.5,28.75,28.0,26.25,26.25,26.25,26.0,27.0,26.75,27.0,26.5,26.5,26.75,26.25,26.75,26.25,26.5,26.5,26.5,26.0,26.5,25.75,25.75,26.25,26.5,25.75,26.0,26.25,26.0,25.75,25.75,26.0,26.5,26.0,26.5,26.0,26.5,25.75,26.0
29.0
26.0,26.25,26.5,26.0,26.5,26.0,27.5,27.25,26.75,26.25,26.5,26.5,26.75,26.0,26.5,26.5,26.5,27.25,28.25,27.25,26.75,26.75,26.25,26.25,26.5,27.5,28.25,28.0,26.5,26.0,26.5,26.25,27.25,26.5,26.75,26.25,26.75,26.5,26.25,26.25,27.0,26.25,26.75,26.75,25.75,26.25,26.0,25.75,26.25,26.5,26.5,26.0,26.0,25.75,25.5,25.75,26.25,26.25,26.5,26.5,26.0,25.5,25.5,25.5
30.0
26.0,27.0,26.5,26.5,26.5,26.25,27.5,27.0,26.25,26.5,26.25,26.75,26.75,26.25,26.5,26.25,27.0,27.5,28.25,27.25,26.25,26.5,26.5,26.5,26.5,28.0,28.75,27.75,26.25,26.5,26.5,26.25,26.75,26.75,27.25,26.25,26.25,26.25,26.25,26.25,26.5,26.25,26.75,26.5,26.5,26.25,26.0,25.75,26.5,26.75,26.5,26.5,26.25,26.5,25.75,26.25,26.5,26.25,26.25,26.5,26.0,26.0,25.75,25.75
31.0
26.25,26.75,26.25,26.0,26.5,26.75,27.5,27.25,26.75,26.5,26.75,26.75,26.5,26.25,26.25,26.0,27.25,27.0,28.0,27.25,26.5,26.75,26.25,26.25,26.75,27.75,28.75,27.75,26.25,26.25,26.0,26.25,26.75,26.5,27.0,26.75,26.5,26.75,26.5,27.0,27.25,26.5,27.25,26.75,26.5,26.25,26.25,26.0,26.5,27.0,26.5,26.25,26.5,26.25,25.75,26.25,26.25,25.75,26.5,26.25,26.0,25.25,25.75,25.75
32.0
26.75,26.75,26.25,26.25,26.5,26.25,27.25,27.25,26.75,26.75,26.5,26.5,26.75,26.25,26.25,26.0,26.75,27.0,27.75,27.25,26.25,26.75,26.25,26.0,26.75,28.0,28.75,28.0,26.5,26.25,26.25,26.75,26.75,26.75,27.0,26.25,26.25,26.75,26.5,26.75,26.75,26.0,26.75,26.5,26.25,26.5,26.25,26.25,26.75,26.5,26.5,26.0,26.0,25.75,26.25,25.5,26.25,26.25,25.75,26.25,26.5,25.5,25.25,26.25
33.0
26.0,26.5,26.5,26.25,26.5,26.25,27.25,27.5,26.5,26.75,26.5,26.5,27.0,26.0,26.25,26.0,26.75,27.0,28.0,27.25,26.5,26.5,26.25,26.25,26.75,28.0,29.0,27.5,26.5,26.25,26.5,26.0,27.0,26.25,27.0,26.5,26.25,26.5,26.25,26.25,26.5,26.5,26.75,26.5,25.75,26.5,26.0,25.75,26.0,26.25,26.25,26.0,26.25,25.75,25.5,26.25,26.25,26.25,26.5,26.25,26.0,25.5,25.5,26.0
34.0
26.25,26.5,26.25,26.0,26.5,26.0,27.5,27.0,26.5,26.5,26.75,26.25,27.0,26.5,26.25,26.5,26.75,27.25,28.5,27.5,27.0,26.5,26.5,25.75,26.25,27.5,28.5,27.5,26.5,26.0,26.25,26.0,27.0,26.5,27.0,26.25,26.75,26.5,26.25,26.5,26.25,26.25,26.75,26.25,26.0,26.0,26.0,26.0,26.25,26.5,26.0,26.0,26.75,26.0,26.0,26.0,26.0,26.25,26.25,26.25,26.5,25.75,26.0,25.75
35.0
26.0,27.25,26.25,26.25,27.0,26.75,27.25,27.5,26.5,27.0,26.5,26.25,26.75,26.0,26.25,26.75,27.0,27.0,28.25,27.5,26.75,26.25,26.25,26.25,26.25,27.75,28.5,27.5,26.5,26.25,26.5,26.75,27.0,26.25,27.25,26.5,26.25,26.5,26.5,26.75,26.75,26.75,26.75,26.75,26.0,26.0,26.0,25.75,26.5,26.0,26.0,26.5,26.0,26.25,26.0,26.25,26.0,25.5,26.5,26.0,25.75,26.0,26.0,26.5
36.0
26.0,27.0,26.0,26.0,26.5,26.25,27.25,27.5,26.5,26.75,26.5,26.25,26.25,26.0,26.5,26.5,26.75,27.0,28.25,27.5,26.5,26.25,26.75,26.25,26.5,28.0,28.75,28.0,26.25,26.25,26.25,26.5,26.75,26.5,26.75,26.5,26.75,26.5,26.25,26.25,26.5,26.5,27.0,26.5,26.25,26.25,26.0,25.5,26.5,26.5,26.0,26.25,26.25,26.25,26.0,26.0,26.5,26.0,26.25,26.0,26.5,25.5,25.75,26.0
37.0
26.25,26.25,26.5,26.5,26.5,26.25,27.75,27.0,25.75,26.25,26.75,26.25,26.5,26.0,26.25,26.0,27.0,27.25,28.25,27.25,26.75,26.5,26.5,26.0,27.0,27.75,28.5,27.25,26.75,26.25,26.5,26.25,27.0,26.25,26.75,26.75,26.0,26.5,26.25,26.25,26.75,26.5,26.5,26.75,26.0,26.5,26.0,25.5,26.5,26.25,26.25,26.5,26.25,25.75,26.0,25.75,26.25,25.75,26.25,26.0,26.0,25.25,25.75,25.5
38.0
26.5,27.25,26.75,26.25,26.75,26.5,27.5,27.25,26.5,26.75,26.25,26.5,26.5,26.5,26.25,26.25,26.75,27.5,28.0,27.5,26.75,26.5,26.0,26.5,27.0,28.0,28.75,27.75,26.75,26.25,26.0,26.5,26.75,26.25,27.0,26.75,26.5,26.5,26.25,26.5,26.5,26.75,26.5,26.5,26.5,26.25,26.25,25.75,26.75,26.5,26.25,25.75,25.75,26.5,25.75,26.0,26.5,26.5,26.5,26.0,26.25,25.75,25.25,26.0
39.0
26.0,26.5,26.5,26.0,26.25,26.25,27.5,27.25,26.5,26.75,26.5,26.5,26.75,26.25,26.25,26.25,27.0,26.75,28.25,27.5,26.5,26.25,26.25,26.25,26.25,27.75,28.75,27.75,26.5,26.0,25.75,26.25,26.75,26.75,27.0,26.25,26.25,26.75,26.5,26.0,26.25,26.5,26.5,26.75,25.75,26.5,25.25,25.75,26.0,26.75,26.0,26.25,26.0,25.75,25.75,26.0,26.0,26.5,26.0,26.5,25.75,26.0,26.0,25.5
40.0
26.5,27.0,26.25,25.75,26.25,26.5,27.25,27.5,26.5,26.75,26.75,26.5,26.75,26.5,26.75,26.75,27.0,27.25,28.5,27.5,26.5,26.25,26.5,26.0,26.5,27.5,29.0,27.75,26.5,26.0,26.0,26.25,26.5,26.5,27.0,26.75,26.25,26.25,26.25,26.75,26.75,26.75,26.75,26.75,25.5,26.25,26.25,25.5,26.5,26.5,26.25,26.25,26.5,26.0,25.5,25.5,26.25,26.0,26.25,26.25,25.75,25.75,26.25,26.0
41.0
26.5,26.5,26.25,26.0,26.5,26.25,27.25,27.25,26.25,27.0,26.75,26.5,26.25,26.25,26.5,26.5,27.0,27.0,28.5,27.25,26.5,26.5,26.5,26.25,26.75,27.75,28.75,27.5,26.0,26.0,26.0,26.25,26.75,26.5,26.75,26.25,26.5,26.25,26.25,26.5,26.75,26.5,27.0,26.25,26.0,26.25,25.75,25.75,26.25,26.5,26.0,26.25,26.25,26.25,25.75,25.25,26.25,26.25,26.75,26.25,26.0,26.25,26.0,26.0
42.0
26.5,26.5,26.25,26.0,26.5,26.25,27.25,27.25,26.25,27.0,26.75,26.5,26.25,26.25,26.5,26.5,27.0,27.0,28.5,27.25,26.5,26.5,26.5,26.25,26.75,27.75,28.75,27.5,26.0,26.0,26.0,26.25,26.75,26.5,26.75,26.25,26.5,26.25,26.25,26.5,26.75,26.5,27.0,26.25,26.0,26.25,25.75,25.75,26.25,26.5,26.0,26.25,26.25,26.25,25.75,25.25,26.25,26.25,26.75,26.25,26.0,26.25,26.0,26.0
43.0
26.25,26.75,26.75,26.25,26.25,26.5,27.0,27.0,26.5,26.75,26.5,26.25,26.5,26.25,26.0,26.5,26.5,27.5,28.25,27.5,26.5,26.5,26.25,26.75,26.25,27.75,28.75,28.0,26.0,26.0,26.25,26.5,27.0,26.25,27.25,26.5,26.0,26.5,26.5,26.5,26.75,26.5,26.5,26.75,26.25,26.5,26.0,26.0,26.25,26.5,26.25,26.5,26.5,26.0,25.5,26.0,26.0,26.25,26.25,26.0,25.75,25.5,26.0,26.0
44.0
26.5,26.5,26.25,26.0,26.25,26.25,27.5,27.25,27.0,26.5,26.5,26.25,26.25,26.0,26.5,26.5,27.0,27.5,27.75,27.25,26.25,26.0,26.25,25.75,26.25,27.75,28.5,27.75,26.25,25.75,26.5,26.5,26.25,26.25,27.25,26.25,26.25,26.0,26.25,26.5,26.5,26.0,27.25,26.5,26.0,26.0,26.0,26.0,26.0,26.75,26.25,25.75,26.5,26.0,26.0,26.0,25.75,26.5,26.25,26.25,26.0,25.75,25.75,26.5
45.0
26.25,26.75,26.25,26.25,26.25,26.5,27.75,26.75,26.25,26.5,26.25,26.25,26.0,26.25,26.0,26.0,27.0,26.75,28.0,27.5,26.5,26.75,26.0,26.0,26.25,28.0,28.75,28.0,26.5,26.25,26.0,26.75,26.75,26.5,27.0,26.5,26.25,26.0,26.25,26.25,26.5,26.5,26.75,26.5,26.0,26.5,25.75,26.0,26.25,26.25,26.0,25.75,26.0,25.75,25.75,25.75,26.0,26.0,26.0,26.25,26.0,26.0,25.5,25.5
46.0
26.5,27.0,26.5,26.25,26.5,26.5,27.0,27.25,26.5,26.5,26.5,26.25,26.75,26.25,26.25,26.25,27.25,27.25,28.0,27.25,26.75,26.75,26.0,26.25,26.75,27.75,28.75,27.75,26.5,26.0,26.25,26.75,26.75,26.25,27.0,26.75,26.25,26.5,26.0,26.75,26.75,26.25,26.5,26.5,25.75,26.25,26.0,26.0,26.0,26.5,25.75,26.0,25.75,25.75,26.25,26.25,26.0,25.75,25.75,26.25,26.25,25.75,25.5,25.75
47.0
26.25,26.5,26.25,26.0,26.25,26.0,27.75,27.25,26.5,27.0,26.5,26.75,26.75,26.25,26.25,26.5,26.5,27.25,27.75,27.25,26.5,26.5,26.5,26.5,26.5,27.75,28.5,28.0,26.0,26.25,26.25,26.5,27.25,26.75,27.0,26.25,26.5,26.75,26.25,26.5,26.75,26.75,26.25,26.0,26.0,26.5,26.25,25.75,26.25,26.75,26.0,25.75,26.0,26.25,26.0,25.5,26.5,25.5,25.75,26.0,25.75,25.5,26.0,26.0
48.0
26.25,26.75,26.25,26.0,26.0,26.75,27.0,27.25,26.75,27.0,26.75,26.5,26.5,26.0,26.5,26.25,26.75,27.25,28.0,27.0,26.5,26.25,26.5,26.25,26.5,27.75,28.5,28.0,26.5,26.0,26.25,26.25,26.5,26.5,27.0,26.5,26.5,26.25,26.0,26.5,26.5,26.5,26.5,27.0,26.0,26.0,26.0,26.25,26.25,26.75,25.75,26.5,26.0,26.25,25.5,26.0,26.75,25.75,25.75,26.0,26.5,25.5,26.0,26.5
49.0
26.5,27.0,26.25,26.5,26.75,26.25,27.0,27.25,26.5,26.5,26.75,26.5,26.5,26.0,26.5,26.25,26.75,27.25,28.25,27.25,26.25,26.75,26.0,25.75,26.25,27.75,29.0,27.75,26.5,26.0,26.5,26.25,26.5,26.25,26.75,26.5,26.25,26.25,26.0,26.25,26.75,26.5,26.75,26.75,26.25,26.25,26.0,26.25,26.25,26.75,26.25,26.5,26.25,26.0,25.75,25.75,26.0,26.0,25.5,26.0,26.0,25.5,25.75,26.25
50.0
26.25,26.75,26.0,26.25,26.5,26.25,27.25,27.25,26.5,27.0,26.5,26.25,26.0,26.5,26.25,26.25,27.0,27.0,28.25,27.5,26.25,26.5,25.75,26.25,26.75,27.75,28.5,27.75,26.25,26.0,26.25,26.25,26.5,26.5,26.75,26.5,26.75,26.5,26.0,26.0,26.5,26.0,26.5,26.75,26.0,26.25,26.0,25.5,26.5,26.75,26.5,26.25,26.25,26.5,25.75,26.0,26.25,26.25,26.0,26.0,25.5,25.75,25.75,25.5
51.0
26.25,26.75,26.0,26.25,26.5,26.25,27.25,27.0,26.25,26.5,26.75,26.5,26.75,26.25,26.5,26.25,26.75,27.5,27.75,27.5,26.25,26.25,26.5,25.75,26.5,28.0,28.5,28.0,26.75,26.25,26.25,26.0,26.75,26.75,27.0,26.25,25.75,26.0,26.0,26.25,26.5,26.25,26.5,26.75,25.75,26.25,26.0,26.0,26.5,26.5,26.25,26.0,26.25,26.25,25.5,25.5,26.0,26.0,26.25,26.0,26.0,25.25,25.75,26.25
52.0
26.5,26.5,26.0,26.25,26.75,26.25,27.75,27.0,27.0,26.75,26.5,26.0,26.25,26.25,26.25,26.25,26.5,27.25,28.25,27.0,26.25,26.25,26.75,26.0,26.25,27.75,28.75,28.0,26.5,26.25,26.25,26.0,26.75,26.25,26.75,26.5,26.5,26.25,26.5,26.25,26.75,26.5,26.75,26.25,26.0,26.25,26.0,25.75,26.25,26.25,26.0,25.75,26.5,26.0,25.75,25.75,26.5,25.5,26.0,26.0,26.0,25.5,25.75,25.75
53.0
25.75,27.0,26.5,26.0,26.25,26.25,27.0,27.0,26.75,26.75,26.25,26.0,26.5,26.25,26.25,26.0,26.75,27.0,28.5,27.0,26.25,26.75,25.75,26.25,26.25,27.5,28.5,27.5,26.0,25.75,26.5,26.5,26.5,26.75,26.75,26.25,26.0,26.25,26.75,26.5,26.75,26.25,26.5,26.5,25.75,26.0,26.0,25.75,26.25,26.25,26.5,26.0,26.0,25.75,26.0,25.25,26.25,26.0,25.75,26.0,25.5,25.75,26.0,25.75
54.0
26.25,26.0,26.0,26.0,26.75,26.25,27.5,26.75,26.75,26.5,26.5,26.5,26.0,26.0,26.75,26.0,26.75,27.25,28.25,27.25,26.5,26.5,26.0,25.75,26.25,27.75,28.5,27.75,26.25,25.75,26.25,26.5,27.0,26.0,27.25,26.0,26.25,26.5,26.75,26.75,26.25,26.25,26.75,26.5,25.75,26.0,26.0,25.5,26.25,26.5,26.25,26.0,26.0,25.75,25.5,26.0,25.75,25.75,25.75,26.0,26.0,25.75,25.5,25.75
55.0
26.5,26.75,26.0,26.25,26.75,26.25,27.5,27.0,26.25,27.0,26.75,26.25,26.25,26.25,26.25,26.25,27.0,27.0,28.5,27.25,26.5,26.25,26.25,26.0,26.5,27.5,28.25,28.0,26.25,26.0,26.25,26.5,26.5,26.5,27.5,26.5,26.5,26.25,26.75,26.5,26.75,26.5,26.75,26.75,26.0,26.25,26.0,25.25,26.5,26.5,26.25,26.25,26.25,26.0,26.0,26.0,26.0,26.25,25.75,26.5,26.25,26.0,25.5,25.75
56.0
26.25,27.0,26.5,26.0,26.75,26.5,27.25,27.25,26.75,26.5,26.75,26.75,27.0,26.25,26.5,26.25,27.0,27.25,27.75,27.5,26.5,26.5,26.0,26.0,26.25,27.5,28.75,27.75,26.5,26.25,26.25,26.25,26.75,26.5,26.75,26.25,26.25,26.5,26.25,26.0,26.25,26.0,26.25,26.75,26.0,26.5,26.25,26.0,26.0,26.5,26.0,25.75,26.5,25.75,26.0,25.5,26.0,26.25,26.25,25.75,26.25,26.0,25.75,26.25
57.0
26.25,26.25,26.25,26.25,26.25,26.0,27.25,26.25,26.25,26.25,26.5,26.25,26.25,26.0,26.0,26.5,27.0,27.0,28.0,27.25,26.25,26.25,26.0,26.25,26.0,27.5,28.5,28.0,26.5,26.25,26.25,26.25,26.25,26.5,26.5,26.25,26.0,26.25,26.25,25.75,26.5,26.25,26.75,26.0,26.0,26.0,25.75,25.5,26.5,26.0,26.0,26.0,26.0,26.0,26.0,25.25,26.0,26.0,25.75,26.0,26.25,25.25,25.25,25.75
58.0
26.25,26.75,26.5,26.0,26.5,26.25,27.0,27.0,26.75,26.5,26.5,26.75,26.25,26.0,26.0,26.0,26.75,27.25,28.0,27.25,26.25,26.25,26.25,26.25,26.5,27.75,28.75,28.0,26.25,26.0,26.25,26.25,26.75,26.25,27.0,26.5,26.0,26.25,26.0,26.0,26.0,26.5,26.5,26.5,26.0,26.5,25.5,25.75,26.5,26.25,26.5,26.0,25.75,25.75,25.75,25.5,25.75,26.0,25.75,26.25,25.75,25.5,25.75,25.5
59.0
26.25,26.75,26.5,26.0,26.5,26.25,27.0,27.0,26.75,26.5,26.5,26.75,26.25,26.0,26.0,26.0,26.75,27.25,28.0,27.25,26.25,26.25,26.25,26.25,26.5,27.75,28.75,28.0,26.25,26.0,26.25,26.25,26.75,26.25,27.0,26.5,26.0,26.25,26.0,26.0,26.0,26.5,26.5,26.5,26.0,26.5,25.5,25.75,26.5,26.25,26.5,26.0,25.75,25.75,25.75,25.5,25.75,26.0,25.75,26.25,25.75,25.5,25.75,25.5
60.0
26.75,26.5,25.75,26.0,26.5,26.5,27.5,27.0,26.25,26.25,26.25,26.5,26.5,26.0,26.0,26.25,27.0,27.0,28.0,27.25,26.5,26.25,26.0,26.5,26.5,27.75,28.5,27.5,26.25,26.0,26.25,26.25,26.75,26.5,27.25,26.5,26.5,26.25,26.25,26.0,26.5,26.25,26.5,26.75,26.0,26.0,25.75,25.75,26.25,26.5,26.5,26.0,26.25,25.75,25.75,25.25,26.0,25.75,26.5,26.5,25.75,25.5,25.5,25.5
61.0
26.25,26.75,26.25,26.0,27.0,26.25,27.25,27.75,26.75,26.75,26.75,26.75,26.75,26.25,26.0,26.5,26.75,27.5,28.25,27.75,26.75,26.25,26.25,26.25,26.25,27.75,28.75,28.0,26.25,26.25,26.25,26.25,26.75,26.75,26.75,26.25,26.5,26.75,26.25,26.25,26.5,26.75,26.5,26.5,26.0,26.25,26.25,25.5,26.5,26.5,26.0,26.0,26.25,26.0,25.75,25.75,26.5,25.75,26.25,26.25,26.0,25.75,25.75,26.0
62.0
26.0,26.5,26.5,26.25,26.25,26.5,27.25,27.0,26.75,26.5,26.5,26.25,26.5,26.0,26.0,26.25,27.0,26.75,28.25,27.25,26.75,26.25,26.25,26.0,26.75,28.0,28.75,28.0,26.5,26.0,26.25,26.0,27.0,26.5,27.0,26.25,26.5,26.25,26.5,26.5,26.75,26.5,26.75,26.25,26.0,26.0,25.75,25.5,26.25,26.75,26.5,26.0,26.25,26.0,26.0,25.75,26.5,25.75,26.0,26.5,26.0,25.5,25.75,25.75
63.0
26.25,26.5,26.5,25.75,26.75,26.5,27.25,27.0,26.75,26.75,26.5,26.25,26.5,26.5,26.0,26.5,26.75,27.0,28.5,27.75,26.5,26.25,26.5,26.5,26.25,27.75,28.75,28.0,26.25,26.25,26.25,26.75,26.75,26.5,27.0,26.75,26.5,26.25,26.0,26.0,26.75,26.0,26.75,26.75,26.0,25.75,25.75,25.25,26.75,27.0,26.25,26.25,26.5,26.5,26.0,26.0,26.25,26.25,26.0,26.0,26.0,25.75,25.25,25.25
64.0
26.75,26.25,26.25,25.75,26.5,26.25,27.25,26.75,26.5,26.75,26.75,26.5,26.5,26.0,26.25,26.0,26.75,27.0,28.25,27.25,26.5,26.5,26.25,26.0,26.25,27.5,28.75,27.75,26.5,26.0,26.25,26.5,26.5,26.0,26.75,26.25,26.0,26.75,26.25,26.75,26.0,26.25,26.75,26.5,26.0,26.25,26.25,25.75,26.25,26.25,26.0,26.0,25.75,26.25,25.75,25.5,26.0,26.0,25.75,26.0,26.25,26.0,25.75,26.0
65.0
26.25,26.5,26.25,26.25,26.5,26.25,27.5,27.0,26.0,26.5,26.5,26.0,26.25,26.25,26.0,26.5,26.5,27.5,28.75,27.75,26.75,26.25,26.25,26.0,26.5,27.75,28.5,28.0,26.25,25.75,26.0,26.25,26.75,26.0,27.0,26.25,26.5,26.25,26.25,26.75,26.5,26.25,26.5,26.5,26.0,25.75,26.0,25.5,26.25,26.25,25.5,26.0,26.0,26.25,25.5,25.5,26.0,25.75,26.25,26.0,25.75,25.75,25.75,26.25
66.0
26.25,26.25,26.25,26.25,26.25,26.25,26.75,27.25,26.5,26.5,26.75,26.5,26.75,26.25,26.5,26.25,26.75,27.25,28.25,27.5,26.25,26.5,26.5,26.25,26.5,28.25,28.75,28.0,26.25,26.0,26.25,26.5,26.75,26.25,26.75,26.5,26.0,26.75,26.5,26.25,26.5,26.25,26.5,26.25,26.0,26.25,26.0,25.5,26.5,26.25,26.25,26.0,25.75,26.0,25.25,26.0,26.5,26.0,25.75,26.0,25.25,26.0,25.75,26.25
67.0
26.5,26.75,26.0,26.25,26.25,26.25,27.25,27.25,26.5,26.75,26.75,26.25,26.25,25.75,26.25,26.5,27.0,27.0,28.0,27.75,26.25,26.25,26.25,26.0,26.5,27.5,29.0,28.0,26.5,26.5,26.0,26.5,26.75,27.0,27.0,26.0,26.5,26.5,26.25,26.25,26.75,26.5,26.75,26.5,26.25,26.0,26.25,25.75,26.25,26.25,26.0,26.0,26.5,26.0,25.5,25.5,26.25,26.25,26.0,26.25,25.75,26.0,25.5,25.75
68.0
26.5,26.75,26.5,26.25,27.0,26.5,27.5,27.0,26.5,26.75,26.5,26.5,26.5,26.5,26.5,26.25,27.25,27.0,28.0,27.75,26.5,26.5,26.5,26.0,26.5,27.75,28.75,27.75,26.5,26.25,26.5,26.25,26.75,26.5,27.25,26.5,26.75,26.5,26.0,26.5,26.5,26.5,26.75,26.5,26.0,26.25,25.75,26.0,26.25,27.0,26.25,26.0,26.0,26.25,26.0,25.5,26.0,26.25,26.75,26.25,25.75,26.0,25.75,25.75
69.0
25.75,26.75,26.25,26.0,26.75,26.25,27.0,27.25,26.5,27.0,26.75,26.5,26.75,26.25,26.25,26.75,26.75,27.0,28.0,27.25,26.5,26.25,26.25,26.0,27.0,27.5,28.75,28.0,26.5,26.25,26.25,26.25,26.75,26.75,27.0,26.5,26.25,26.75,26.0,26.0,26.75,26.5,26.5,26.0,26.25,26.25,26.25,25.75,26.75,26.25,26.5,26.0,26.25,26.25,25.75,25.75,25.75,26.0,26.5,26.25,26.25,25.5,25.75,26.0
70.0
26.25,26.25,26.25,25.75,26.75,26.25,27.5,27.0,26.5,26.75,26.5,26.25,26.25,26.0,26.25,26.25,26.75,27.0,28.0,27.5,26.25,26.25,26.25,26.25,26.75,27.75,28.75,27.75,26.25,26.5,26.0,26.25,27.0,26.5,27.0,26.0,26.25,26.25,26.5,26.5,26.5,26.25,26.75,26.75,26.25,26.25,26.25,26.0,26.25,26.75,26.25,26.25,26.25,26.25,25.5,25.75,26.0,26.25,26.0,26.0,26.0,26.0,25.5,26.25
71.0
26.25,26.75,26.0,26.25,26.25,26.25,27.0,26.75,26.5,26.5,26.5,26.25,26.75,26.0,26.75,26.5,26.75,27.5,28.0,27.5,26.75,26.25,26.5,26.25,26.75,27.75,28.25,28.0,26.5,26.25,26.0,26.25,26.25,26.5,27.0,26.25,26.5,26.0,26.75,26.25,26.5,26.5,26.75,26.75,26.5,26.0,26.0,25.75,26.75,26.5,26.0,26.0,26.25,26.0,25.5,26.25,25.75,25.75,26.0,26.0,26.0,25.5,25.75,26.0
72.0
26.25,26.5,26.25,25.75,26.5,26.5,27.5,27.25,26.25,26.75,26.5,26.5,26.5,26.0,26.0,26.5,26.75,27.25,28.25,27.5,26.75,26.5,26.25,26.0,26.25,28.0,29.0,27.75,26.5,26.25,26.25,26.0,26.75,26.25,27.0,26.25,26.75,26.75,26.5,26.25,26.75,26.5,26.5,26.5,26.0,26.25,26.0,26.0,26.0,26.5,26.25,25.75,26.25,25.75,26.0,25.75,26.25,26.5,26.0,26.0,26.0,25.75,25.5,26.25
73.0
26.75,26.75,26.25,26.25,26.5,26.5,27.25,27.0,26.25,27.0,26.5,26.25,26.5,26.25,26.25,26.5,26.5,27.0,28.25,27.5,26.5,26.75,26.5,26.0,26.25,27.75,29.0,28.0,26.75,25.75,26.25,26.5,27.0,26.5,26.75,26.0,26.25,26.25,26.5,26.5,26.5,26.5,26.75,26.75,26.25,26.0,25.75,26.0,26.75,26.5,26.0,26.0,26.25,26.25,25.75,25.75,26.25,26.25,26.0,25.75,26.25,26.0,26.5,26.0
74.0
26.0,26.75,26.25,25.75,26.25,26.25,27.75,27.0,26.75,27.0,26.5,26.5,26.25,26.0,26.25,26.5,27.0,27.0,28.25,27.25,26.25,26.5,26.5,26.0,26.5,27.5,29.0,27.75,26.75,26.0,26.5,26.25,27.0,26.5,26.75,26.75,26.25,26.25,26.5,26.25,26.5,26.25,26.5,26.75,26.0,26.5,26.0,25.75,26.25,26.0,26.0,26.25,26.0,25.75,25.75,25.75,26.0,25.75,26.25,26.25,26.25,25.5,26.5,26.25
75.0
26.5,26.5,26.75,26.25,26.75,26.25,27.5,27.0,26.25,27.0,26.75,26.5,27.0,26.25,26.25,26.25,26.5,27.75,28.0,27.5,26.75,26.25,26.5,26.0,26.5,27.75,29.0,28.0,26.75,26.25,26.0,26.5,26.75,26.75,27.25,26.5,27.0,26.5,26.25,26.5,26.75,26.75,27.0,26.25,26.0,26.0,26.5,25.5,26.5,25.75,26.25,26.0,26.0,26.5,26.0,26.0,25.75,25.75,26.25,26.25,26.0,26.25,25.5,26.0
76.0
26.25,26.25,26.5,26.0,26.0,26.25,27.5,27.0,26.25,26.75,26.5,26.5,26.5,26.0,26.0,26.0,26.5,27.5,28.5,27.5,26.75,26.75,25.75,26.25,26.25,27.75,29.25,28.0,26.25,26.25,26.0,26.75,26.25,26.75,27.0,26.75,26.25,26.75,26.75,26.5,27.0,26.5,27.0,26.75,26.25,26.5,26.25,25.5,26.5,26.25,26.25,26.0,26.25,26.0,26.0,25.75,26.0,26.0,25.75,26.5,26.0,26.25,25.5,26.0
77.0
26.5,26.75,26.0,26.0,26.75,26.25,27.25,27.0,26.75,27.0,26.75,26.5,26.5,26.0,26.5,26.0,26.75,27.0,28.25,27.75,26.25,26.25,26.0,25.75,26.75,27.75,28.75,28.0,26.25,26.25,26.5,26.25,26.75,26.5,27.0,26.5,26.5,26.5,26.0,26.25,26.75,26.25,26.75,26.75,26.5,26.75,26.25,25.5,26.0,26.75,26.25,26.0,26.25,26.0,26.0,25.5,26.25,26.0,26.0,26.0,26.0,25.5,25.5,25.75
78.0
26.5,26.75,26.5,26.25,26.25,26.75,27.5,27.25,26.75,26.5,26.75,26.75,26.5,26.0,26.5,26.25,27.5,28.0,28.5,27.25,26.5,26.25,26.75,26.0,26.5,27.5,29.0,27.75,26.5,26.5,26.25,26.5,26.75,26.5,27.25,26.25,26.5,26.0,26.25,26.0,26.75,26.5,26.75,26.75,26.25,26.0,26.25,25.5,26.5,26.5,26.25,26.25,26.0,26.25,25.75,26.0,25.75,25.75,26.0,26.25,26.25,25.75,26.25,25.5
79.0
26.25,26.5,26.75,26.25,26.25,26.0,27.5,26.75,26.5,27.0,27.0,26.75,26.5,26.5,26.5,26.25,27.0,27.75,28.25,27.5,26.5,26.25,26.5,26.5,27.0,27.75,29.0,27.5,26.5,26.25,26.25,26.5,26.75,27.0,27.25,26.75,26.25,26.25,26.25,26.75,26.75,26.5,27.0,26.25,26.0,26.5,26.25,25.75,26.5,26.75,26.25,26.25,26.5,25.75,26.25,25.75,26.25,26.0,26.5,26.0,26.25,26.25,26.0,25.75
80.0
26.25,27.0,26.75,26.25,26.75,26.25,27.5,27.25,26.75,27.0,27.0,26.5,26.75,26.25,26.75,26.5,27.25,27.75,28.25,27.25,26.25,26.5,27.0,26.5,26.75,27.75,29.25,27.5,26.25,26.25,26.5,26.75,27.25,26.25,27.0,26.25,26.25,26.5,26.5,26.5,26.5,26.5,27.0,26.25,26.25,26.25,26.25,26.0,26.5,26.75,26.75,26.25,26.25,26.5,25.5,26.0,26.25,26.25,26.25,26.25,26.25,25.75,25.5,25.75
81.0
26.25,26.5,26.5,26.5,26.25,26.75,27.25,27.25,26.75,27.25,26.75,26.75,26.75,26.75,26.5,26.5,27.0,27.5,28.25,27.25,26.5,26.25,26.5,26.5,27.0,27.75,29.0,27.75,26.5,26.25,26.5,26.25,26.75,26.5,27.0,26.75,26.5,26.5,26.5,26.0,26.75,26.5,27.0,26.5,26.0,26.5,26.5,26.25,27.0,26.5,26.0,26.5,26.5,26.25,26.0,25.75,26.75,26.75,26.25,26.25,26.0,26.0,26.25,26.25
82.0
26.75,26.75,26.5,26.25,26.5,26.0,27.25,27.25,26.75,27.25,26.75,26.5,26.5,26.25,26.75,26.5,27.0,27.75,28.25,27.25,26.25,26.5,26.5,26.0,26.75,27.5,28.5,27.5,26.75,25.75,26.25,26.5,27.0,26.25,27.0,26.25,26.5,26.5,26.25,26.5,26.75,26.5,26.75,27.0,26.25,26.0,26.25,26.25,26.25,26.5,26.25,26.25,26.0,25.75,25.75,25.75,26.25,26.25,26.25,25.5,26.0,25.5,25.5,25.5
83.0
26.0,26.75,26.25,26.0,26.5,26.25,27.25,27.25,26.5,27.0,26.75,26.5,26.25,26.25,26.75,27.0,27.0,27.5,28.25,27.25,26.75,26.0,26.75,26.0,26.75,28.25,28.75,28.0,26.5,26.25,25.75,26.5,26.25,26.75,27.0,26.75,26.5,26.25,26.75,26.5,26.75,26.75,27.0,27.0,26.5,26.5,26.25,25.75,26.75,26.25,26.25,26.0,26.0,26.0,26.0,25.5,26.0,26.0,26.25,26.25,25.5,25.5,25.75,25.75
84.0
26.75,26.5,26.5,25.5,26.5,26.25,27.5,27.75,26.5,27.75,27.25,26.75,26.75,26.75,26.25,26.25,26.75,27.5,28.25,28.0,26.5,26.75,26.25,26.25,26.5,28.0,29.0,28.0,26.5,26.5,26.0,26.75,27.25,26.75,27.5,26.5,26.25,26.5,25.75,26.5,27.25,26.5,26.5,26.75,26.0,26.5,25.75,25.75,26.25,26.5,26.5,26.0,26.25,26.5,26.25,25.5,26.25,26.0,26.0,26.25,26.25,25.5,25.75,26.0
85.0
26.25,26.75,26.75,26.0,27.0,26.25,27.5,27.5,27.0,27.25,27.0,26.25,26.5,26.5,26.25,26.5,26.75,27.25,28.25,27.5,26.5,26.75,26.25,26.0,26.5,27.75,28.5,27.75,26.25,26.5,26.25,26.5,26.75,26.75,27.25,26.25,26.5,26.25,26.0,26.75,26.5,27.0,26.75,26.5,26.25,26.75,26.0,26.25,26.75,26.5,26.25,26.25,26.5,26.5,25.75,25.75,26.75,26.0,26.0,26.5,26.25,25.75,26.0,26.25
86.0
26.5,26.75,26.25,26.0,26.75,26.5,27.5,26.75,26.75,27.25,27.5,26.75,26.5,26.5,26.5,26.5,27.0,27.25,28.75,27.75,26.75,27.25,26.25,26.0,26.75,27.75,28.5,28.25,26.75,26.0,26.0,26.25,26.75,26.75,27.0,26.75,26.5,26.25,27.0,26.5,27.25,26.5,26.75,26.75,26.25,26.75,26.0,26.0,26.5,27.0,26.75,26.25,26.25,26.0,26.0,26.0,26.25,26.25,26.25,26.0,26.0,26.25,25.75,25.75
87.0
26.25,27.0,26.5,26.0,26.5,26.25,27.5,27.5,26.75,27.25,27.25,26.5,27.0,26.0,26.25,26.5,26.75,27.25,28.25,27.75,26.75,26.5,26.0,26.75,26.5,28.5,28.75,27.75,26.25,26.25,26.0,26.25,27.0,26.5,27.0,26.5,26.75,26.5,26.25,26.75,26.75,26.5,27.0,26.5,25.75,26.0,26.0,26.0,26.5,26.5,26.25,26.0,26.5,26.25,26.0,25.75,26.5,26.25,26.0,26.5,26.25,26.0,25.75,26.0
88.0
26.0,27.0,26.5,26.25,26.25,26.25,28.0,27.5,26.5,27.5,26.75,26.75,26.75,26.25,26.25,26.0,26.5,27.25,28.5,27.5,26.5,26.75,26.5,26.25,26.5,27.75,28.5,28.0,26.5,26.0,26.25,26.25,27.0,26.5,27.25,26.25,26.25,26.5,26.75,26.25,26.75,26.25,26.25,27.0,26.25,26.25,26.0,25.5,26.5,26.0,26.25,26.0,26.0,26.5,25.5,25.75,26.5,26.25,25.75,26.0,25.75,25.25,25.75,25.25
89.0
26.25,26.75,26.75,26.25,26.5,26.75,27.25,27.0,26.5,27.25,27.0,26.5,26.75,26.0,26.0,26.25,27.0,27.25,28.25,27.75,26.75,26.75,26.25,26.75,26.5,27.75,28.5,28.0,26.5,26.5,26.5,26.75,27.0,26.75,27.25,26.5,26.5,26.25,26.5,26.25,27.0,26.5,27.25,26.5,26.0,26.25,26.25,25.75,26.25,26.75,26.5,26.5,26.5,26.25,25.75,25.5,26.25,26.0,26.5,26.0,26.0,26.0,26.0,26.0
90.0
26.5,26.75,26.5,26.25,26.75,26.25,27.5,27.25,26.75,27.25,26.75,26.5,26.5,26.5,26.75,26.25,27.0,27.5,28.0,27.5,26.75,26.5,26.5,26.25,26.25,28.0,28.75,28.0,26.5,26.25,26.5,26.75,27.25,26.75,27.0,26.5,26.5,26.5,26.5,26.5,26.75,27.25,27.0,27.0,26.25,26.5,26.0,26.25,26.75,26.75,26.75,26.25,26.5,26.25,25.75,26.25,27.0,26.75,26.75,26.25,26.25,26.25,26.25,26.5
