1.0
27.0,27.0,27.0,27.0,27.0,26.5,27.5,27.0,27.0,28.5,28.75,27.75,27.0,26.75,26.75,26.5,28.25,29.0,29.0,27.75,26.75,26.75,26.5,26.25,27.25,26.5,27.5,27.25,26.5,27.0,26.5,26.75,27.25,26.75,26.75,26.75,26.25,26.25,26.5,26.75,27.25,26.75,27.0,26.5,26.75,26.25,26.0,26.5,26.75,26.75,26.25,26.25,26.5,26.5,26.0,26.25,26.25,26.25,26.25,26.25,26.75,26.0,25.5,27.0
2.0
26.5,27.25,27.0,27.25,26.75,26.75,27.75,27.5,27.25,28.75,29.0,28.0,27.25,26.25,26.25,26.0,27.75,29.0,29.0,27.5,27.25,27.0,26.5,26.5,27.75,27.75,27.75,27.0,26.75,26.5,26.75,26.5,27.25,26.5,26.75,26.25,26.25,26.75,26.5,27.0,26.5,26.75,27.0,27.0,26.0,26.5,25.75,26.0,26.75,27.0,26.75,26.25,26.75,26.25,26.25,26.0,26.25,26.5,26.5,26.75,26.25,26.0,26.0,26.5
3.0
26.75,26.75,27.25,27.25,27.0,26.25,27.75,27.0,27.25,28.0,28.75,27.5,26.75,26.5,26.75,26.75,27.75,29.25,29.0,27.75,26.75,26.5,26.75,26.0,27.5,28.5,27.75,26.75,26.5,26.25,26.5,26.25,27.0,26.75,27.0,26.25,27.0,26.75,26.75,27.0,27.0,26.75,27.0,26.75,26.5,26.25,26.0,26.25,26.75,27.0,26.5,26.75,26.25,26.75,25.5,26.25,26.5,26.5,26.25,26.5,26.25,25.75,26.0,26.5
4.0
26.75,27.25,27.25,27.25,27.25,26.5,27.75,27.0,27.0,27.25,28.5,28.0,27.0,26.5,26.5,26.75,27.25,29.0,29.5,28.0,27.25,27.0,26.75,26.5,27.0,28.75,27.75,27.0,26.25,26.75,27.0,26.5,27.0,26.75,26.5,26.5,26.5,26.5,26.75,26.75,27.0,27.0,27.0,27.0,26.25,26.5,26.5,26.25,27.0,27.0,27.0,26.0,26.5,26.75,26.25,26.5,26.0,26.5,26.25,26.75,26.0,26.25,25.75,25.5
5.0
27.25,27.75,27.0,27.0,27.25,26.5,28.0,27.25,26.75,28.0,28.75,28.0,27.25,26.75,26.5,26.5,27.5,28.75,29.25,28.0,26.5,26.5,26.25,26.5,27.25,28.5,28.0,27.0,26.75,26.25,26.5,26.5,27.25,26.75,26.5,26.75,26.25,26.75,26.75,26.75,27.0,27.0,27.0,27.0,26.5,26.5,26.25,26.0,27.25,27.0,26.75,26.25,26.5,26.5,26.0,26.25,26.5,26.25,26.5,26.5,26.0,26.25,26.25,26.25
6.0
26.75,27.0,27.0,27.25,27.0,26.75,27.75,26.75,26.5,27.25,28.75,28.25,26.75,26.75,26.75,26.5,27.25,28.75,29.5,28.25,26.5,27.0,26.0,26.25,26.75,28.75,27.75,27.0,26.25,26.25,26.25,27.0,27.25,26.75,26.5,26.75,26.75,26.5,26.75,26.5,27.0,26.75,26.75,26.75,26.25,26.75,26.0,26.25,26.5,26.75,26.25,26.25,26.75,26.25,26.25,26.5,26.5,26.75,26.0,26.0,26.0,25.75,25.75,26.0
7.0
26.25,27.25,26.75,26.75,27.0,27.0,27.5,27.0,27.0,27.25,28.5,27.5,27.25,26.75,26.25,26.25,27.25,28.25,29.25,28.5,27.0,27.0,26.25,26.5,27.0,28.75,27.75,27.0,26.5,26.5,26.5,26.5,26.75,27.25,26.5,26.5,26.5,26.5,26.25,26.5,26.75,26.5,26.75,26.5,26.0,26.5,26.0,26.5,27.0,27.0,26.25,26.0,26.75,26.5,25.75,26.5,26.5,26.25,26.0,26.75,26.75,26.25,26.0,26.25
8.0
26.75,26.75,27.25,26.75,27.0,26.5,27.25,27.25,27.0,27.75,28.5,28.5,26.75,27.0,26.5,26.5,27.25,28.25,29.5,28.25,26.5,26.75,26.5,26.5,27.0,28.25,28.0,27.0,26.25,26.5,26.25,26.5,27.0,27.0,26.75,27.0,27.0,26.75,26.25,26.75,27.0,26.75,27.0,26.75,26.75,26.5,26.25,26.5,26.5,26.75,26.5,26.0,26.5,26.5,26.25,25.75,26.25,26.5,26.5,26.25,26.25,25.75,25.75,26.25
9.0
26.5,27.25,27.25,27.25,26.75,26.5,27.25,27.25,27.25,27.75,28.5,27.75,27.25,26.75,26.5,26.5,27.25,27.75,29.75,27.75,27.0,26.75,26.5,26.25,26.75,28.25,28.25,27.25,27.0,26.5,26.5,26.75,27.5,27.25,26.5,26.25,26.5,26.75,26.25,26.75,27.25,26.5,27.0,26.75,26.5,26.0,26.75,26.0,27.0,27.0,26.5,26.25,26.25,26.25,25.75,26.75,26.25,26.75,26.25,26.75,26.5,26.0,25.75,26.25
10.0
26.5,27.0,26.75,27.0,27.0,27.0,27.5,27.0,26.25,27.5,28.5,27.75,27.25,26.25,26.75,26.75,27.5,28.0,29.5,28.25,26.75,26.5,26.5,26.0,26.75,28.0,28.25,27.5,26.75,26.5,26.75,26.5,26.75,26.5,26.5,26.25,26.75,26.5,26.5,26.5,27.25,26.75,26.75,27.25,26.5,27.0,26.5,25.75,26.5,26.5,26.0,26.75,26.25,26.5,26.0,26.5,26.25,26.5,26.25,26.25,26.25,26.0,26.25,26.5
11.0
26.75,27.25,27.0,27.0,26.75,26.75,27.25,27.0,27.0,27.0,29.0,28.5,27.25,26.75,26.75,26.5,26.75,27.25,29.25,28.75,26.5,26.5,26.5,26.25,27.0,27.0,28.0,27.25,26.75,26.5,26.75,26.25,27.0,26.25,26.75,26.0,26.25,27.0,26.25,26.5,27.0,27.25,26.75,26.25,26.5,26.5,26.25,26.25,26.75,27.0,26.5,26.25,26.5,26.25,25.75,26.25,26.0,26.75,26.75,26.5,26.5,25.75,26.0,26.5
12.0
26.75,26.75,27.0,26.75,27.0,26.5,27.25,27.25,27.25,27.25,28.75,28.75,27.25,26.75,26.5,26.5,27.0,27.25,28.75,28.5,26.75,27.0,26.75,26.25,26.75,27.25,28.0,27.5,26.75,26.75,26.25,27.0,26.75,26.75,26.5,26.75,26.75,27.0,26.75,26.0,26.75,27.0,27.25,27.0,26.25,26.5,26.25,26.0,26.75,26.75,26.75,26.25,26.25,26.25,26.25,26.75,26.25,26.5,26.5,26.5,26.25,26.5,26.0,26.5
13.0
26.25,27.0,26.75,27.25,27.0,27.0,27.0,27.25,26.5,26.75,28.75,28.75,27.25,26.5,26.5,26.5,27.25,27.0,28.75,28.25,27.0,26.75,26.5,26.25,26.5,26.75,27.5,27.0,26.5,26.25,26.25,26.5,27.0,26.75,27.0,26.0,26.5,26.75,26.75,26.5,27.25,26.75,27.25,26.75,26.25,26.25,26.25,26.0,26.5,26.5,26.25,26.5,26.5,26.25,26.0,26.0,26.0,26.5,26.0,26.0,26.5,25.75,25.5,26.0
14.0
26.5,27.25,27.0,27.0,27.0,27.0,27.25,26.75,26.75,27.0,28.5,29.25,27.0,27.0,26.25,26.75,27.0,27.0,28.5,28.5,27.0,26.5,26.5,25.75,26.75,26.75,28.0,27.25,27.0,26.25,26.5,26.5,27.0,26.5,26.75,26.5,26.5,26.75,26.25,26.5,26.75,26.5,26.5,26.75,26.25,26.5,26.5,26.0,26.75,26.75,26.5,26.25,26.5,26.25,25.5,26.0,26.0,26.25,26.5,26.5,26.25,26.0,26.0,26.5
15.0
26.25,27.0,27.25,27.5,26.75,26.5,27.0,27.25,27.0,27.0,29.0,29.0,27.25,26.75,26.5,26.75,27.25,26.75,29.0,28.5,27.0,26.75,26.5,26.25,26.5,27.0,27.75,27.5,26.75,26.0,26.5,26.75,26.75,26.5,26.5,26.75,26.75,26.5,26.75,26.75,26.75,27.0,26.75,26.75,26.25,27.0,26.25,26.25,26.75,26.75,26.75,26.0,26.25,26.5,25.75,26.25,26.25,26.25,26.25,26.25,26.25,25.75,25.75,26.75
16.0
26.5,27.25,27.25,27.25,27.0,26.75,27.0,27.25,26.5,27.0,28.5,29.0,27.25,26.75,26.5,26.5,27.0,27.0,29.25,28.5,27.25,26.5,26.5,26.25,26.75,27.5,28.25,27.5,26.75,26.75,26.25,26.75,27.0,27.0,26.75,26.75,26.75,26.75,26.0,26.5,27.5,26.75,26.5,26.5,26.25,26.5,26.5,26.0,26.75,26.75,26.25,26.5,26.5,26.0,26.5,27.0,26.75,25.75,26.5,25.75,26.0,25.75,25.75,26.0
17.0
26.25,27.5,27.75,27.75,26.75,27.0,27.5,27.25,27.0,27.0,28.5,28.75,27.5,26.5,26.75,26.5,27.25,26.75,28.75,28.75,27.0,26.75,26.75,26.75,26.5,26.75,27.75,27.5,26.5,26.25,26.5,26.5,26.75,26.5,26.5,26.75,26.75,26.75,26.75,26.25,27.0,27.0,26.75,27.0,26.75,26.75,26.0,26.25,26.75,26.75,26.25,26.5,26.0,26.5,26.0,27.0,26.5,26.0,26.25,26.5,26.5,25.75,25.5,26.25
18.0
26.75,27.25,28.25,28.25,27.25,27.0,27.5,26.5,26.5,26.75,28.25,28.5,27.0,26.5,26.75,26.5,26.75,27.0,28.75,28.25,26.5,26.5,26.75,26.5,26.75,27.0,27.75,27.0,26.5,26.25,26.5,26.75,27.25,26.75,26.75,26.25,26.25,26.75,26.75,26.5,27.25,27.0,27.25,26.25,26.0,26.5,26.0,26.0,27.0,27.0,26.5,26.0,26.5,26.75,25.75,26.5,26.75,26.25,26.5,26.25,26.0,25.75,26.0,26.0
19.0
26.5,26.75,28.5,28.75,26.75,26.75,27.25,26.75,26.25,27.0,28.25,28.5,27.25,26.75,26.75,26.5,27.0,26.75,28.25,28.0,27.0,26.5,26.25,26.0,26.25,27.0,27.75,27.5,27.0,26.5,26.5,26.25,26.75,26.75,26.5,26.5,27.0,26.75,26.5,26.75,26.75,27.0,26.75,27.0,26.25,26.5,26.5,26.25,26.75,27.25,26.75,26.5,26.5,26.25,26.25,26.25,26.25,26.25,26.5,26.5,26.25,26.0,26.0,26.25
20.0
27.25,27.0,28.5,28.5,27.25,26.5,27.5,27.5,26.5,27.0,28.25,28.75,27.25,26.5,26.75,26.75,27.0,27.25,28.75,28.25,26.5,26.25,26.5,26.25,26.75,26.75,28.25,27.0,26.5,26.5,26.25,26.75,27.0,26.75,26.75,26.75,26.75,26.75,26.5,27.0,27.25,27.0,27.0,27.0,26.25,26.5,26.75,25.75,26.75,27.0,26.5,26.25,26.75,26.25,26.0,26.25,26.0,26.25,26.25,26.25,26.25,26.25,26.0,26.5
21.0
27.25,26.25,28.25,29.25,27.25,26.75,27.5,27.0,26.75,26.75,27.75,28.5,27.5,26.75,26.5,26.75,26.75,26.75,28.75,28.5,27.25,26.75,26.5,26.75,26.75,26.75,28.0,27.5,26.5,26.75,26.5,26.5,26.75,27.0,26.75,26.5,26.5,26.75,26.5,26.75,27.0,26.75,27.0,27.0,26.25,26.75,26.25,26.25,26.5,26.75,27.0,26.5,26.5,26.25,26.5,26.25,26.5,26.5,26.5,26.25,26.0,26.5,25.75,26.5
22.0
26.75,27.25,28.25,29.0,27.0,27.0,27.25,27.0,26.75,27.0,27.5,28.75,27.25,26.5,26.25,26.5,27.0,27.25,29.0,28.5,27.0,26.25,26.75,26.25,26.5,26.75,28.25,27.5,26.25,26.5,26.25,26.25,27.25,26.75,27.0,26.5,26.75,26.5,26.75,26.25,27.25,27.0,26.75,26.75,26.5,27.0,26.5,26.0,26.5,27.0,26.5,26.25,26.5,26.5,26.0,26.0,26.5,26.25,26.75,26.0,26.25,26.25,26.0,26.5
23.0
27.0,27.25,28.25,29.0,27.25,26.75,27.25,27.25,26.25,27.25,28.0,28.25,26.75,27.0,26.25,26.75,26.75,26.75,28.75,28.5,27.0,26.75,26.75,26.25,26.75,26.75,28.0,27.25,26.5,26.5,26.25,26.75,27.0,26.25,26.75,26.5,26.75,26.5,26.5,26.5,27.0,26.5,26.75,26.75,26.5,26.75,26.25,25.75,27.0,27.0,26.5,26.5,26.5,26.25,26.0,26.25,26.75,26.5,26.5,26.75,26.25,25.5,25.75,26.25
24.0
26.75,27.0,28.25,28.75,27.5,26.75,27.75,27.25,27.0,27.25,28.5,28.75,27.25,26.5,26.5,26.5,27.5,26.75,29.0,28.25,26.5,26.75,26.75,26.0,26.5,26.75,28.25,27.25,26.5,26.5,26.25,26.25,27.25,26.75,26.5,26.5,26.5,26.75,27.25,26.25,26.75,27.0,26.75,26.75,26.25,26.75,26.5,26.0,26.75,27.0,26.25,26.5,26.5,26.5,26.25,26.0,26.5,26.75,26.75,26.5,26.0,25.75,26.0,26.25
25.0
26.75,27.0,28.0,29.0,27.0,26.75,27.0,27.25,26.75,26.75,28.0,28.5,27.0,26.25,26.75,27.0,27.0,26.5,28.5,28.5,26.75,26.75,26.5,26.5,26.25,26.75,28.0,27.25,26.5,26.0,27.0,26.5,27.0,26.75,26.75,26.75,26.75,26.25,26.5,26.75,27.25,26.5,27.0,26.75,26.5,26.5,26.0,26.0,27.0,27.0,26.25,26.25,26.5,26.5,26.25,26.75,26.5,26.75,26.5,26.5,26.0,26.25,26.0,27.0
26.0
26.75,26.75,28.0,28.75,27.25,26.5,27.25,27.25,26.5,26.75,28.25,28.5,27.25,26.75,26.75,26.25,26.75,27.25,28.75,28.5,27.0,26.75,26.5,26.5,26.5,27.0,28.0,27.0,26.75,26.5,26.5,26.75,27.0,27.0,27.0,26.5,26.75,26.75,26.5,26.75,27.0,26.75,27.0,27.0,26.25,26.75,26.25,26.25,27.0,27.0,26.75,26.5,26.75,26.25,26.5,26.5,26.5,26.0,26.75,26.0,26.5,26.0,26.0,26.0
27.0
26.5,27.0,28.5,29.25,27.0,26.75,27.75,27.25,26.5,27.0,28.5,28.75,26.75,26.5,26.25,26.75,26.75,26.5,29.0,28.5,27.0,26.75,26.75,26.25,26.75,27.0,28.0,27.25,26.75,26.0,26.75,26.5,26.75,27.0,26.75,26.5,26.5,27.0,26.5,26.5,27.0,27.25,26.75,26.75,26.5,26.75,26.25,26.25,26.75,26.75,26.75,26.25,26.25,26.5,26.0,26.25,26.0,26.5,26.5,27.0,26.25,26.25,26.0,26.75
28.0
26.5,27.25,28.0,29.25,27.0,26.5,27.25,27.25,26.25,27.25,28.0,28.5,27.5,26.75,26.5,26.5,27.25,26.75,28.75,28.25,26.75,26.75,26.5,26.75,26.75,26.75,28.25,27.75,26.75,26.5,26.5,26.5,26.75,26.75,26.75,26.75,26.75,26.75,27.0,26.25,27.25,26.75,27.0,26.75,26.25,26.5,26.0,26.25,26.75,26.75,26.25,26.5,26.75,26.25,26.25,26.25,26.5,26.5,26.5,26.25,25.75,26.0,26.25,26.5
29.0
26.25,27.5,28.75,28.75,27.25,26.75,27.75,26.75,26.75,27.0,27.75,28.5,27.25,26.5,26.5,26.25,26.5,27.0,28.5,28.25,26.75,27.0,26.5,26.5,26.5,27.0,28.0,27.25,26.5,26.25,26.75,26.75,27.0,26.75,27.0,26.75,26.75,26.75,26.5,26.75,27.25,26.75,26.75,27.0,26.5,26.5,26.25,26.5,27.0,26.75,26.75,25.75,27.0,26.0,26.0,26.5,26.5,25.75,26.5,26.5,26.25,26.0,26.25,26.75
30.0
26.75,27.0,28.5,28.5,27.0,26.5,27.5,26.75,27.0,26.75,27.75,28.5,27.25,26.0,26.75,26.25,26.25,27.25,28.75,28.75,26.75,26.5,26.25,26.0,26.25,27.0,28.0,27.5,26.5,26.25,26.75,26.75,26.75,26.25,26.75,26.75,26.5,26.5,26.25,26.75,27.0,26.75,27.25,26.25,26.0,26.75,26.25,26.25,26.5,26.5,26.5,25.75,26.0,26.5,26.0,26.25,26.5,26.0,26.25,26.0,26.0,26.0,26.0,26.25
31.0
26.25,26.75,27.75,29.0,27.0,26.75,27.25,27.25,26.75,27.25,28.0,28.25,27.0,26.5,26.5,26.5,26.75,27.25,28.5,28.5,26.5,26.75,27.0,26.75,26.25,27.0,28.0,27.0,26.5,26.25,26.25,26.5,26.75,27.0,26.5,26.75,26.5,27.0,26.75,26.75,26.75,27.0,27.0,26.75,26.25,26.25,26.25,25.75,26.5,26.75,26.5,26.25,26.5,26.25,25.75,26.25,26.25,26.25,26.5,26.25,26.25,26.25,25.5,26.25
32.0
26.5,27.25,28.0,29.0,27.25,26.5,27.0,27.25,26.75,27.0,28.0,28.5,27.5,26.5,26.75,26.75,27.25,27.0,28.5,28.5,26.5,26.75,26.75,26.25,26.5,26.75,27.75,27.5,26.5,26.5,26.5,26.5,27.0,26.75,26.75,26.5,26.75,26.5,26.5,26.5,27.0,26.75,26.75,26.5,26.5,26.5,26.25,26.0,26.75,26.5,26.25,26.5,26.25,26.75,26.5,26.5,26.0,26.25,26.25,26.25,25.75,26.0,26.0,26.75
33.0
26.75,27.0,28.5,28.75,27.0,27.25,27.5,27.5,27.0,27.0,28.0,28.75,27.25,26.75,26.25,26.25,27.0,26.75,28.75,28.25,26.5,26.75,26.5,26.0,26.5,27.0,28.0,27.0,26.75,26.25,26.25,26.25,26.5,26.75,27.0,26.5,27.0,26.75,26.75,26.25,27.0,27.25,27.0,27.0,26.5,26.5,26.25,26.25,26.25,26.75,26.5,26.25,26.25,26.75,26.25,26.25,26.25,26.0,26.25,26.25,26.5,26.25,25.75,26.5
34.0
26.75,27.0,28.5,28.75,27.0,27.25,27.5,27.5,27.0,27.0,28.0,28.75,27.25,26.75,26.25,26.25,27.0,26.75,28.75,28.25,26.5,26.75,26.5,26.0,26.5,27.0,28.0,27.0,26.75,26.25,26.25,26.25,26.5,26.75,27.0,26.5,27.0,26.75,26.75,26.25,27.0,27.25,27.0,27.0,26.5,26.5,26.25,26.25,26.25,26.75,26.5,26.25,26.25,26.75,26.25,26.25,26.25,26.0,26.25,26.25,26.5,26.25,25.75,26.5
35.0
26.5,27.25,28.25,29.0,27.25,26.75,27.0,27.0,26.5,27.0,27.75,28.5,27.0,26.75,26.75,26.5,26.75,27.0,28.75,28.25,26.75,26.75,26.5,26.5,26.25,26.75,28.0,27.25,26.5,26.25,26.0,26.5,27.0,26.5,27.0,26.5,27.0,26.75,26.5,26.25,27.25,26.75,27.0,26.75,26.5,27.0,26.5,26.0,27.0,26.75,26.75,26.5,26.25,26.75,26.5,26.0,26.5,26.25,26.25,26.5,26.5,25.75,25.75,27.25
36.0
26.5,27.5,28.25,29.0,27.25,26.5,27.5,27.0,26.75,27.0,28.0,28.75,27.5,26.25,26.75,26.5,26.75,27.0,28.75,28.0,26.75,26.5,26.25,26.25,26.75,26.75,28.0,27.5,26.5,26.25,26.5,26.25,26.5,26.5,26.5,26.5,26.5,26.5,26.5,27.0,26.75,27.0,26.5,26.75,26.25,26.25,26.25,25.75,26.5,26.25,26.5,26.25,26.5,26.5,26.0,26.25,26.5,26.5,26.25,26.25,26.25,26.0,25.5,26.0
37.0
26.5,27.0,28.0,29.25,27.0,26.5,27.75,27.25,27.0,26.75,28.25,28.5,27.0,26.5,26.75,26.5,26.75,26.5,29.0,28.0,26.75,26.75,27.0,26.0,26.75,27.25,28.0,27.5,26.5,26.0,26.25,27.0,27.5,26.75,27.25,26.75,26.5,26.75,26.5,26.75,26.75,26.75,26.75,26.75,26.0,26.5,26.25,26.0,26.5,26.75,26.25,26.5,26.5,26.5,26.25,26.0,26.0,26.5,26.0,26.25,26.25,26.0,26.25,26.25
38.0
26.5,27.5,28.25,29.5,27.0,26.25,27.5,27.25,26.75,27.0,27.75,28.25,27.0,26.25,26.25,26.5,27.25,27.0,28.5,28.0,26.5,26.25,26.5,26.0,26.5,27.0,28.0,27.5,26.5,26.25,26.5,26.5,27.25,26.5,27.25,26.75,26.5,26.25,26.25,26.25,27.0,26.75,26.75,26.5,26.25,26.5,26.25,26.0,26.25,26.5,26.25,26.25,26.0,26.25,25.75,26.0,26.25,26.0,26.25,25.75,26.25,25.75,26.0,26.25
39.0
26.25,27.0,28.0,28.75,27.5,26.75,27.75,26.5,27.5,27.0,28.25,28.5,27.25,26.5,26.75,26.75,26.75,27.25,28.5,28.25,26.75,26.5,26.75,26.25,26.75,27.25,28.0,27.5,26.75,26.75,26.5,26.75,27.0,26.25,27.0,26.25,26.0,26.75,26.5,26.75,26.75,26.75,27.25,26.5,26.0,26.5,26.75,26.5,26.25,26.75,27.0,26.75,26.75,26.5,26.0,26.5,26.5,26.5,26.5,26.25,26.0,25.5,25.75,25.75
40.0
26.5,26.75,28.5,29.0,27.0,27.0,27.25,27.25,26.75,27.25,28.0,28.5,27.25,26.75,26.5,26.75,27.0,27.0,28.75,28.25,26.5,26.5,26.5,26.5,26.75,26.75,28.0,27.25,26.75,26.5,26.75,26.75,27.0,26.5,27.0,26.75,26.75,26.75,26.75,26.75,27.0,27.0,27.0,26.5,26.5,26.5,26.25,25.75,27.0,27.0,26.25,26.25,27.0,26.5,26.0,26.5,26.25,26.5,26.75,26.0,26.25,26.0,25.75,26.25
41.0
26.5,27.25,28.5,29.5,27.0,26.5,27.75,27.25,26.75,26.75,28.25,28.25,27.5,26.5,26.75,26.5,27.0,27.25,28.75,28.5,26.5,27.0,26.5,26.5,26.75,27.0,28.0,27.5,26.75,26.25,26.75,26.25,26.75,26.75,26.5,26.5,26.75,26.75,26.5,26.5,27.25,26.5,27.0,26.25,26.75,26.0,26.5,26.25,26.5,27.0,26.5,26.25,26.5,26.75,26.25,26.25,26.5,26.5,26.5,27.0,26.25,26.0,26.0,26.75
42.0
26.75,27.0,28.5,29.0,27.25,27.0,27.75,26.75,26.5,26.75,27.75,28.5,27.25,26.5,26.5,26.5,27.0,27.0,28.75,28.25,27.0,26.75,26.75,26.5,26.5,26.75,27.5,27.5,26.5,26.5,26.75,26.75,27.0,26.75,27.0,26.75,26.5,26.75,26.5,26.75,27.0,26.75,26.5,26.75,26.25,26.75,26.5,26.25,26.75,26.75,26.0,26.5,26.25,26.5,26.25,26.75,27.0,26.25,26.25,26.25,26.0,26.25,25.75,26.25
43.0
26.5,27.25,27.75,28.75,27.25,26.75,27.25,26.25,26.5,26.75,28.25,28.5,27.25,26.5,26.75,26.75,27.0,27.0,28.5,28.25,26.5,26.75,26.75,26.5,27.0,27.0,28.25,27.5,26.5,26.25,26.75,26.5,27.0,26.75,26.75,26.75,26.75,26.25,26.75,27.0,26.75,27.0,27.0,26.75,26.5,26.5,26.0,26.25,26.25,26.5,26.25,26.75,26.5,26.0,26.0,26.5,26.25,25.75,26.0,26.25,25.75,26.25,26.0,26.5
44.0
26.75,27.25,28.0,29.0,27.0,27.0,27.5,27.0,26.75,26.75,28.0,28.75,27.0,26.25,26.75,26.25,27.25,27.0,28.5,28.5,26.75,26.5,26.5,26.25,26.5,27.0,28.0,27.5,26.5,26.5,26.75,26.75,26.75,26.5,27.0,26.75,26.25,26.75,26.25,26.75,26.75,27.0,26.5,27.25,26.25,26.75,26.25,26.25,26.5,27.0,26.25,26.5,26.5,26.75,26.0,26.25,26.75,26.0,26.5,26.25,26.25,26.0,25.75,26.5
45.0
26.5,26.75,28.5,29.0,27.25,26.5,27.25,26.75,27.25,27.0,28.0,28.5,27.0,26.5,27.0,26.5,27.0,26.75,28.75,28.25,27.0,26.5,26.5,26.75,26.25,26.75,28.25,27.25,26.75,26.25,26.75,26.25,26.75,26.75,27.0,26.75,26.25,26.75,26.5,27.0,27.25,26.75,26.75,26.5,26.5,26.5,26.5,25.75,26.25,26.75,26.25,26.25,26.75,26.0,26.25,26.5,26.75,26.25,26.75,26.0,26.0,26.0,26.0,26.25
46.0
26.75,26.75,28.5,29.25,27.5,26.75,28.0,27.5,26.25,27.25,28.0,28.5,27.0,26.5,26.75,26.5,27.0,27.0,28.5,28.5,26.75,26.75,26.25,26.0,26.5,27.0,28.25,27.75,26.25,26.5,26.0,26.25,27.0,26.5,27.0,26.5,26.75,26.75,26.75,26.75,27.0,26.75,26.75,26.75,26.5,26.25,26.0,26.0,27.0,27.0,26.5,26.5,26.5,26.25,26.5,26.25,26.25,26.25,26.25,26.5,26.0,25.5,26.25,26.5
47.0
27.0,26.75,28.0,29.25,27.25,26.5,27.25,27.25,26.75,27.5,27.75,28.75,27.25,27.0,26.5,26.75,27.0,27.0,29.0,28.5,26.5,26.75,26.75,26.25,26.5,27.0,28.0,27.5,26.75,26.5,26.5,26.25,27.0,26.75,26.75,26.25,26.25,26.75,26.75,27.0,27.0,26.75,27.0,26.5,26.5,26.0,26.5,26.25,26.5,26.5,26.75,26.25,26.5,26.0,26.0,26.0,26.25,26.5,25.75,26.0,26.0,26.25,25.25,26.0
48.0
26.5,26.75,28.5,28.75,27.25,26.75,27.75,26.75,26.5,26.75,27.75,28.5,26.75,26.75,26.5,26.75,26.5,26.5,28.75,28.0,26.75,27.0,26.75,26.25,26.75,27.25,27.75,27.5,26.5,26.25,26.25,26.5,27.0,26.25,26.25,26.5,26.5,26.25,26.25,26.75,27.0,26.75,26.5,27.0,26.5,26.75,26.0,25.75,26.5,27.0,26.0,26.25,26.5,26.25,26.0,26.25,26.25,26.5,26.5,26.5,25.75,26.25,25.5,26.25
49.0
26.25,26.75,28.5,28.75,27.0,26.5,27.5,27.25,26.75,27.25,28.0,28.5,27.25,26.25,26.5,26.25,27.0,26.5,28.75,28.5,27.0,26.5,26.25,26.25,26.75,26.75,27.75,27.5,26.75,26.25,26.25,26.75,27.25,26.5,26.75,26.5,26.25,27.0,26.75,26.5,26.5,26.25,26.75,26.5,26.5,26.75,26.0,26.0,26.25,26.75,26.5,26.5,26.5,26.5,26.5,26.25,26.75,26.0,26.75,26.0,26.25,26.25,25.75,26.75
50.0
26.5,27.0,28.25,29.5,27.0,26.75,27.25,27.0,26.5,27.0,27.75,28.5,27.0,26.5,26.25,26.75,26.75,26.75,28.5,28.5,26.75,26.5,26.75,26.5,26.75,26.75,28.0,27.25,26.5,26.75,26.5,26.5,27.0,26.5,26.75,26.25,26.5,26.5,26.25,26.75,27.25,26.5,26.75,26.5,26.25,26.5,26.0,25.75,26.5,26.75,26.25,26.25,26.5,26.5,26.0,26.25,26.5,26.25,26.5,26.25,26.0,26.0,25.5,25.75
51.0
26.5,27.75,28.0,28.5,27.0,26.5,27.5,27.25,26.75,27.5,27.75,28.25,27.0,26.5,26.5,27.0,26.75,26.5,28.75,28.5,26.75,26.75,26.5,26.25,26.25,26.75,28.25,27.5,26.75,26.0,26.25,26.5,26.75,26.75,26.75,26.5,26.5,27.0,26.75,26.75,26.75,26.75,26.5,26.75,26.25,26.25,26.25,26.25,26.5,26.5,26.5,26.0,26.25,26.25,25.75,26.25,26.25,26.75,26.0,26.0,26.5,26.0,25.5,26.25
52.0
26.75,27.5,28.25,28.75,27.25,26.75,27.5,26.75,26.5,27.0,28.0,28.75,27.0,26.5,26.5,26.25,26.75,26.75,28.75,28.25,26.5,26.75,26.25,26.25,26.75,26.75,28.25,27.25,26.75,26.0,26.5,26.5,27.25,26.5,26.75,26.5,26.5,26.5,26.5,26.0,27.25,27.0,26.75,26.75,26.5,27.0,26.25,26.25,26.75,26.75,26.0,26.25,26.75,26.5,25.5,26.5,26.25,26.0,25.75,26.0,26.0,25.75,25.75,26.25
53.0
26.5,27.0,28.0,29.0,26.75,26.75,27.25,26.75,26.5,26.75,27.75,28.5,27.0,26.75,26.5,26.75,26.75,26.25,28.5,28.25,26.75,26.5,26.5,26.5,26.25,27.0,28.25,27.25,26.0,26.5,26.25,26.25,26.5,26.5,26.75,26.0,26.5,26.75,26.5,26.5,27.0,26.75,26.5,26.75,26.0,26.75,26.0,25.5,26.5,26.75,26.0,26.5,26.25,26.0,25.75,26.25,26.75,26.25,26.5,26.5,26.0,25.75,26.75,26.0
54.0
26.5,27.25,28.0,29.25,27.0,26.5,27.25,26.75,26.75,26.5,27.75,28.25,27.25,26.25,26.5,26.5,27.0,27.0,28.5,28.0,26.5,26.25,26.25,26.25,26.5,26.75,27.75,27.5,26.75,26.25,26.5,26.75,27.0,27.0,26.75,26.25,26.25,26.25,26.75,26.75,27.5,26.5,26.75,26.5,26.5,26.5,26.0,26.25,26.5,26.5,26.25,26.25,26.25,26.0,26.0,26.0,26.0,26.25,26.0,26.25,26.25,25.75,26.0,26.0
55.0
26.25,27.0,28.25,29.0,27.25,26.25,27.5,26.75,26.25,26.75,27.75,28.5,27.5,26.5,26.75,26.25,27.0,26.5,28.5,28.0,26.75,26.75,26.5,26.5,26.25,27.0,28.25,27.5,26.5,26.0,26.25,26.5,27.0,26.5,26.75,26.5,26.25,26.25,26.5,26.25,27.0,26.75,26.75,26.5,26.25,26.25,26.25,26.0,26.5,26.5,26.25,26.0,26.25,26.25,26.0,26.25,26.25,26.25,26.5,26.25,26.0,25.5,26.0,26.0
56.0
26.5,27.0,28.5,29.0,26.75,26.75,27.75,27.25,26.5,27.0,28.0,28.5,26.75,26.5,26.75,26.5,27.0,26.5,28.5,28.25,26.75,26.75,26.0,26.25,26.5,26.5,28.0,27.25,26.75,26.75,26.5,26.0,26.75,27.0,27.25,26.25,26.5,26.5,26.5,26.75,27.25,26.75,26.5,26.75,26.0,26.5,25.75,26.0,26.5,26.75,26.25,26.25,26.0,26.5,26.0,26.5,26.0,26.25,26.25,26.25,26.0,25.75,25.75,26.0
57.0
26.5,26.5,28.0,28.75,27.25,26.25,27.25,27.0,26.5,26.75,28.0,28.5,27.0,26.5,26.5,26.25,26.75,27.25,28.75,28.5,26.5,26.5,26.25,26.0,26.75,27.0,27.75,27.25,26.5,26.75,26.75,26.25,26.75,26.5,26.25,26.25,26.5,26.5,26.75,26.75,26.75,26.5,26.75,26.75,25.75,26.75,26.5,26.25,27.0,26.75,26.5,26.5,26.75,26.5,26.25,26.25,26.25,26.25,26.5,26.5,26.0,25.75,25.5,27.0
58.0
26.5,26.75,28.25,28.75,27.25,26.75,27.0,27.0,26.75,26.75,28.25,28.75,27.0,26.25,26.5,26.75,27.0,27.0,28.75,28.25,27.0,26.75,26.5,26.5,26.75,26.75,27.5,27.25,26.75,26.25,26.5,26.25,26.75,27.0,26.75,26.75,26.5,26.5,26.25,27.0,27.0,26.5,26.75,26.5,26.25,26.0,26.5,25.5,26.75,26.5,26.25,26.5,26.25,26.25,25.75,26.25,25.75,26.25,26.5,26.5,26.25,26.0,25.75,26.25
59.0
27.0,27.0,28.0,29.0,26.75,26.75,27.5,26.75,26.5,26.75,27.75,28.5,27.0,26.5,26.75,26.75,26.75,27.0,28.25,28.25,26.75,26.75,26.5,26.25,26.75,27.25,28.25,27.5,26.5,26.0,26.5,26.5,27.0,26.0,26.75,26.25,26.5,26.5,26.5,26.75,26.75,27.0,26.5,26.75,26.25,26.5,26.5,25.75,26.25,26.75,26.5,26.25,26.75,26.5,26.0,26.5,26.5,26.0,26.5,26.5,26.25,25.5,25.75,26.5
60.0
26.5,27.25,28.25,29.0,26.75,26.75,27.5,26.75,26.5,26.75,27.75,28.75,27.0,26.25,26.25,26.5,27.0,27.0,28.5,28.25,26.75,26.5,26.25,26.0,26.75,27.0,27.5,27.25,26.5,26.5,27.0,26.5,26.75,26.25,26.5,26.5,26.25,26.25,26.75,26.5,27.25,26.5,26.5,26.75,26.0,26.5,26.5,26.0,27.0,27.0,26.5,26.0,26.5,26.5,25.75,26.0,26.0,26.0,25.75,26.25,25.75,25.5,25.5,26.0
61.0
26.75,26.75,28.25,29.0,27.25,26.5,27.75,27.0,26.75,26.5,27.75,28.25,27.0,26.5,27.0,26.5,26.75,27.0,28.5,28.0,26.5,26.25,26.5,26.5,26.5,27.0,28.0,27.0,26.5,26.0,26.25,26.75,27.25,26.5,26.75,26.75,26.75,26.75,26.75,26.75,27.5,27.0,26.75,26.25,26.25,26.5,26.5,26.5,27.0,26.5,26.0,26.0,26.75,26.25,26.0,26.0,26.5,26.75,26.75,26.0,26.75,25.75,26.0,26.0
62.0
26.5,26.75,28.25,28.75,27.0,26.5,27.0,27.0,26.25,27.0,28.25,28.5,26.75,26.5,27.0,26.5,27.0,26.5,28.5,28.25,26.75,26.75,26.25,26.0,26.75,27.25,27.75,27.25,26.5,26.25,26.0,26.5,27.0,26.5,26.5,26.75,26.75,26.5,26.25,26.75,26.5,26.75,26.5,26.75,26.25,26.5,26.0,25.75,26.5,26.75,26.0,26.0,26.25,26.0,26.0,26.5,26.0,26.25,26.0,26.5,26.0,25.75,25.75,26.5
63.0
26.5,26.75,28.25,29.0,26.75,26.25,27.25,26.75,26.75,27.0,28.25,28.25,27.25,26.5,26.5,26.75,27.25,27.0,28.5,28.25,27.0,27.0,27.0,26.25,26.75,26.75,27.75,27.25,26.5,26.25,26.5,26.75,26.75,26.0,26.5,26.25,26.25,26.75,26.75,26.75,27.25,27.0,26.5,27.0,26.25,26.25,25.75,26.25,26.75,26.5,26.25,26.0,26.5,26.5,26.25,26.25,26.5,26.0,26.0,26.25,25.75,26.25,26.25,26.5
64.0
26.5,26.5,28.25,29.0,27.0,26.25,27.75,26.75,26.75,27.25,27.75,28.75,27.0,26.25,26.75,27.0,27.0,27.0,28.5,28.75,26.5,26.5,26.5,26.25,26.75,27.0,28.25,27.25,26.5,26.25,26.5,26.5,26.75,26.75,26.75,26.75,26.5,26.5,26.75,26.75,27.0,26.75,26.75,26.75,26.0,26.5,26.0,26.0,26.75,27.0,26.5,26.25,26.5,26.25,26.25,26.0,26.25,25.75,26.5,26.5,25.75,26.0,25.75,26.75
65.0
26.25,27.0,28.25,29.0,26.75,26.5,27.75,27.25,26.5,27.0,27.75,28.25,27.0,26.25,26.5,27.0,27.0,27.0,28.25,28.75,26.5,26.75,26.25,26.25,26.75,26.75,28.25,27.25,26.25,26.5,26.25,26.25,26.75,26.5,26.5,26.5,26.25,26.25,26.5,26.75,27.25,26.75,27.0,26.75,26.25,26.0,26.25,25.75,26.25,26.75,26.25,26.25,26.5,26.0,25.75,26.5,26.0,26.0,26.25,26.25,25.75,25.75,26.0,25.75
66.0
26.5,27.25,28.0,29.5,27.25,26.5,27.5,27.75,26.5,27.0,28.0,28.5,27.0,26.5,26.75,26.75,27.25,26.25,28.75,28.25,27.0,26.25,26.75,26.0,26.5,27.25,27.75,27.0,26.5,26.0,26.25,26.25,27.0,26.0,27.0,26.25,27.0,26.5,26.0,26.5,27.0,27.0,27.0,26.5,26.5,26.25,26.25,26.25,26.75,26.75,26.25,26.25,26.75,26.25,25.75,26.25,26.25,26.5,26.25,26.25,26.5,26.0,26.0,26.0
67.0
26.25,27.0,28.0,29.0,27.0,27.0,27.75,26.75,26.5,26.5,27.75,28.25,27.0,26.5,26.75,26.75,26.75,26.5,28.75,28.0,26.75,26.75,26.75,26.0,26.75,26.5,27.75,27.0,26.5,26.5,26.25,27.0,26.75,26.0,26.75,26.25,26.25,26.75,27.0,26.25,27.0,26.5,27.0,26.0,26.5,26.25,26.25,25.75,26.5,26.5,26.25,26.25,26.5,26.25,26.0,26.75,26.5,26.25,26.25,25.75,26.25,25.5,25.75,26.5
68.0
26.75,27.25,28.5,29.0,27.5,26.5,27.5,27.25,26.5,26.75,28.25,28.25,27.25,26.5,26.5,26.75,27.25,26.75,28.75,28.5,26.75,26.5,26.25,26.25,26.5,26.75,27.75,27.25,26.5,26.25,26.5,26.5,26.75,26.5,26.5,26.5,26.5,26.5,26.5,26.75,27.25,26.5,27.25,26.75,26.5,26.5,26.0,25.75,26.5,26.5,26.5,26.25,26.25,26.5,26.0,26.25,26.5,26.0,26.25,26.5,26.25,26.0,26.0,26.25
69.0
27.0,26.75,28.25,28.75,27.25,27.0,27.25,27.25,26.5,27.0,28.25,28.5,27.25,26.25,26.25,26.5,27.25,27.0,28.5,28.25,26.5,26.25,26.5,26.0,26.75,27.0,28.0,27.0,26.5,26.0,26.0,26.0,26.75,26.5,26.75,26.75,26.5,26.75,26.5,26.25,27.5,26.75,26.5,26.75,26.0,26.75,26.0,26.25,26.75,27.0,25.75,26.0,26.5,26.5,26.0,26.0,26.25,26.0,26.5,26.0,26.25,25.75,25.75,26.5
70.0
26.5,27.0,28.0,29.0,27.0,26.75,27.5,27.25,26.25,27.0,28.25,28.5,27.0,26.25,26.25,26.75,27.0,27.25,28.5,28.25,26.5,26.75,26.5,26.25,26.75,27.0,27.75,27.25,26.5,26.25,26.5,26.75,27.25,26.25,26.75,26.5,26.25,26.5,26.75,26.5,26.75,27.25,27.0,26.5,26.75,26.5,26.25,25.75,26.75,26.5,26.5,26.25,26.75,26.5,26.0,26.5,26.25,26.5,26.75,26.25,26.0,25.75,26.25,26.5
71.0
26.75,26.75,28.5,28.75,27.0,26.5,27.75,26.75,26.75,27.25,28.0,28.5,26.75,26.5,26.25,26.5,26.5,27.0,28.75,28.5,26.75,27.0,26.5,26.5,26.75,27.0,28.0,27.25,26.5,26.5,26.25,27.25,27.0,26.75,27.0,26.5,26.75,26.75,26.25,26.5,26.75,26.75,26.75,26.75,26.25,26.75,26.25,25.5,26.75,26.5,26.25,26.25,26.75,26.25,26.0,26.5,26.25,26.25,26.25,26.5,26.25,26.0,26.25,26.0
72.0
26.75,27.0,28.0,29.0,27.0,26.75,27.5,27.5,26.75,26.75,28.0,28.0,27.0,26.75,26.25,26.75,27.0,27.0,28.75,28.25,27.0,26.5,26.25,26.0,27.0,27.0,27.75,27.0,26.5,26.5,26.25,26.5,27.0,26.5,26.75,26.25,26.5,27.0,26.25,26.5,27.0,26.25,27.0,26.75,25.75,26.75,26.0,26.0,26.75,26.75,26.25,26.0,26.75,26.0,26.0,26.5,26.5,26.5,26.75,26.0,26.25,26.25,26.25,26.75
73.0
26.5,27.25,27.75,28.75,27.0,26.5,28.0,27.25,26.5,27.0,28.0,28.25,27.25,26.75,26.75,26.25,27.0,27.25,28.75,28.0,26.75,26.75,26.25,26.25,26.5,27.0,28.0,27.0,26.75,26.25,26.0,26.25,26.75,26.5,27.0,26.0,26.5,26.25,26.75,26.5,26.75,27.0,27.0,26.75,26.0,26.25,26.0,26.0,26.5,26.5,26.25,26.5,26.5,26.25,26.0,26.0,26.25,26.75,26.0,26.25,26.5,26.0,26.0,26.75
74.0
26.25,26.75,28.25,29.0,27.25,26.5,27.25,26.5,26.5,26.75,28.0,28.5,27.0,26.25,26.75,26.5,26.75,26.75,28.5,28.25,26.75,26.75,26.0,26.25,26.5,27.0,27.5,27.25,26.5,26.25,26.25,26.75,27.0,26.5,26.5,26.75,26.5,26.25,26.25,27.0,27.0,26.5,26.5,26.5,26.0,26.25,26.0,26.0,26.5,26.5,25.75,26.25,26.25,26.5,25.75,26.25,26.5,26.25,26.0,26.25,26.0,26.0,25.75,26.25
75.0
26.75,27.25,28.0,29.25,27.0,26.25,27.25,27.25,26.75,26.75,27.75,28.5,27.0,26.75,26.25,26.25,27.25,26.5,28.5,28.25,26.5,26.5,26.75,26.5,26.75,27.0,28.0,27.5,26.5,26.5,26.25,26.25,27.0,26.5,26.5,26.25,26.5,26.75,26.25,26.25,26.75,26.5,26.25,26.75,26.75,26.5,25.75,25.5,26.75,27.0,26.25,26.25,26.25,26.0,25.75,26.25,26.75,26.25,26.5,26.25,26.0,25.75,26.25,26.0
76.0
26.75,26.75,28.25,29.25,27.25,26.25,27.25,27.0,26.75,27.0,27.75,28.25,27.25,26.25,26.25,26.25,27.0,27.0,28.5,28.25,26.5,26.75,26.5,26.25,26.75,27.0,27.75,27.0,26.25,26.0,26.25,26.25,26.75,26.5,27.0,26.25,26.75,26.75,26.25,26.75,26.75,26.75,26.5,26.75,26.75,26.5,26.25,25.75,26.5,27.0,26.25,26.25,26.75,26.5,26.25,26.75,26.5,26.25,26.0,26.5,26.0,26.0,25.75,26.5
77.0
26.5,26.75,28.5,29.0,27.25,26.75,27.0,27.0,26.75,27.0,28.0,28.25,27.25,26.5,26.25,26.5,26.75,26.5,28.5,28.25,26.5,26.25,26.5,26.25,26.75,27.0,28.0,27.25,26.25,26.25,26.75,26.25,27.0,26.75,26.5,26.5,26.5,26.5,26.5,26.5,27.0,26.75,26.5,26.5,26.5,26.5,26.25,26.25,26.75,26.5,26.25,26.5,26.25,26.5,25.5,26.25,26.0,26.5,26.5,26.25,25.75,26.25,25.75,26.25
78.0
26.25,26.75,28.0,29.0,27.0,26.5,27.25,27.0,26.5,26.5,27.75,28.5,27.0,26.5,26.5,26.5,26.75,26.5,28.25,28.25,26.5,26.5,26.75,26.5,26.25,27.25,27.75,26.75,26.75,26.5,26.25,26.0,26.25,26.5,26.75,26.5,26.5,26.5,26.25,26.25,27.25,26.5,26.75,26.75,26.25,26.0,26.5,26.0,26.75,27.0,26.25,26.5,26.5,26.5,25.75,26.75,26.5,26.25,26.75,26.0,26.25,25.75,26.0,26.0
79.0
26.25,27.25,27.5,29.0,26.75,26.75,27.5,26.75,26.5,26.5,28.0,28.5,27.0,26.25,26.75,26.5,27.25,26.75,28.5,28.25,26.75,26.5,26.25,26.0,26.25,27.0,27.75,27.25,26.5,26.5,26.25,26.5,26.5,26.5,27.0,26.75,26.0,26.75,26.5,26.25,26.75,26.75,26.75,26.75,26.0,26.0,26.0,26.0,26.75,27.0,26.25,26.5,26.25,26.5,26.25,26.0,26.5,25.75,26.0,26.25,26.0,25.75,26.25,26.5
80.0
26.5,27.0,28.0,29.0,27.0,26.25,27.25,27.25,26.75,26.5,27.5,28.25,26.75,26.5,26.75,26.0,26.75,26.5,28.75,28.25,26.75,26.75,26.25,26.0,26.75,26.75,27.75,27.0,26.25,26.25,26.5,26.0,27.0,26.25,27.0,26.25,26.25,26.5,26.5,26.5,26.75,26.75,27.0,26.5,26.25,26.25,26.25,26.0,27.0,27.0,26.0,26.0,26.5,26.25,26.25,26.5,26.5,26.25,26.5,26.75,26.5,25.75,26.0,26.25
81.0
26.75,27.0,28.5,29.0,27.25,27.5,27.75,27.0,27.0,27.0,27.75,28.5,27.0,26.75,26.25,26.5,26.75,27.0,28.5,28.25,26.75,26.5,26.75,26.5,26.25,26.75,27.75,27.0,26.5,26.25,26.5,26.25,26.75,26.0,26.5,26.25,26.5,26.25,26.75,26.5,26.75,26.75,26.5,26.75,26.0,26.75,25.75,26.0,26.5,27.0,26.25,26.0,26.25,26.5,26.0,26.0,26.25,26.75,26.25,26.0,26.0,26.25,26.25,26.5
82.0
26.5,27.0,28.0,28.5,27.0,26.25,27.25,27.0,26.75,26.75,27.75,28.5,26.75,26.5,26.25,26.5,26.75,26.5,28.25,28.25,26.5,26.75,26.5,26.5,26.0,26.5,28.0,27.25,26.5,26.5,26.5,26.75,27.0,26.5,27.0,26.75,26.75,26.25,26.75,26.75,27.0,26.5,26.75,26.5,26.25,26.5,26.0,26.0,26.5,27.0,26.25,26.25,26.25,26.25,26.25,26.25,25.75,26.0,26.5,26.25,25.75,26.25,25.5,27.0
83.0
26.0,27.0,28.0,29.0,26.75,27.0,28.0,27.25,26.5,26.5,28.0,28.5,26.75,26.25,26.25,26.5,27.0,26.75,28.75,27.75,26.5,26.25,26.75,26.25,27.0,26.75,28.0,27.25,26.75,25.75,26.25,26.5,27.25,26.25,26.75,26.25,26.5,26.5,27.0,26.5,26.5,27.0,26.75,27.0,26.0,26.75,26.25,26.25,26.5,26.75,26.25,26.0,26.25,26.5,25.75,26.0,26.25,26.25,26.0,26.75,26.25,25.75,25.5,26.0
84.0
26.75,26.75,28.25,28.5,26.75,26.5,27.25,27.0,26.5,27.0,28.0,28.25,27.0,26.25,26.75,26.75,27.0,26.5,28.5,28.25,27.0,26.25,26.5,26.25,26.0,27.0,27.75,27.5,26.75,26.0,26.5,26.75,26.75,26.5,26.75,26.75,26.75,26.75,27.0,26.75,27.0,26.75,26.75,26.5,26.25,26.25,26.75,26.25,26.5,26.75,26.25,26.5,26.5,26.25,25.75,26.0,26.5,26.75,26.5,26.5,26.25,25.75,25.75,26.75
85.0
26.5,26.75,28.25,28.75,26.75,26.75,27.25,27.25,26.25,26.75,27.75,28.25,26.75,26.25,26.75,26.5,26.75,26.5,28.25,28.0,26.5,26.5,26.5,26.0,26.25,26.5,27.75,27.25,26.5,26.25,26.0,26.75,26.75,26.5,27.0,26.25,26.25,26.25,26.5,26.75,26.75,27.0,26.75,26.75,26.25,26.25,26.25,26.25,26.75,26.5,26.25,26.25,26.25,26.75,26.25,26.0,26.25,26.25,25.5,26.5,26.0,26.0,25.75,26.5
86.0
26.25,26.75,28.25,28.75,27.25,26.25,27.5,26.5,26.75,26.75,28.0,28.25,27.0,26.0,26.5,26.75,27.0,26.75,28.5,28.25,26.75,26.25,26.0,26.75,26.5,27.0,27.5,27.0,26.25,26.5,26.0,26.5,26.75,26.0,26.5,26.5,26.25,26.5,26.75,26.5,26.75,26.75,26.75,27.0,26.25,26.5,25.75,26.25,26.25,26.5,26.0,26.25,26.75,26.0,25.75,26.0,26.75,26.5,25.75,26.5,25.75,26.25,25.75,26.25
87.0
26.5,27.0,28.25,28.75,26.75,27.0,27.75,27.0,26.75,26.75,28.0,28.25,27.25,26.5,26.75,26.25,27.25,27.0,28.75,28.5,26.5,27.0,26.25,26.25,26.5,27.0,28.0,27.0,26.5,26.5,26.75,26.75,27.0,26.5,27.0,26.25,26.5,26.25,26.5,26.5,27.0,26.75,26.5,26.75,26.0,26.25,26.25,25.75,26.75,26.5,26.25,26.0,26.5,26.0,26.5,26.75,26.25,26.0,26.25,26.25,25.75,26.25,26.0,26.5
88.0
26.5,27.25,28.0,28.75,27.0,26.5,27.25,27.0,26.75,27.0,28.0,28.5,26.5,26.25,26.25,27.0,27.0,27.0,28.5,28.5,26.75,26.5,26.0,25.75,26.75,27.0,27.75,27.5,26.5,26.0,26.5,26.5,27.0,26.5,26.5,26.5,26.5,26.75,26.25,26.5,26.75,26.75,26.75,26.25,26.25,26.5,26.25,26.0,27.0,26.5,26.25,26.0,26.25,26.25,26.25,26.25,26.5,26.5,26.5,26.25,26.0,25.75,26.0,26.0
89.0
26.5,27.25,28.0,28.75,27.0,26.5,27.25,27.0,26.75,27.0,28.0,28.5,26.5,26.25,26.25,27.0,27.0,27.0,28.5,28.5,26.75,26.5,26.0,25.75,26.75,27.0,27.75,27.5,26.5,26.0,26.5,26.5,27.0,26.5,26.5,26.5,26.5,26.75,26.25,26.5,26.75,26.75,26.75,26.25,26.25,26.5,26.25,26.0,27.0,26.5,26.25,26.0,26.25,26.25,26.25,26.25,26.5,26.5,26.5,26.25,26.0,25.75,26.0,26.0
90.0
27.0,27.75,28.0,29.0,26.75,26.25,27.5,27.0,26.25,27.0,28.0,28.75,27.25,26.5,26.75,26.5,26.75,27.0,28.5,28.25,26.5,26.75,26.5,26.0,26.5,26.75,28.25,27.5,26.25,26.25,26.5,26.25,27.0,26.5,26.75,26.25,26.75,26.5,26.5,26.5,27.0,26.75,26.75,26.75,26.25,26.0,26.25,26.0,26.5,26.5,26.0,26.25,26.5,26.25,26.0,26.5,27.0,26.25,26.25,26.75,26.5,26.0,25.75,26.5
