1.0
26.25,26.5,26.25,26.0,26.5,26.5,26.75,26.5,26.0,26.0,26.25,26.25,26.5,26.0,26.0,25.75,26.75,26.5,26.25,26.0,26.25,26.75,26.0,26.0,26.25,26.5,26.25,26.0,25.75,26.25,26.25,26.0,26.25,26.25,26.25,26.25,26.0,26.25,26.25,26.25,26.5,26.25,26.25,26.0,26.25,25.75,25.75,25.75,26.5,26.75,25.5,26.0,26.25,26.0,25.5,25.25,26.0,25.5,25.75,26.0,25.75,25.75,25.75,25.5
2.0
26.5,26.5,26.5,26.25,26.5,26.5,26.75,26.75,26.5,26.75,26.5,26.5,26.25,26.0,26.0,26.25,26.75,26.5,26.75,26.0,26.5,26.75,26.0,26.0,26.75,26.75,26.25,26.5,26.5,26.0,26.5,26.25,27.0,26.0,26.0,26.25,26.25,26.25,26.75,26.0,26.25,26.5,26.5,26.5,26.25,26.0,26.25,26.25,26.25,26.5,26.25,26.0,26.0,26.25,25.5,25.75,26.75,25.75,26.0,25.75,26.0,25.25,25.5,25.75
3.0
26.0,26.75,26.5,26.25,26.75,26.25,26.5,27.0,26.5,26.5,26.75,26.75,26.75,26.25,26.5,26.5,26.75,26.5,26.5,26.0,26.5,26.5,26.25,26.0,26.75,26.0,26.25,26.0,26.25,26.25,26.25,26.25,26.5,26.5,26.0,25.75,26.25,26.5,26.25,26.5,26.25,26.25,26.25,26.25,26.25,26.25,25.75,26.0,26.0,26.5,26.0,26.25,26.0,25.75,25.5,26.25,26.0,26.0,25.75,26.0,25.75,25.75,25.25,25.75
4.0
26.25,26.75,26.25,25.75,26.25,26.25,26.5,26.75,26.25,26.75,26.75,26.5,26.5,26.5,26.0,26.25,26.75,26.25,26.5,26.25,26.25,26.5,26.5,26.5,26.75,26.5,26.5,26.0,26.5,26.25,26.25,26.25,26.75,26.5,26.0,26.25,26.5,26.75,26.0,26.5,26.0,26.25,26.25,26.75,25.75,26.5,26.0,26.25,26.0,26.25,25.75,25.75,26.0,26.25,25.75,25.5,26.25,26.0,26.0,26.0,25.75,25.25,25.25,25.5
5.0
26.25,26.75,26.25,25.75,26.25,26.25,26.5,26.75,26.25,26.75,26.75,26.5,26.5,26.5,26.0,26.25,26.75,26.25,26.5,26.25,26.25,26.5,26.5,26.5,26.75,26.5,26.5,26.0,26.5,26.25,26.25,26.25,26.75,26.5,26.0,26.25,26.5,26.75,26.0,26.5,26.0,26.25,26.25,26.75,25.75,26.5,26.0,26.25,26.0,26.25,25.75,25.75,26.0,26.25,25.75,25.5,26.25,26.0,26.0,26.0,25.75,25.25,25.25,25.5
6.0
26.75,26.5,26.5,26.0,26.5,26.0,27.25,26.75,26.25,26.5,26.75,26.25,26.5,26.0,26.25,26.5,26.5,26.75,26.5,26.25,26.75,26.5,26.25,26.25,26.25,26.25,26.5,26.5,26.25,25.75,26.25,26.5,27.0,26.0,26.0,26.25,26.5,26.0,26.25,26.25,26.25,26.25,26.5,26.25,26.25,26.0,26.0,25.75,26.0,26.0,26.0,25.75,26.25,26.0,25.75,25.5,25.75,25.75,26.25,26.75,25.5,25.75,26.0,25.5
7.0
26.0,26.5,26.5,26.0,26.5,26.5,26.75,26.5,26.5,26.25,26.5,26.25,26.25,26.25,26.25,26.0,26.25,26.25,26.25,26.0,26.25,26.5,26.0,25.75,26.0,26.5,26.5,26.0,26.0,26.5,26.25,26.75,27.0,26.0,26.0,25.5,26.25,26.25,26.5,25.75,26.0,26.25,26.0,26.25,26.0,26.0,25.25,26.0,26.0,25.75,26.0,25.5,25.75,26.0,26.0,25.5,25.75,25.75,26.0,25.75,26.0,25.25,25.75,25.5
8.0
26.75,26.75,26.5,26.0,26.5,26.0,26.25,26.75,26.75,26.75,26.5,26.5,26.75,26.5,26.0,26.25,26.75,26.25,26.5,26.0,26.5,26.5,26.25,26.0,26.5,26.75,26.75,26.0,26.25,26.25,26.5,26.25,26.75,26.0,25.75,26.0,26.25,26.25,26.25,26.25,26.5,25.75,26.25,26.25,26.5,26.25,26.25,26.0,26.5,26.5,26.5,26.0,26.25,26.0,25.5,26.0,26.25,26.25,26.5,26.5,26.0,25.75,25.25,26.0
9.0
26.25,26.5,26.25,26.25,26.25,26.75,26.5,27.0,26.75,26.25,26.25,26.75,26.5,26.25,26.0,25.75,26.5,26.5,26.5,26.5,26.25,26.25,26.5,25.75,26.0,26.5,26.5,26.0,26.0,25.75,26.5,26.75,26.75,26.5,26.25,26.0,26.25,27.0,26.25,26.25,26.5,26.5,26.75,26.75,25.75,26.25,25.75,25.75,26.0,26.5,25.75,25.75,26.0,26.25,26.0,26.0,26.0,26.0,26.0,26.5,26.0,25.5,25.75,26.5
10.0
26.25,26.5,26.0,26.25,26.5,26.5,26.75,27.0,26.0,26.5,26.75,26.5,27.0,26.25,26.25,26.5,26.5,26.5,26.5,26.25,26.5,26.5,26.0,26.25,26.5,26.25,26.5,26.25,26.25,26.25,26.5,26.75,26.5,26.25,26.0,26.0,26.25,26.75,26.25,26.25,26.25,26.25,26.25,26.5,26.0,26.25,26.0,26.0,26.5,26.25,26.25,26.25,26.25,26.5,25.5,25.5,26.25,25.5,26.25,26.25,26.0,25.75,25.25,26.0
11.0
26.5,26.25,26.5,26.0,26.5,26.0,27.0,26.75,26.25,26.5,26.5,26.25,26.5,26.25,26.25,26.25,26.5,26.75,26.5,26.5,26.5,26.5,26.5,26.0,26.75,26.5,26.75,26.0,26.5,26.5,26.25,26.5,26.5,26.5,26.0,26.25,26.25,26.5,26.0,26.25,26.75,26.25,26.25,26.25,26.0,26.25,26.0,25.5,26.0,26.75,26.0,26.0,26.25,26.0,25.5,25.25,26.0,26.0,26.25,26.25,25.75,25.5,25.5,25.75
12.0
26.0,26.5,26.25,26.25,26.5,26.25,26.75,26.5,26.5,26.25,26.5,26.5,27.0,26.0,26.0,25.75,26.75,26.25,26.5,26.25,26.5,26.5,26.5,26.25,26.5,26.25,26.5,26.0,26.25,26.25,26.5,26.25,27.0,26.5,25.75,26.25,26.25,26.75,26.5,26.0,26.75,26.25,26.5,26.25,26.0,26.25,26.0,25.75,26.5,26.0,26.0,26.0,26.5,26.0,25.75,26.0,26.5,25.75,25.75,26.25,25.5,25.5,25.5,25.75
13.0
26.5,26.25,26.0,26.25,26.5,26.75,26.25,26.5,26.25,26.5,26.25,26.5,26.25,26.0,26.0,26.25,26.5,26.25,26.25,26.0,26.25,26.25,26.25,26.0,25.75,26.25,26.25,25.75,26.5,26.25,26.0,26.5,26.25,26.25,26.0,26.0,26.0,26.0,25.75,26.0,26.5,25.75,26.25,26.5,25.75,26.0,25.5,25.5,26.25,26.0,26.0,26.0,26.25,26.5,25.5,26.0,26.0,25.75,26.0,25.75,26.0,25.25,25.75,25.75
14.0
26.5,26.75,26.5,25.75,26.5,27.0,27.25,27.0,27.0,26.5,26.75,26.5,26.75,26.5,26.0,26.75,26.75,26.5,26.5,26.0,26.5,26.75,26.5,26.5,26.5,26.75,26.5,26.25,26.25,26.25,26.5,26.5,26.5,26.5,26.0,26.25,26.5,26.75,26.25,26.5,26.5,26.25,26.25,26.5,25.75,26.5,26.0,25.75,26.5,26.5,26.25,26.0,26.25,26.0,25.75,25.5,25.75,26.5,26.75,25.75,25.5,25.5,26.0,26.0
15.0
26.5,26.25,26.5,26.0,26.5,26.5,26.75,27.25,26.0,26.25,26.75,27.0,26.75,26.25,26.0,26.0,26.25,26.75,26.5,26.5,26.75,27.0,26.5,26.25,26.5,26.5,26.5,26.5,26.25,25.75,26.5,26.25,26.75,25.75,26.25,26.25,26.0,26.5,25.75,26.75,26.5,26.25,26.25,26.75,26.0,25.75,26.0,25.75,26.25,26.5,26.25,26.25,26.0,26.5,26.0,25.75,26.0,26.5,26.75,26.25,26.0,25.5,25.75,26.25
16.0
26.25,26.5,26.75,26.25,26.5,27.0,26.75,26.75,26.5,26.75,26.5,26.5,26.25,26.0,26.0,26.25,26.75,26.25,27.0,26.25,26.5,26.25,26.5,26.75,26.25,26.5,26.5,26.5,26.25,26.0,26.25,26.5,26.75,26.25,26.0,26.0,26.25,26.75,26.25,26.25,26.75,26.25,26.5,26.5,26.0,26.0,26.0,25.75,26.0,26.75,26.0,26.0,26.25,26.25,26.0,25.25,26.5,25.75,26.0,26.5,26.0,25.5,25.75,25.75
17.0
26.25,26.25,26.25,26.0,26.5,26.75,27.25,26.75,26.25,26.25,26.75,26.75,26.5,26.5,26.5,25.75,26.75,26.25,26.5,26.25,26.25,26.5,26.25,26.5,26.25,26.5,26.25,26.25,26.5,26.25,26.25,26.25,26.75,26.25,26.25,26.0,26.5,26.25,26.0,26.5,26.25,26.5,26.5,26.25,26.25,26.5,26.25,26.5,26.0,26.25,26.25,26.25,26.25,26.25,25.5,26.25,25.75,26.25,26.0,26.0,26.0,25.75,25.25,26.25
18.0
25.75,26.5,26.5,26.0,26.75,27.25,26.75,26.5,26.25,25.5,26.5,26.25,26.5,25.75,26.5,26.0,26.75,26.0,26.25,26.5,26.25,26.25,26.25,25.75,26.25,26.25,26.5,26.25,26.5,26.0,26.25,26.25,26.25,26.25,26.25,26.0,26.25,26.25,26.25,26.25,26.0,26.0,26.0,26.25,25.75,26.25,25.75,25.5,26.0,26.0,25.5,26.0,26.0,25.75,26.0,25.25,25.5,25.75,26.0,26.0,25.75,25.25,25.25,25.5
19.0
26.5,27.25,26.75,26.0,27.0,27.25,26.75,27.0,26.5,26.75,26.75,26.5,27.25,26.75,26.25,26.75,26.5,26.5,26.5,26.25,26.75,26.75,26.5,26.5,26.5,26.25,26.5,26.25,26.5,26.25,26.5,26.25,26.5,26.25,26.25,26.75,26.5,26.5,26.25,26.75,26.5,26.25,26.5,26.5,26.0,26.0,26.0,25.75,26.5,26.75,25.75,26.0,26.0,26.0,26.0,25.75,25.75,26.25,26.5,26.0,26.0,25.5,25.75,26.25
20.0
26.25,27.0,26.5,26.25,26.75,27.75,27.0,27.0,26.25,26.75,26.5,26.75,27.25,26.25,26.5,26.25,26.5,26.25,26.5,26.25,26.25,26.75,26.25,26.25,26.5,26.5,26.75,26.75,26.5,26.25,26.75,26.5,26.75,26.0,26.5,26.0,26.75,26.5,26.0,26.5,26.25,26.25,26.75,26.5,26.25,26.25,26.0,25.5,26.25,26.75,25.75,26.0,26.5,26.25,26.0,26.0,26.5,26.75,25.75,26.25,25.75,25.5,26.0,25.75
21.0
26.25,26.5,26.75,26.5,27.75,28.0,27.25,26.75,26.5,26.75,26.5,26.5,27.0,27.5,26.75,26.25,26.75,26.5,26.5,26.5,26.75,26.75,26.5,25.75,26.5,26.75,26.5,26.5,26.25,26.25,26.25,26.25,26.75,26.25,26.25,26.0,26.25,26.25,26.25,26.5,26.5,26.25,26.5,26.25,26.25,26.5,26.0,26.0,26.25,26.25,25.75,25.75,26.5,26.0,25.75,26.0,26.0,26.25,25.75,26.5,26.25,25.25,25.25,26.0
22.0
25.75,26.25,26.75,26.75,28.0,28.25,27.5,26.75,26.75,26.25,26.75,26.75,27.5,27.25,26.75,26.25,26.75,26.5,26.75,26.5,27.25,27.25,26.75,26.25,26.5,26.75,26.25,26.0,26.5,26.25,26.5,26.5,27.0,26.5,26.25,26.25,26.75,26.5,26.5,26.5,26.25,26.25,26.25,26.5,25.75,26.0,25.5,26.0,26.0,26.75,26.25,26.25,26.25,26.25,26.0,26.0,26.5,26.0,26.0,26.5,25.75,25.0,25.25,25.5
23.0
26.5,26.5,27.0,26.5,27.75,27.75,27.5,26.5,26.5,26.5,26.75,27.25,27.25,27.5,26.5,26.25,27.0,26.75,26.25,26.25,26.75,26.75,26.25,26.5,26.5,26.5,26.75,26.25,26.75,26.25,26.25,26.0,26.75,26.25,26.25,26.0,26.5,26.5,26.75,26.25,26.5,26.25,26.5,27.0,26.0,26.5,26.0,26.0,26.25,26.5,26.0,26.25,26.25,26.0,26.0,26.0,26.25,26.0,26.25,26.25,25.75,26.0,25.75,26.25
24.0
26.0,26.75,26.75,26.0,28.0,28.0,28.0,27.25,26.75,26.75,26.5,26.25,27.5,27.75,26.75,26.5,26.5,26.5,26.75,26.25,27.25,27.0,26.5,26.5,26.25,26.75,26.5,26.5,26.25,26.0,26.5,26.5,26.75,26.5,26.0,26.25,26.5,26.5,26.75,26.5,26.75,26.0,26.5,26.25,26.0,26.25,26.0,26.25,26.25,26.75,25.75,25.75,25.75,25.75,25.5,25.5,26.25,26.0,26.0,26.0,25.75,25.5,25.5,25.75
25.0
26.25,26.5,26.0,26.25,27.75,28.0,28.25,27.25,26.5,26.0,26.5,26.25,27.5,27.5,27.0,26.25,26.5,26.5,26.25,26.25,27.0,26.25,26.5,26.25,26.25,26.25,26.5,26.0,25.75,26.25,26.25,26.25,26.5,26.0,26.25,26.25,26.5,26.0,25.75,26.25,25.75,26.25,26.0,26.5,25.75,26.25,25.75,25.25,25.75,26.0,26.0,26.0,26.0,26.0,25.75,25.75,25.5,26.0,25.25,26.0,26.0,25.0,25.75,25.75
26.0
26.5,26.5,26.5,26.5,27.75,28.25,28.5,27.5,26.5,26.5,26.75,26.5,27.75,28.0,27.0,26.25,26.5,26.25,26.5,26.25,27.0,27.0,27.0,26.5,26.5,26.25,26.25,26.5,26.5,26.75,26.0,26.5,26.75,26.5,26.25,26.0,26.5,26.25,26.75,26.25,26.75,26.5,26.25,26.25,26.5,26.5,26.25,25.75,26.25,26.25,26.0,25.5,26.25,26.25,25.5,26.0,25.75,26.0,26.0,26.25,26.0,26.0,25.5,26.0
27.0
26.5,26.5,26.75,26.5,27.25,27.75,28.5,27.75,26.5,26.5,26.75,26.5,27.75,28.0,27.75,26.25,26.5,26.25,26.5,26.5,27.25,27.75,26.75,26.75,26.5,26.5,26.5,26.25,26.25,26.0,26.25,26.25,26.5,26.5,26.5,26.0,26.25,26.75,26.5,26.25,26.25,26.25,26.25,26.25,26.0,26.25,25.75,26.25,25.75,26.5,26.25,26.0,25.75,25.75,26.25,25.75,26.0,26.0,25.75,26.0,26.25,26.0,25.75,25.25
28.0
27.0,26.75,26.5,26.0,27.75,28.0,29.5,27.5,26.5,26.5,26.75,26.75,28.0,28.25,28.0,26.5,27.0,26.5,26.25,26.25,27.0,27.25,26.75,26.25,26.0,26.5,26.25,26.25,26.75,26.25,26.5,26.75,26.5,26.25,26.25,26.25,26.5,26.5,26.5,26.25,26.5,26.0,26.5,26.25,26.25,26.0,26.0,26.5,26.25,26.5,25.75,26.0,26.5,26.5,25.75,25.75,27.0,26.0,25.75,26.0,25.5,25.75,25.5,25.75
29.0
26.5,26.5,26.75,26.0,27.75,28.5,29.75,27.75,26.0,26.5,27.0,26.75,28.0,28.0,27.75,26.75,26.75,26.5,26.75,26.25,27.25,27.25,26.75,26.5,26.25,26.5,26.5,26.5,26.5,26.75,26.75,26.0,26.75,26.0,26.0,26.0,26.25,26.25,26.25,26.25,26.75,26.5,26.5,26.0,26.0,26.25,25.75,25.75,26.0,26.25,25.75,25.75,26.0,26.25,25.75,26.0,26.5,26.0,26.5,26.5,25.5,25.75,25.5,25.5
30.0
26.25,26.25,26.25,26.0,27.5,29.25,29.75,27.75,26.0,26.5,26.75,26.75,28.0,27.75,27.75,26.5,26.75,26.25,26.5,26.25,27.5,27.5,26.5,26.5,26.5,26.25,26.25,26.5,26.5,26.0,26.0,26.25,26.25,26.25,26.0,25.75,26.0,26.25,26.0,26.25,26.5,26.5,26.0,26.25,25.75,26.0,25.75,26.0,26.25,26.25,25.75,25.5,26.0,26.0,25.25,25.5,25.75,26.0,25.25,25.75,25.25,25.25,25.25,25.5
31.0
26.25,26.25,26.5,26.0,27.75,28.5,28.25,27.5,26.25,26.25,26.75,27.0,28.75,28.5,28.75,27.0,26.25,26.25,26.5,26.75,27.75,28.0,27.25,26.5,26.0,26.5,26.75,26.5,27.0,26.5,26.5,26.5,26.5,26.5,26.5,26.0,26.75,26.75,26.25,26.25,26.5,26.25,26.25,26.5,26.0,26.25,26.0,25.5,26.0,26.25,25.75,26.0,25.75,25.75,25.5,25.5,26.0,26.0,25.75,26.25,26.0,26.25,25.5,26.0
32.0
25.75,26.5,26.75,26.0,27.75,28.0,28.0,27.5,26.0,26.0,26.25,26.5,28.5,28.75,28.0,27.0,26.75,26.5,26.5,26.75,28.0,28.0,26.75,26.25,26.0,26.25,26.25,26.25,27.0,26.75,26.5,26.75,26.25,26.25,26.0,25.75,26.5,26.5,26.25,26.25,26.25,26.5,26.25,26.5,26.25,26.0,26.0,25.5,26.0,26.0,25.75,25.75,26.25,25.75,25.25,25.75,25.75,26.0,26.0,25.5,25.25,25.5,25.5,25.5
33.0
26.5,27.0,26.75,26.5,27.25,27.5,28.0,27.25,26.75,26.0,26.5,26.5,28.75,28.5,28.25,27.25,27.0,26.5,26.5,26.5,28.25,28.25,27.75,26.75,26.5,26.5,26.0,26.75,27.25,27.0,26.5,26.75,26.75,26.25,26.25,26.25,26.5,26.5,26.5,26.75,26.75,26.0,26.5,26.5,26.0,26.5,26.0,25.25,26.0,26.5,26.0,26.25,25.75,26.0,25.75,25.5,25.75,25.75,26.25,26.0,26.0,25.75,26.0,25.5
34.0
26.0,26.75,26.5,26.5,26.5,27.0,27.75,27.0,26.25,26.75,26.75,26.5,28.25,28.25,28.25,27.5,26.75,26.25,26.75,26.5,28.0,28.0,27.25,26.75,26.0,26.25,26.25,26.25,27.5,26.75,27.0,26.75,26.75,26.75,26.5,26.25,26.75,26.0,26.25,26.5,26.75,26.25,26.25,26.75,26.75,26.5,26.0,26.0,26.5,26.25,26.0,26.0,26.5,26.25,25.5,26.25,26.0,25.75,26.25,26.5,26.0,26.0,25.75,26.25
35.0
26.25,26.5,26.25,26.0,27.25,26.75,27.75,27.25,26.5,26.75,26.75,26.5,28.25,28.0,28.25,27.5,26.75,26.75,26.5,26.5,28.25,28.0,27.5,27.0,26.25,26.5,26.5,26.25,27.25,27.0,27.25,27.0,26.5,26.25,26.25,26.0,26.75,26.25,26.5,26.5,26.75,26.0,26.75,26.5,26.0,26.25,26.0,26.5,26.25,26.25,26.25,26.75,26.0,26.0,25.75,26.0,26.0,25.75,26.0,26.0,25.75,25.75,25.5,25.75
36.0
26.5,26.75,26.75,26.0,26.25,27.0,27.5,27.5,26.75,26.25,26.5,27.0,27.75,28.5,27.75,27.0,26.5,26.25,27.0,26.75,28.25,28.0,28.5,27.25,26.5,26.75,26.25,26.0,27.25,27.0,27.75,26.75,26.25,26.5,26.5,26.25,26.5,26.75,26.5,26.0,26.5,26.25,26.5,26.5,26.5,26.0,26.0,26.25,26.0,26.25,26.0,26.0,26.25,25.75,25.75,25.5,26.0,26.0,26.25,26.25,26.0,25.75,25.5,26.25
37.0
26.25,26.0,26.5,26.5,26.5,26.5,26.75,26.75,26.0,26.25,26.5,26.75,27.25,27.25,27.0,26.25,26.5,26.5,26.75,26.75,27.75,28.0,28.25,26.5,26.0,26.0,26.5,26.25,26.75,26.75,28.0,27.0,26.75,26.25,25.75,26.25,26.5,26.25,26.5,26.75,26.5,26.25,26.0,26.5,25.5,26.0,25.75,25.75,26.25,26.5,26.0,26.25,26.25,26.0,25.75,25.5,25.75,26.0,26.5,25.75,25.75,25.5,25.5,25.0
38.0
26.5,26.75,26.5,26.25,26.5,26.5,26.75,26.75,27.0,26.75,26.5,27.0,27.75,27.5,26.75,26.5,26.75,26.5,26.5,26.5,27.75,28.5,28.25,26.25,26.0,26.75,26.25,26.25,27.25,27.5,28.0,26.5,27.25,26.5,26.25,26.5,26.75,26.75,27.0,26.75,26.5,26.25,26.25,26.75,26.25,26.25,25.75,26.25,26.5,26.5,26.0,26.0,26.0,26.0,26.0,25.75,26.0,26.5,25.5,26.25,26.0,26.0,25.75,25.25
39.0
26.75,26.5,26.25,26.5,26.75,26.25,27.25,27.0,26.25,26.5,26.5,26.25,28.0,27.0,26.5,26.5,26.25,26.75,26.5,26.5,27.5,28.75,27.25,26.75,26.5,26.25,26.25,26.5,27.0,27.5,28.25,26.25,26.5,26.25,26.25,26.25,26.5,26.75,26.75,26.75,26.75,26.25,26.25,26.75,26.25,26.5,26.0,26.0,26.25,26.75,25.75,26.25,26.25,26.25,25.5,26.0,26.5,26.25,26.0,26.0,25.75,25.75,26.0,25.5
40.0
26.5,26.25,26.5,26.0,26.75,26.25,27.25,26.5,26.75,26.5,26.25,26.75,27.5,27.25,26.5,26.25,26.75,26.25,26.5,26.5,28.0,28.25,27.0,26.5,26.25,26.5,26.5,27.0,27.25,28.0,27.5,26.75,26.5,26.5,25.75,26.0,26.75,26.75,26.75,26.5,26.25,26.5,26.5,26.5,26.0,26.5,26.25,26.0,26.5,26.75,26.0,26.0,26.25,26.25,26.0,25.75,26.25,25.75,26.25,26.25,25.5,25.75,25.5,26.0
41.0
26.75,26.5,26.25,26.5,27.0,26.5,27.0,26.5,26.25,26.5,26.75,27.25,28.0,26.5,26.25,26.0,27.25,26.5,27.25,28.25,28.0,27.25,26.5,26.25,26.5,26.5,26.75,27.25,28.5,27.5,26.75,26.75,26.5,26.25,26.5,26.75,28.25,27.0,26.5,26.5,26.25,26.5,26.75,26.25,26.5,26.25,25.75,26.25,25.75,27.0,26.0,26.0,26.5,25.75,25.75,26.0,26.25,26.0,26.25,26.25,26.0,25.75,26.0,25.5
42.0
26.0,26.75,26.5,26.25,26.75,26.5,27.0,26.75,26.75,26.5,26.25,27.75,27.5,26.25,26.25,26.25,26.75,26.25,27.25,28.5,28.0,27.5,26.0,26.5,26.25,26.75,26.5,27.5,28.75,27.0,26.5,26.5,26.25,26.5,26.5,27.75,28.25,26.75,26.5,26.5,26.5,26.25,26.75,27.0,26.5,26.5,26.25,26.0,26.25,26.5,26.25,26.0,26.5,26.5,25.75,26.0,26.25,26.0,26.5,26.25,25.75,26.25,26.0,25.75
43.0
26.0,26.75,26.5,26.25,26.75,26.5,27.0,26.75,26.75,26.5,26.25,27.75,27.5,26.25,26.25,26.25,26.75,26.25,27.25,28.5,28.0,27.5,26.0,26.5,26.25,26.75,26.5,27.5,28.75,27.0,26.5,26.5,26.25,26.5,26.5,27.75,28.25,26.75,26.5,26.5,26.5,26.25,26.75,27.0,26.5,26.5,26.25,26.0,26.25,26.5,26.25,26.0,26.5,26.5,25.75,26.0,26.25,26.0,26.5,26.25,25.75,26.25,26.0,25.75
44.0
25.75,26.0,26.5,26.0,26.5,26.0,26.75,26.75,26.25,26.75,26.75,27.75,27.75,26.75,26.0,26.0,26.75,26.5,27.25,28.0,27.75,27.5,26.25,26.25,26.25,26.5,26.75,27.75,28.5,26.75,26.75,26.5,26.25,26.5,26.5,28.25,27.25,26.5,26.25,25.75,26.5,26.5,26.75,26.75,26.25,26.5,25.75,25.75,26.25,26.5,25.75,26.0,26.0,26.0,25.5,25.75,26.0,25.75,26.0,25.75,26.0,25.5,25.25,25.75
45.0
26.0,27.0,26.75,26.25,27.25,26.25,27.25,26.75,26.75,26.75,27.25,28.25,27.75,26.25,26.5,26.25,26.5,26.75,27.75,28.0,28.25,27.5,26.5,26.25,26.75,26.75,27.0,28.5,28.5,26.75,26.5,27.25,27.25,26.25,27.5,28.5,27.0,26.5,26.75,26.25,26.75,26.25,26.75,26.75,26.0,26.25,26.25,26.0,26.5,26.75,25.75,26.25,26.0,26.25,25.75,26.25,25.75,26.0,26.25,26.25,26.0,25.5,26.0,25.5
46.0
26.5,26.5,26.75,26.25,26.5,26.25,26.75,26.75,26.5,26.5,27.5,28.0,27.5,26.75,26.25,26.5,27.25,26.75,28.25,28.25,28.25,27.0,26.5,26.0,26.5,27.0,27.5,28.5,28.5,26.75,26.25,26.5,27.0,26.5,28.5,28.5,27.0,26.75,26.5,26.75,27.25,26.25,26.75,26.5,26.0,26.25,26.25,25.75,26.25,26.25,25.75,26.0,26.25,26.5,26.25,26.25,27.0,25.5,26.0,26.25,26.0,25.75,25.5,26.0
47.0
26.5,27.0,26.5,26.5,26.75,26.25,26.75,26.75,26.75,26.75,27.25,27.75,27.0,26.0,26.5,26.25,26.75,26.75,28.5,28.25,28.0,27.0,26.25,26.25,26.75,26.75,27.5,28.5,28.75,26.5,26.0,26.75,26.5,26.75,28.25,27.75,27.5,26.75,26.0,26.75,26.75,26.75,26.75,26.5,26.25,26.5,25.75,25.75,26.5,27.25,26.25,26.25,26.0,26.25,26.25,26.0,26.25,26.0,26.5,26.25,26.0,25.75,25.75,25.5
48.0
26.0,26.5,26.5,26.25,26.5,26.5,26.5,26.75,26.5,26.5,27.5,27.75,27.0,26.75,25.75,26.25,27.0,27.25,28.5,28.25,27.25,27.0,26.75,26.0,26.5,26.75,28.0,28.5,29.0,26.75,26.25,26.5,26.75,27.0,28.75,28.0,27.25,27.0,26.5,26.75,26.25,26.5,26.5,27.0,26.25,26.5,26.0,25.75,27.0,26.5,26.0,26.0,25.75,25.75,25.75,25.75,26.25,26.5,26.0,26.0,26.0,25.5,25.5,26.5
49.0
26.5,26.25,26.5,26.0,26.5,26.0,26.75,27.0,26.25,26.5,27.5,27.5,26.75,26.25,25.75,26.0,26.75,27.0,28.5,28.25,27.25,27.25,26.25,26.0,26.5,26.5,28.0,28.0,28.75,26.75,26.25,26.25,26.5,26.5,28.5,27.75,27.25,26.5,26.25,26.25,26.25,26.0,26.5,27.0,26.25,26.5,26.0,25.75,26.0,26.75,25.75,25.75,26.0,26.0,25.75,25.5,26.0,26.25,25.75,26.5,26.0,25.25,25.5,25.75
50.0
26.25,26.5,26.25,26.25,26.75,26.0,26.75,26.25,26.75,27.0,27.75,27.5,26.75,26.75,26.5,26.25,26.75,27.25,29.0,28.0,27.5,26.5,26.5,26.5,26.5,27.0,28.25,28.25,28.75,26.5,26.25,26.5,27.0,27.0,28.25,28.25,27.25,26.5,26.5,26.25,26.5,26.25,27.0,26.75,26.5,26.25,26.5,26.0,26.5,26.5,26.25,26.0,26.75,26.0,25.5,25.75,26.0,26.0,26.0,26.25,26.25,25.75,25.75,25.75
51.0
26.25,26.5,26.5,26.25,26.25,26.5,26.5,26.5,26.5,27.0,27.25,27.75,27.0,26.5,26.25,26.0,27.0,27.0,28.5,28.25,27.25,26.5,26.25,25.75,26.75,27.5,27.75,28.5,28.25,26.25,26.75,26.5,27.0,27.25,28.0,28.5,27.5,26.75,26.75,26.5,26.75,26.5,26.75,26.75,26.25,26.0,26.0,25.75,26.75,26.5,26.25,26.25,26.25,26.0,25.5,26.0,26.0,26.0,26.0,26.25,26.0,25.75,25.75,26.0
52.0
26.25,27.25,26.75,26.75,26.25,26.5,26.75,26.5,26.75,27.0,27.5,27.25,26.5,26.5,26.5,25.75,26.75,27.75,29.0,28.0,27.0,27.0,26.75,26.25,26.75,27.75,28.0,28.5,27.75,26.25,26.5,27.0,27.0,27.25,28.25,28.25,27.5,26.5,26.5,26.5,26.75,26.5,26.75,26.75,26.5,26.5,26.0,25.5,26.25,26.75,26.0,26.5,26.25,26.25,26.0,25.75,26.5,26.25,26.75,26.25,26.25,25.5,25.5,26.25
53.0
26.5,27.0,27.0,26.5,26.5,26.0,26.75,26.25,27.0,27.0,27.5,26.75,27.0,26.5,26.5,26.75,27.5,28.0,28.5,27.0,26.75,26.75,26.5,26.25,26.75,28.0,28.25,28.25,27.25,26.5,26.0,26.0,27.25,27.25,28.25,28.25,27.0,27.0,26.25,26.25,26.75,26.5,26.5,26.75,26.0,26.75,26.5,26.0,26.75,26.5,26.25,26.0,26.75,26.5,25.75,26.25,26.5,26.25,26.5,26.0,26.25,25.75,25.5,26.25
54.0
26.25,27.25,27.0,26.5,26.5,26.0,26.75,27.0,27.25,27.5,27.0,26.5,26.5,26.25,26.25,26.25,27.5,28.75,28.0,26.75,26.5,26.75,26.5,26.0,27.25,28.25,28.5,28.0,26.75,26.0,26.25,26.5,27.0,27.75,28.5,27.75,26.5,26.25,26.25,26.75,26.5,26.5,27.0,26.5,26.0,26.0,25.75,25.5,26.5,26.5,25.75,26.25,26.5,26.0,25.75,25.5,26.5,25.5,26.25,26.0,25.75,25.75,26.0,25.75
55.0
26.25,26.25,26.25,25.75,26.25,25.75,26.5,26.5,27.0,27.25,26.75,26.25,26.5,26.25,26.0,26.25,28.5,28.25,27.0,26.5,26.5,26.25,26.5,26.25,27.25,28.25,28.5,27.0,26.5,26.25,26.0,26.0,27.25,27.5,28.25,27.25,26.5,26.0,26.25,26.0,26.5,26.5,26.5,26.75,25.75,26.25,25.75,25.75,25.75,26.5,26.0,25.75,26.0,26.25,25.75,26.0,26.0,26.25,26.25,25.75,25.75,25.5,25.5,25.5
56.0
26.25,26.5,26.5,25.75,26.5,26.0,27.0,26.5,27.0,27.25,27.25,27.0,27.0,26.0,26.5,26.25,28.75,28.0,27.25,26.25,26.5,26.5,26.25,26.5,27.75,29.0,28.5,26.75,26.5,26.25,26.75,26.5,27.5,28.0,28.0,27.0,27.0,26.25,26.0,26.25,26.5,26.5,26.75,26.5,26.25,26.5,26.0,26.0,26.25,26.75,26.25,26.25,26.5,26.0,26.0,26.0,25.75,26.25,26.5,26.0,26.0,26.0,26.0,25.75
57.0
26.5,27.25,26.5,26.25,26.25,26.25,26.75,27.25,27.0,26.75,27.0,26.5,26.75,26.0,26.0,26.25,29.25,27.75,26.75,26.75,26.5,26.75,26.25,26.5,27.75,29.0,27.75,26.75,26.75,26.25,26.5,26.75,27.75,28.5,28.25,27.0,26.25,26.25,26.0,26.25,26.75,26.75,26.75,26.5,26.25,26.0,25.75,25.5,26.5,26.5,26.5,26.0,26.25,26.0,25.75,26.0,26.25,26.25,26.0,25.75,25.75,25.5,25.5,26.0
58.0
26.25,26.75,26.5,26.25,26.25,26.5,26.75,27.0,27.5,27.0,26.75,26.5,26.5,26.5,26.5,26.25,28.75,27.75,27.0,26.5,26.5,26.75,26.5,26.0,27.75,28.75,27.5,26.5,26.5,26.5,26.5,26.75,28.0,28.75,28.25,27.0,26.75,26.25,26.5,26.5,27.0,26.5,26.75,27.0,26.25,26.0,26.25,26.0,26.25,26.75,26.0,26.25,26.25,26.5,25.75,26.0,25.75,26.0,26.25,26.0,25.75,25.75,25.75,26.0
59.0
26.5,26.5,26.5,26.5,26.5,26.25,27.0,26.5,28.0,27.0,26.75,26.5,26.75,26.0,26.5,26.0,28.25,28.0,26.75,26.5,26.5,26.75,26.25,26.5,28.0,28.75,27.75,26.25,26.25,26.25,26.25,26.25,28.0,28.0,28.25,26.75,26.25,26.5,26.25,26.5,26.75,26.75,26.75,26.5,26.0,26.25,26.0,26.0,26.25,26.5,26.5,26.0,26.0,25.75,25.75,25.75,26.0,26.0,26.0,26.5,25.75,25.75,25.75,25.75
60.0
26.25,26.5,26.75,26.0,26.5,26.5,26.5,26.75,27.5,26.75,26.25,26.5,26.25,26.5,26.25,26.0,29.0,27.5,26.5,26.0,26.5,26.0,26.0,26.0,27.75,29.0,27.25,26.25,26.5,26.25,26.25,26.25,27.5,28.5,27.75,26.25,26.25,26.25,25.75,26.5,26.0,26.25,26.25,26.5,25.75,26.0,25.5,25.5,26.0,26.25,25.75,25.75,26.25,26.0,25.5,25.75,26.5,26.75,26.0,26.75,25.75,25.25,25.25,26.0
61.0
26.5,26.75,26.25,26.0,26.25,26.25,26.75,26.75,27.5,27.75,26.75,26.0,26.5,26.5,26.5,26.5,28.25,28.25,27.25,26.25,26.25,26.5,26.25,26.0,28.25,29.0,28.25,26.5,26.25,26.0,26.25,26.5,27.25,28.5,28.25,26.75,26.5,26.25,26.5,26.25,26.75,26.75,26.75,26.75,26.5,26.25,26.0,25.75,26.5,26.5,26.25,26.0,26.0,25.75,25.75,25.75,26.75,26.0,25.5,26.25,26.0,25.75,25.75,25.75
62.0
26.5,26.75,26.5,26.25,26.5,26.5,26.75,26.25,27.0,27.25,26.5,26.25,26.25,26.0,26.0,25.75,27.5,28.0,27.0,26.25,26.5,26.75,26.25,26.0,27.75,29.25,28.25,26.5,26.0,26.0,26.0,26.0,27.5,28.25,28.0,26.75,26.25,26.25,26.25,26.25,26.5,26.5,26.75,26.75,25.75,25.75,25.5,25.75,26.25,26.25,25.75,25.5,25.75,25.75,25.5,25.0,26.0,25.0,26.0,26.0,25.5,25.75,25.5,25.5
63.0
27.0,27.0,26.25,26.5,26.5,26.25,26.75,26.5,27.25,27.5,26.75,26.75,27.0,26.0,26.25,26.75,27.5,28.75,27.5,26.25,26.5,26.5,26.25,26.25,28.25,29.5,28.5,27.0,26.25,26.25,26.25,26.25,27.25,28.25,28.25,26.5,26.75,26.5,26.5,26.5,26.75,27.0,27.0,26.75,25.75,26.0,25.5,25.75,27.0,26.25,26.5,26.25,26.5,26.0,25.75,26.25,26.0,25.75,26.0,25.75,26.25,25.75,26.25,26.25
64.0
26.5,27.0,26.5,26.25,26.25,26.0,27.0,26.5,26.75,28.0,26.5,26.75,26.75,25.75,26.0,26.5,27.25,28.5,26.75,26.25,26.75,26.5,26.25,26.0,28.25,29.5,28.25,26.25,26.5,26.0,26.5,26.75,27.5,28.25,28.0,26.75,26.25,26.5,26.0,25.75,26.75,26.75,27.25,26.25,26.0,26.25,26.0,25.75,26.25,27.0,25.75,26.0,26.0,26.0,25.75,25.75,26.25,25.75,26.25,26.5,25.75,25.5,25.75,25.75
65.0
26.0,26.5,26.0,26.5,26.25,26.25,26.25,26.5,27.0,27.75,27.0,26.75,26.75,26.0,26.25,26.0,27.75,28.25,27.5,26.5,26.75,26.5,26.5,26.0,28.25,29.75,28.0,26.5,26.25,25.75,26.25,26.5,27.75,28.5,28.5,26.75,26.25,26.25,26.5,26.25,26.75,26.75,26.75,26.25,25.75,26.25,25.5,25.5,26.0,26.25,26.0,26.25,26.25,26.0,25.75,26.0,25.75,26.25,26.25,26.25,25.75,25.5,26.0,25.75
66.0
26.75,26.75,27.0,26.25,26.25,26.25,26.75,26.5,27.5,28.25,27.0,26.5,26.5,26.0,26.0,26.0,27.5,28.75,27.25,26.0,26.25,26.5,26.5,26.25,28.25,29.0,28.25,26.75,26.5,26.0,26.25,26.5,27.75,28.75,28.25,26.5,26.5,26.5,26.25,26.25,27.0,27.25,27.25,26.5,26.0,26.0,26.0,26.0,26.5,27.0,26.0,26.0,26.5,25.75,25.75,26.25,26.25,26.25,26.5,26.25,26.25,25.0,26.0,26.25
67.0
26.5,26.25,26.5,26.0,26.25,25.75,26.5,26.5,27.0,27.5,26.5,26.25,26.0,26.0,26.25,25.75,27.25,28.0,26.75,26.25,26.5,26.25,25.75,26.0,28.25,29.25,28.0,26.25,25.75,26.0,25.75,26.25,27.5,28.5,28.0,26.75,26.25,26.25,25.75,26.0,26.5,26.75,26.75,26.25,25.75,26.0,25.75,25.5,26.0,26.0,26.0,26.0,26.0,26.5,25.5,25.75,26.25,25.25,26.5,26.0,25.5,25.0,25.5,25.5
68.0
26.25,26.75,26.75,26.25,26.0,25.75,26.5,26.5,27.25,27.5,27.0,26.75,27.0,26.75,26.75,26.0,27.75,28.5,27.0,26.25,26.5,26.5,26.25,26.25,28.25,29.25,28.25,26.25,26.5,26.25,26.5,26.75,27.75,28.25,27.75,26.75,26.5,26.75,26.25,26.0,26.75,27.25,27.25,26.5,26.0,26.5,26.0,25.75,26.5,27.0,26.0,26.0,26.5,26.25,26.25,26.0,26.25,26.5,26.0,26.5,26.25,25.5,25.5,25.5
69.0
27.0,27.0,26.0,26.5,26.5,26.25,27.25,26.75,27.0,27.75,26.75,26.5,26.5,26.0,26.0,26.25,28.0,28.75,27.0,26.75,26.25,26.5,26.75,26.25,28.0,29.0,28.0,26.5,26.25,26.0,26.25,26.5,27.25,28.5,28.25,26.5,26.5,26.5,26.75,26.5,26.5,27.0,27.0,26.5,26.0,26.25,25.5,25.75,26.5,26.5,26.25,26.0,25.75,26.0,25.75,25.75,26.0,26.25,26.25,26.25,26.25,25.5,25.5,25.75
70.0
26.5,26.5,26.5,25.75,26.25,26.25,27.25,26.75,27.5,27.75,26.75,26.5,26.75,26.0,26.5,26.5,27.5,28.25,27.25,26.75,26.75,26.75,26.5,26.5,27.75,29.25,28.25,26.25,26.0,26.75,26.25,26.5,27.25,28.25,27.75,26.5,26.25,26.5,26.25,26.25,27.0,27.25,27.25,26.75,26.0,26.5,26.0,25.75,26.5,26.5,26.0,26.25,26.25,26.0,25.75,25.75,26.25,26.0,26.0,26.0,25.75,25.5,25.75,25.75
71.0
26.25,26.25,26.5,26.0,26.75,26.0,26.75,27.0,26.75,27.5,26.5,26.75,26.25,26.25,26.5,25.75,27.75,28.25,27.0,26.5,26.25,26.5,26.5,26.0,28.25,29.0,28.0,26.5,26.5,26.5,26.0,26.5,27.25,28.25,28.0,26.5,26.25,26.5,26.5,26.5,27.0,27.25,27.25,26.75,26.0,26.25,26.0,25.75,26.5,26.75,26.25,25.75,26.0,25.5,25.75,25.5,26.25,26.0,25.75,26.25,26.0,26.0,25.25,25.5
72.0
26.25,26.5,26.5,26.5,26.0,26.0,26.75,26.25,26.75,27.0,26.75,26.25,26.25,26.0,26.25,26.25,27.75,27.75,27.0,26.5,26.5,26.25,26.75,26.25,27.75,29.25,28.0,26.5,26.25,26.0,26.5,26.25,27.25,28.25,27.75,26.25,26.25,26.25,26.0,26.75,27.0,27.0,27.25,26.5,25.75,26.25,25.75,26.0,26.5,26.25,25.75,26.0,26.0,26.25,25.75,25.5,26.25,26.0,25.75,26.75,26.0,25.25,25.25,25.75
73.0
26.75,26.25,26.25,26.0,26.5,25.5,26.75,26.25,26.75,26.75,26.5,26.5,26.25,26.0,26.5,26.25,27.5,28.25,27.25,26.25,26.25,26.5,26.5,26.5,27.75,29.25,27.5,26.5,26.0,26.25,26.25,26.25,27.0,28.25,28.5,26.25,26.5,26.25,26.25,26.25,26.75,27.5,27.5,26.5,26.25,26.0,26.0,26.0,26.25,26.75,26.0,26.0,26.0,25.5,25.75,26.0,25.75,26.0,26.0,26.25,26.25,25.5,25.75,25.5
74.0
26.0,26.75,26.25,25.75,26.0,26.25,27.0,26.75,26.5,26.5,26.5,26.25,26.5,26.0,26.0,25.75,27.25,28.0,27.25,26.25,26.75,26.75,26.0,25.75,27.75,29.0,27.25,26.25,26.0,25.75,26.5,26.5,27.25,28.25,27.75,26.75,26.75,25.75,25.75,26.0,27.0,27.5,27.0,26.0,26.25,26.0,25.75,25.5,25.75,26.25,26.0,25.75,25.75,26.0,25.5,25.25,25.75,26.0,25.75,25.75,25.5,25.25,25.5,25.5
75.0
26.25,26.5,26.5,26.25,26.75,26.5,26.75,26.75,26.5,26.5,26.75,26.75,26.75,26.0,26.5,26.25,27.5,28.0,26.75,26.25,26.5,26.5,26.25,26.25,27.5,29.25,27.25,26.5,26.25,26.25,26.5,26.0,27.25,28.75,28.5,26.25,26.5,26.25,26.25,26.25,26.5,27.5,27.5,26.25,25.75,26.5,25.5,25.75,26.5,26.25,26.5,26.25,26.25,26.25,25.5,25.75,26.25,25.75,26.25,26.25,25.5,25.5,25.75,25.75
76.0
26.5,26.5,26.5,26.25,26.25,26.0,26.75,26.75,26.25,26.5,26.5,26.0,26.5,26.0,26.25,26.25,27.5,27.75,27.25,26.0,26.5,26.25,26.25,26.0,27.5,28.5,27.5,26.5,26.25,26.5,26.25,26.25,27.5,28.5,28.5,26.5,26.25,26.0,26.0,26.25,27.0,27.5,27.5,26.5,26.0,26.25,26.0,25.75,26.75,26.75,26.5,26.0,26.0,26.0,25.5,25.75,26.0,26.25,26.0,25.75,25.75,25.75,25.75,25.5
77.0
26.25,26.75,26.5,26.5,26.5,26.0,26.5,26.75,26.25,26.5,27.0,26.0,26.5,26.25,26.0,26.25,27.5,27.0,26.75,26.5,26.25,26.75,26.75,26.0,27.25,28.75,27.5,26.5,26.25,26.25,26.5,26.75,28.25,29.0,28.5,26.5,26.5,26.75,26.5,26.5,26.75,27.75,27.75,26.5,26.25,26.25,26.0,25.5,26.25,26.75,26.5,25.75,26.0,26.0,26.0,25.75,26.25,26.25,26.25,26.25,26.25,25.5,25.5,25.25
78.0
26.5,26.75,26.5,26.25,26.5,26.25,26.5,26.25,26.25,26.25,26.5,26.75,26.5,26.25,26.0,26.25,26.75,26.75,26.5,26.5,26.5,26.5,26.5,26.25,27.5,28.0,27.25,26.25,26.0,26.0,26.25,26.25,27.75,29.0,28.25,26.25,26.25,26.5,26.0,26.0,27.0,28.0,27.25,26.75,25.75,26.0,26.0,25.5,26.25,26.75,26.25,26.0,26.0,25.75,25.5,25.75,25.75,26.25,26.0,26.0,26.25,25.5,25.25,25.5
79.0
26.25,26.5,26.75,25.5,26.25,26.25,26.25,26.25,26.5,26.5,26.25,26.25,26.5,26.0,25.75,26.0,26.75,26.75,26.5,26.25,26.25,26.0,26.0,26.0,27.5,28.25,27.25,26.25,26.25,25.75,26.25,26.0,27.5,28.5,28.0,26.25,25.75,26.0,26.25,26.25,26.75,27.5,27.75,26.25,25.75,25.75,26.0,25.75,26.25,26.0,26.0,26.25,26.5,26.0,25.5,25.5,26.0,25.75,26.0,26.0,26.0,25.5,24.75,25.5
80.0
26.0,27.25,26.25,26.0,26.25,26.0,26.75,26.25,26.75,26.25,26.5,26.5,26.25,26.5,26.25,26.25,27.0,27.0,26.5,26.0,26.0,26.5,25.75,26.25,27.5,27.5,27.0,26.0,26.75,25.75,26.25,26.0,27.5,28.75,28.25,26.5,26.25,26.5,26.5,26.0,27.0,28.0,27.75,26.5,26.25,26.0,26.25,26.0,26.5,26.75,26.0,26.25,26.25,26.0,25.5,25.5,26.5,26.0,25.75,26.0,26.0,25.75,25.75,25.75
81.0
25.75,26.25,26.25,26.0,26.0,25.75,26.75,26.25,26.0,26.25,26.25,26.5,26.0,26.0,26.0,26.25,26.75,26.25,26.25,25.75,26.25,26.0,26.0,26.0,27.0,27.0,26.75,26.0,26.25,25.5,25.75,25.75,27.75,28.0,27.75,26.25,26.0,26.25,26.0,26.0,27.25,28.0,27.75,26.0,25.5,25.75,25.5,25.5,26.25,26.0,26.0,26.0,26.0,25.75,25.75,25.25,26.25,26.0,25.75,25.75,25.25,25.75,25.0,25.5
82.0
26.25,26.5,26.0,25.75,26.5,26.25,26.25,26.5,26.25,26.75,26.25,26.25,27.0,26.5,26.0,26.25,26.75,26.75,26.5,26.0,26.0,26.25,26.75,25.75,27.0,27.5,26.75,26.25,25.75,26.25,26.5,26.25,28.0,28.5,28.0,26.25,26.25,26.5,26.25,26.0,26.75,28.5,27.75,26.5,26.0,26.0,25.75,25.5,26.25,26.75,26.0,25.75,26.0,25.75,25.75,25.75,26.25,26.0,26.25,26.5,26.25,25.0,25.5,25.25
83.0
26.5,26.25,26.0,26.0,25.75,26.0,26.75,26.25,26.75,26.0,26.5,25.75,26.5,26.0,26.25,26.25,26.75,26.0,26.25,26.0,26.0,26.0,26.0,25.5,26.75,26.75,27.0,26.25,26.25,26.25,26.0,25.75,27.25,28.0,28.0,26.5,26.0,26.25,26.75,26.0,27.5,28.25,28.0,26.0,25.75,26.0,26.0,25.5,26.5,26.5,26.0,26.25,25.75,26.25,25.5,25.75,25.75,26.25,26.25,26.75,25.75,25.5,25.5,26.0
84.0
26.5,27.0,26.25,26.0,26.0,26.0,26.5,26.25,26.75,26.5,26.25,26.25,26.5,25.75,26.0,26.0,26.75,26.25,26.25,26.25,26.5,26.25,25.75,26.0,26.75,27.0,27.0,25.75,26.5,25.75,26.25,26.0,27.75,28.0,27.75,26.0,26.5,26.25,26.25,26.0,27.25,28.25,27.75,26.5,26.0,25.75,25.75,25.25,26.5,26.25,25.75,26.0,26.0,25.5,25.25,25.75,25.5,26.0,26.25,26.0,26.0,26.25,25.0,25.25
85.0
26.25,26.25,26.5,26.0,26.5,25.75,26.5,26.5,26.0,26.25,26.75,26.25,26.75,25.5,26.0,26.0,26.5,26.75,26.5,26.25,26.25,26.5,26.25,26.0,26.75,27.0,26.75,26.0,26.0,26.0,26.0,26.25,28.0,28.0,28.0,26.0,26.0,26.0,26.25,26.25,27.5,28.0,28.0,26.5,25.75,25.75,25.75,25.75,26.25,27.0,26.0,25.75,25.75,25.75,25.75,25.5,26.25,26.25,26.5,26.0,25.75,26.0,25.25,25.25
86.0
26.0,25.75,26.0,25.75,26.25,26.0,26.5,25.75,26.0,26.0,26.25,26.0,26.0,25.5,25.75,25.5,26.75,26.0,26.5,26.0,26.0,26.25,26.0,25.5,26.25,27.0,26.5,26.0,25.5,25.5,25.75,25.75,27.25,27.75,27.75,26.25,25.75,25.75,26.25,25.75,26.5,27.75,27.75,26.5,25.75,26.0,25.25,24.75,26.0,26.25,25.25,25.75,25.75,25.5,25.5,25.0,26.0,25.5,25.75,26.0,25.5,25.25,25.25,25.5
87.0
26.0,26.25,26.5,26.25,26.5,26.0,27.0,26.25,26.5,26.25,26.0,26.5,25.75,26.0,26.0,25.25,27.0,26.5,26.5,26.0,26.0,26.0,26.0,26.0,26.75,26.75,27.25,26.0,26.25,25.5,25.75,25.75,27.5,28.25,28.0,26.25,26.5,26.25,26.0,26.25,26.75,28.0,28.0,26.25,25.75,26.5,25.75,25.5,26.0,26.25,25.75,26.0,26.0,25.75,25.5,25.25,26.0,26.5,26.0,26.0,25.25,25.0,25.5,25.5
88.0
26.25,26.25,26.25,26.0,26.0,26.0,26.5,26.5,25.75,26.25,26.25,26.75,26.25,26.0,26.0,26.0,26.75,26.5,26.75,26.0,26.0,26.5,26.0,25.5,26.25,27.0,26.75,26.25,26.0,26.0,26.0,26.25,28.0,27.75,27.75,26.5,26.0,26.0,26.0,26.25,27.25,28.25,27.75,25.75,26.0,26.0,25.75,25.75,26.5,26.5,26.25,26.0,26.0,25.75,25.25,25.0,26.0,25.75,26.0,26.25,26.0,25.75,25.5,25.75
89.0
26.0,26.25,26.5,26.0,26.25,26.0,26.0,26.0,26.0,25.75,26.0,26.25,26.0,25.75,25.5,26.0,27.25,26.25,26.25,26.0,26.25,26.0,26.25,26.0,26.75,26.75,26.75,26.25,25.75,25.75,26.25,26.25,27.75,28.0,28.25,26.0,25.75,26.0,26.0,26.5,26.75,28.0,27.75,26.0,25.75,26.0,25.75,25.25,26.0,26.0,26.0,26.25,26.0,25.5,25.5,25.25,26.0,25.75,26.0,26.25,26.0,25.5,25.5,25.75
90.0
26.0,26.5,26.0,25.5,26.0,26.0,27.0,26.25,26.5,26.0,26.0,26.25,26.0,26.0,26.0,26.0,26.75,26.25,26.5,26.25,26.25,26.5,26.0,25.75,26.75,27.0,27.0,26.25,26.0,26.25,26.25,26.25,27.5,28.0,28.25,26.25,25.75,26.0,26.0,26.25,26.75,28.0,27.75,26.25,25.75,26.0,25.25,25.5,26.25,26.25,25.75,25.75,25.75,26.0,25.5,25.5,26.0,26.25,25.75,25.75,25.75,25.5,25.25,25.5
