1.0
26.5,27.25,27.0,26.25,26.5,27.25,27.0,27.25,26.75,26.75,27.0,26.75,27.0,26.75,26.5,26.75,27.25,26.75,26.75,27.0,27.0,26.75,26.5,27.0,27.0,27.0,27.0,26.75,26.5,26.25,26.5,26.5,27.75,27.0,27.0,26.75,26.5,26.75,26.5,27.25,27.5,28.25,28.75,28.25,27.0,26.5,26.5,26.5,28.75,29.0,29.25,29.0,27.75,26.75,26.0,26.5,27.5,27.5,28.75,28.0,27.0,26.25,25.75,26.5
2.0
27.0,26.75,26.75,26.5,27.0,26.75,27.5,27.0,27.75,26.75,26.75,26.75,26.75,26.5,26.75,27.0,27.75,26.5,27.0,26.5,27.0,27.0,26.75,26.75,27.25,27.0,26.75,26.75,26.25,26.5,26.75,26.75,27.25,27.25,27.0,26.5,26.75,27.0,26.75,26.25,28.0,28.0,28.75,28.5,26.75,26.75,26.5,25.75,28.0,29.5,29.0,29.25,27.5,26.75,26.5,26.5,27.5,27.75,29.0,27.75,26.5,26.25,26.25,26.75
3.0
26.5,27.25,27.25,26.75,27.0,26.75,27.5,27.25,27.25,26.75,27.0,26.75,26.75,27.0,27.0,26.5,27.75,27.0,27.0,27.0,27.0,26.75,26.75,26.25,27.0,27.0,27.0,26.75,26.75,26.5,26.75,26.75,27.5,27.5,27.25,26.75,26.75,27.25,26.75,27.0,27.75,28.25,28.75,28.25,27.0,27.0,26.0,26.0,29.0,29.75,30.0,29.0,27.75,26.5,26.5,26.25,27.75,27.75,29.25,27.5,27.0,26.5,26.5,26.25
4.0
27.0,26.75,27.0,26.25,26.75,26.75,27.25,27.25,26.75,27.0,26.5,27.0,26.75,26.75,26.5,26.25,27.25,26.75,26.75,26.75,26.75,26.75,27.0,26.5,26.75,26.75,27.0,26.25,26.75,26.25,26.75,26.5,27.25,27.25,27.25,27.0,27.0,26.75,27.0,26.75,28.0,27.75,28.5,28.5,26.75,26.5,26.25,26.5,28.75,29.5,29.5,28.5,27.75,26.5,26.25,26.5,27.0,27.5,28.25,27.5,26.75,26.25,26.25,26.25
5.0
26.75,27.25,27.0,26.25,26.5,26.25,27.5,27.0,27.0,26.75,26.75,26.75,27.25,26.5,26.25,26.0,27.5,26.25,27.25,26.25,26.5,26.5,26.75,26.0,27.0,27.25,27.0,26.25,26.25,26.25,26.5,26.5,27.0,27.25,27.0,26.75,26.75,26.5,26.75,26.75,27.5,28.75,28.75,28.25,26.5,26.5,26.5,26.25,29.0,29.5,29.5,29.0,28.25,26.25,26.0,26.25,27.0,27.75,28.75,27.75,27.0,25.75,26.0,26.75
6.0
27.25,27.5,27.5,27.0,26.75,26.75,28.0,27.25,26.75,26.75,26.75,26.5,27.25,27.0,27.0,26.25,27.25,26.75,26.75,26.5,26.75,26.75,27.25,27.0,26.75,27.5,27.0,26.5,26.75,26.75,26.75,26.5,27.75,27.75,27.25,26.5,27.0,26.75,26.5,27.0,27.75,28.25,28.75,28.5,26.5,26.25,26.5,26.0,28.5,29.75,29.25,29.0,28.0,26.5,25.75,27.0,27.25,27.75,28.5,27.75,27.0,26.25,26.25,26.75
7.0
27.25,27.5,27.5,27.0,26.75,26.75,28.0,27.25,26.75,26.75,26.75,26.5,27.25,27.0,27.0,26.25,27.25,26.75,26.75,26.5,26.75,26.75,27.25,27.0,26.75,27.5,27.0,26.5,26.75,26.75,26.75,26.5,27.75,27.75,27.25,26.5,27.0,26.75,26.5,27.0,27.75,28.25,28.75,28.5,26.5,26.25,26.5,26.0,28.5,29.75,29.25,29.0,28.0,26.5,25.75,27.0,27.25,27.75,28.5,27.75,27.0,26.25,26.25,26.75
8.0
26.75,27.0,27.0,26.5,27.0,26.75,27.25,27.25,27.25,26.75,26.5,26.75,27.0,26.5,26.75,26.5,27.0,26.75,27.25,26.75,26.5,26.75,26.5,26.75,26.75,27.0,26.75,26.75,26.5,26.25,26.75,26.75,27.5,27.5,27.25,27.0,26.5,27.0,26.75,27.0,28.25,28.75,28.75,28.25,26.75,26.75,26.5,25.75,28.75,29.0,29.25,29.25,27.5,26.75,25.75,26.5,27.5,27.25,28.5,28.0,27.25,26.0,26.0,26.75
9.0
26.5,27.0,26.75,26.75,27.0,26.75,27.5,27.5,27.25,27.0,27.0,26.5,26.5,26.75,26.5,26.75,27.75,27.25,27.0,26.75,27.25,26.75,26.75,26.5,26.75,27.0,27.0,26.5,26.75,26.5,26.5,26.5,27.25,27.25,27.25,27.25,26.5,26.75,26.5,26.25,28.25,28.0,28.75,28.75,26.5,26.25,26.5,26.75,28.5,29.75,29.25,29.0,27.5,26.25,26.25,26.0,27.25,27.75,28.5,27.75,27.0,26.0,25.75,26.25
10.0
27.25,26.75,27.0,26.25,26.75,27.0,27.0,27.0,27.0,27.25,26.75,26.75,27.0,26.5,26.0,26.75,27.25,26.5,26.75,27.0,27.0,26.75,26.5,26.75,27.0,27.25,26.75,26.5,27.0,26.25,26.5,27.0,27.25,27.25,27.0,26.5,26.75,26.75,26.5,26.5,28.0,28.25,28.75,28.5,27.0,26.75,26.0,25.75,28.25,29.25,29.5,28.75,27.75,26.5,26.0,26.75,27.5,27.75,29.0,27.75,27.0,26.25,26.25,26.75
11.0
27.0,27.25,27.0,26.5,27.0,26.5,27.0,27.0,27.25,26.75,27.0,27.25,27.0,26.75,26.5,26.5,27.5,27.0,27.0,26.5,26.75,27.0,26.75,26.5,26.5,27.25,26.5,26.75,26.75,26.75,26.5,27.0,27.75,27.5,27.25,26.75,27.0,27.5,26.5,26.75,28.0,28.25,28.75,28.5,26.75,26.5,26.5,26.25,29.0,29.75,29.5,29.25,27.75,26.75,26.75,26.5,27.5,27.75,29.0,27.75,27.25,26.25,26.25,26.25
12.0
26.25,27.0,26.75,26.5,26.25,26.75,27.25,26.25,27.25,26.5,26.25,26.75,26.25,26.75,26.5,26.75,27.75,26.75,26.75,26.75,26.5,26.75,26.75,26.5,26.5,26.75,26.5,26.5,26.5,26.5,26.75,26.5,27.25,27.5,26.75,26.75,26.25,26.75,26.25,26.5,27.75,27.75,28.5,28.5,26.75,26.75,26.0,26.0,29.0,29.5,29.5,29.0,28.0,26.75,26.0,26.25,27.25,27.5,28.75,28.0,26.75,26.0,26.0,26.0
13.0
27.25,27.5,27.0,26.75,26.75,26.75,27.25,27.0,26.75,27.25,26.5,27.0,26.5,26.25,26.25,26.5,27.25,26.75,26.75,26.75,27.0,27.0,27.0,26.5,27.25,27.0,26.75,26.25,26.5,26.5,26.5,26.75,27.5,27.5,27.0,26.75,26.75,26.75,26.25,26.5,27.75,28.0,28.5,28.25,26.75,27.0,26.25,26.25,28.75,29.25,29.75,29.25,28.0,26.75,26.0,26.0,27.5,27.75,28.5,28.25,26.5,26.0,26.0,26.0
14.0
27.0,26.75,27.0,26.5,26.5,26.75,27.0,27.5,26.5,26.5,26.75,26.5,27.0,26.5,26.5,26.75,27.75,27.0,26.5,27.0,27.0,26.75,26.5,26.25,26.5,27.0,27.0,26.5,26.75,26.5,26.5,26.5,27.25,27.25,27.5,27.0,27.0,27.0,26.75,26.75,27.75,28.5,28.75,28.75,26.75,26.75,26.5,26.0,28.5,29.5,29.5,29.0,27.75,27.0,26.25,26.0,27.5,27.75,28.5,28.0,27.0,26.5,26.25,26.75
15.0
27.0,27.0,27.0,26.75,27.25,26.75,27.5,28.0,27.25,26.75,27.0,26.75,27.5,27.25,26.75,27.0,27.5,27.0,26.75,26.5,26.75,27.0,26.75,26.5,26.75,27.0,26.75,26.5,26.5,26.75,26.5,27.0,27.75,27.75,27.0,26.75,27.0,26.75,27.0,26.75,27.75,28.5,28.75,28.5,27.0,26.5,26.25,25.75,28.75,29.5,29.0,28.75,27.75,26.75,26.25,25.75,27.5,27.75,28.5,27.75,26.75,26.25,26.0,26.5
16.0
26.75,27.25,26.75,26.5,26.5,26.5,27.5,27.5,27.25,26.75,26.75,26.75,27.0,26.5,26.75,26.5,27.5,26.75,27.0,26.5,26.75,27.25,26.75,26.25,27.0,27.25,26.75,26.75,26.75,26.5,26.75,26.75,27.0,27.75,27.0,27.0,27.0,26.75,26.5,26.5,27.5,28.25,28.75,28.25,26.75,27.0,26.0,26.0,28.5,29.25,29.25,29.0,27.5,26.75,25.75,26.5,27.25,27.25,28.5,28.0,26.75,26.25,26.0,27.0
17.0
27.0,27.0,27.0,26.25,26.5,26.5,27.0,27.0,26.75,26.5,26.75,26.75,27.0,26.75,26.5,26.5,27.25,26.5,26.75,26.75,26.5,27.0,26.5,26.5,26.75,27.0,26.5,26.5,26.5,26.0,26.75,26.5,27.25,27.25,27.0,26.75,26.5,26.5,26.75,26.5,28.0,28.25,28.5,28.25,26.25,26.75,26.5,26.0,28.75,29.25,29.25,28.75,28.0,26.5,25.75,26.0,27.25,27.5,28.5,27.5,26.5,26.5,26.0,27.0
18.0
26.75,27.0,27.5,26.75,27.0,26.5,27.5,27.5,26.75,27.0,27.25,26.75,27.5,26.75,26.5,26.75,27.25,27.25,27.25,27.0,26.75,26.75,26.75,26.5,27.0,27.25,27.25,26.75,26.75,26.75,26.75,26.75,27.5,27.25,27.25,27.0,26.75,27.0,26.5,26.5,28.0,28.25,29.0,28.5,26.75,27.25,26.25,26.5,28.75,29.5,29.5,28.75,27.5,26.5,26.5,26.5,27.5,27.5,28.25,28.25,27.0,26.25,26.0,26.75
19.0
27.0,27.0,26.75,26.5,26.75,26.5,27.25,27.0,27.0,27.0,26.75,27.0,27.0,26.5,26.75,26.5,27.5,27.0,27.0,26.5,26.75,26.75,26.75,26.75,27.25,27.0,26.75,26.5,27.25,26.25,26.75,26.75,27.5,27.25,27.5,26.75,27.5,26.75,26.75,27.5,28.0,28.5,29.0,28.5,26.25,26.5,26.25,25.5,28.5,29.5,29.75,29.0,27.75,26.75,26.5,26.5,27.5,27.25,28.5,28.25,27.25,26.0,26.25,26.75
20.0
27.25,26.75,26.75,26.75,26.5,26.75,27.5,28.0,27.25,27.25,27.0,27.0,27.25,26.75,26.75,26.75,27.5,27.25,27.25,26.75,27.25,27.0,27.0,26.5,27.0,27.0,27.25,26.5,26.5,27.0,26.75,27.0,27.5,27.5,27.0,26.5,27.0,27.0,26.75,26.75,27.5,28.25,28.5,28.5,26.75,27.0,26.5,26.0,29.0,29.75,29.25,29.25,27.75,26.75,26.25,26.5,27.5,27.75,28.5,27.75,26.75,26.5,26.5,26.5
21.0
27.0,27.25,26.5,26.75,26.5,26.5,27.0,27.0,27.25,27.0,26.5,27.0,26.75,26.25,26.5,26.75,27.5,27.0,27.25,26.5,27.0,26.75,26.25,26.5,27.0,27.0,26.75,26.5,26.75,26.75,26.5,26.5,27.5,27.0,27.0,26.5,26.5,27.0,26.5,26.5,28.0,28.5,28.75,28.75,26.75,27.0,26.5,26.5,28.25,29.5,29.25,29.0,27.75,27.0,26.0,26.5,27.25,28.0,28.25,27.75,26.75,26.5,26.0,26.0
22.0
27.25,27.0,27.25,26.25,26.75,27.25,27.75,28.0,26.75,27.0,27.0,26.5,27.25,27.0,26.25,26.5,27.25,26.75,27.5,27.0,27.0,27.25,26.75,26.5,26.75,27.0,27.0,26.5,26.75,26.75,27.25,26.5,28.0,27.25,27.0,26.75,27.0,27.0,27.0,27.0,28.0,28.25,28.75,28.5,27.0,26.75,26.25,26.5,29.25,29.75,29.5,29.0,27.75,26.5,26.25,26.0,27.25,28.0,28.5,28.25,27.0,26.25,26.25,26.75
23.0
27.0,26.75,27.25,26.25,27.0,27.0,27.5,27.75,27.25,27.25,27.0,26.75,26.75,26.75,26.5,26.75,27.25,26.75,27.0,26.5,26.75,27.0,27.0,26.75,27.25,27.5,26.75,26.75,26.75,26.75,27.0,26.75,27.0,27.75,27.0,27.25,26.5,27.0,26.5,26.75,28.0,28.5,28.5,28.25,26.75,26.75,26.5,26.25,29.0,29.75,29.5,28.75,28.0,27.0,26.25,26.25,27.5,27.5,28.25,28.0,26.75,26.5,25.5,26.5
24.0
26.25,26.75,27.0,26.75,26.75,26.75,27.0,27.0,27.0,27.0,26.75,27.0,27.0,26.25,26.5,26.25,27.5,26.5,26.5,26.5,26.5,26.75,26.5,26.25,26.5,27.25,26.5,26.25,26.5,26.25,26.75,26.25,27.0,27.25,26.75,27.0,26.25,26.75,26.5,26.25,27.5,28.0,28.0,28.25,26.5,26.5,26.0,26.0,28.5,29.25,29.25,29.0,28.0,26.5,25.75,26.0,26.75,28.25,28.0,27.5,26.5,26.5,26.0,26.5
25.0
26.25,27.25,27.0,26.5,27.0,27.25,27.0,26.75,27.0,27.0,26.75,26.75,27.0,27.0,26.75,26.75,27.75,26.75,27.0,26.5,26.75,26.75,26.75,26.25,27.0,26.75,27.0,26.75,27.0,26.25,26.25,27.0,27.5,27.5,27.25,27.0,26.75,27.0,26.25,26.75,28.0,28.0,28.5,29.25,27.0,26.75,27.0,26.25,28.75,29.75,29.75,29.5,28.0,27.0,26.25,26.75,27.25,27.75,28.5,27.75,27.0,26.25,26.25,26.5
26.0
27.0,27.0,27.0,26.25,26.75,26.5,27.0,27.25,27.0,26.75,26.75,26.75,26.75,27.0,26.25,26.5,27.25,27.0,27.25,26.5,27.0,27.0,27.0,26.75,26.5,27.5,27.0,26.75,26.75,26.25,26.75,26.75,27.75,27.75,27.25,26.5,26.75,27.25,27.0,26.75,28.25,28.0,28.5,28.75,26.75,26.75,26.25,26.5,28.5,29.5,29.5,29.25,28.0,26.5,26.5,26.25,27.25,28.25,28.75,28.0,27.0,26.0,26.0,26.5
27.0
26.75,27.25,27.0,26.5,26.75,26.5,27.5,27.0,27.0,26.5,27.0,27.0,27.0,27.0,26.5,26.75,27.5,27.0,27.0,26.75,26.75,27.0,26.5,26.25,27.0,27.0,27.0,27.0,26.5,26.5,27.0,27.0,27.25,27.0,27.25,26.75,27.25,26.75,26.75,27.0,28.0,28.25,28.25,29.25,26.75,27.0,26.5,26.25,28.75,29.75,29.5,29.0,28.0,27.0,26.0,26.5,27.5,27.5,28.5,27.75,27.0,26.0,26.25,26.75
28.0
26.75,27.25,27.0,26.5,26.75,26.75,27.25,27.0,27.25,26.5,27.0,27.0,27.0,26.5,26.5,26.75,27.25,26.5,27.0,26.75,27.0,26.75,26.75,26.5,26.75,27.0,26.5,26.25,26.75,26.25,26.75,26.75,27.5,27.25,27.25,26.5,27.0,26.75,26.75,27.0,27.75,28.25,28.0,29.0,26.75,27.0,26.25,26.25,28.75,29.75,29.5,29.0,28.0,26.5,26.0,26.25,27.25,27.5,28.0,27.75,26.75,26.25,26.0,26.25
29.0
26.5,26.75,27.0,26.75,26.5,26.25,27.0,26.75,26.5,26.75,26.5,26.5,26.75,26.25,26.5,26.25,27.5,26.75,26.75,26.25,26.75,26.5,26.5,26.25,26.75,26.5,27.0,26.5,26.5,26.5,26.25,26.5,27.0,27.0,27.0,26.5,26.75,26.5,26.75,26.25,27.25,28.0,28.0,28.25,26.75,26.5,26.5,26.0,28.5,29.5,29.5,29.0,27.75,26.25,26.25,25.75,27.0,27.5,28.25,27.75,26.75,26.5,26.25,27.0
30.0
26.75,27.0,27.0,26.5,27.0,26.5,27.0,27.25,27.25,27.25,26.75,26.75,26.5,26.75,26.25,27.0,27.5,26.75,27.0,26.5,26.75,27.0,26.5,26.25,26.75,27.0,26.75,26.75,26.75,26.5,26.75,26.75,27.25,27.25,26.5,26.75,27.0,26.75,26.75,27.0,27.75,28.0,28.25,28.5,26.75,26.75,26.25,26.0,28.75,29.5,29.5,28.75,27.75,26.25,26.0,25.75,27.0,27.75,28.75,27.75,27.25,25.75,25.75,26.5
31.0
26.75,27.0,27.0,26.75,27.0,26.25,26.75,27.25,26.75,26.5,26.25,26.75,26.5,26.5,26.75,26.5,27.5,26.75,27.0,26.5,26.5,26.75,26.5,26.5,26.75,26.75,26.5,26.5,26.5,26.5,26.75,26.5,27.25,27.5,27.0,26.75,26.75,26.75,26.25,26.75,27.25,27.75,28.0,28.5,26.75,26.5,26.0,25.75,28.0,29.0,29.25,29.0,27.75,26.25,26.0,26.0,27.0,27.75,28.5,27.5,26.75,26.25,26.5,26.25
32.0
27.25,27.75,27.25,26.5,26.75,26.75,27.5,27.25,27.0,26.5,27.0,26.5,27.0,26.5,26.75,26.25,27.25,27.25,26.75,26.25,26.75,26.75,26.5,26.5,27.25,27.0,26.5,26.75,26.5,26.25,26.75,27.0,27.5,27.25,27.25,27.0,27.0,26.75,26.75,27.0,27.75,28.25,28.5,28.5,26.75,27.0,26.0,26.5,28.75,29.25,29.0,29.0,27.5,26.5,26.0,26.0,27.5,27.75,28.75,27.5,26.75,26.5,26.25,26.0
33.0
26.75,27.5,27.25,26.25,26.5,26.5,27.25,27.5,27.25,27.0,27.0,27.0,26.75,26.75,26.75,26.75,27.25,26.75,26.75,26.75,27.0,27.25,26.75,26.5,27.25,27.0,27.0,26.75,26.75,26.5,26.75,26.5,27.5,27.25,27.0,26.75,26.5,27.0,26.5,26.75,28.0,27.75,28.25,29.25,26.75,26.75,26.25,26.0,28.5,29.75,29.5,28.5,27.75,26.5,26.25,26.5,27.75,28.0,28.75,28.0,27.0,26.5,26.25,26.5
34.0
26.75,27.25,27.0,26.75,27.0,26.5,27.25,27.0,27.25,26.75,26.75,27.0,27.25,26.5,26.75,26.25,28.0,27.0,27.0,26.25,26.75,27.25,26.5,26.0,27.0,27.0,26.75,26.5,26.5,26.75,26.5,26.5,27.5,27.25,26.75,26.5,26.5,26.75,26.75,27.0,28.0,27.75,28.25,28.75,27.0,26.5,26.5,26.0,28.25,29.0,29.5,29.25,28.0,26.5,26.25,26.0,27.5,27.5,28.75,27.5,26.75,25.75,25.75,26.5
35.0
27.0,27.0,27.0,26.5,27.0,26.75,27.0,27.25,27.0,26.75,27.25,27.0,26.75,26.5,26.25,26.25,27.25,27.0,27.25,26.75,27.0,27.0,26.5,26.75,26.75,27.25,27.0,26.25,26.5,26.25,26.5,26.75,27.25,27.5,26.75,27.0,27.25,26.5,26.5,26.75,28.0,28.5,28.25,28.5,26.75,26.25,26.5,25.75,28.5,29.25,29.25,29.25,28.0,26.75,26.25,26.75,27.5,27.75,28.75,27.75,27.25,26.25,26.0,26.75
36.0
26.25,26.75,26.75,26.75,26.5,26.5,27.0,27.5,26.5,27.0,26.5,27.0,26.5,26.25,26.5,26.75,27.25,26.5,26.75,26.5,26.25,26.5,26.5,26.5,26.5,26.75,27.0,26.25,26.25,26.25,26.25,26.5,27.5,27.25,27.0,26.75,26.25,26.75,26.5,26.5,28.0,28.0,28.25,28.75,26.25,26.75,25.75,25.75,28.5,29.25,29.25,29.0,27.75,26.25,26.0,26.0,27.25,27.75,28.5,28.0,26.75,25.75,25.75,27.0
37.0
26.75,27.25,27.25,27.0,26.5,26.75,26.75,27.5,27.0,26.75,26.75,27.0,27.0,26.25,26.5,26.75,27.5,26.75,27.0,26.5,26.75,26.75,27.0,26.75,26.5,27.0,27.0,26.5,26.75,26.5,27.0,27.0,27.5,27.5,26.75,26.5,26.75,26.75,27.25,26.75,27.75,28.25,28.25,29.25,26.75,26.75,26.5,26.25,28.5,29.75,29.0,28.75,28.0,26.75,26.5,26.25,27.5,27.75,28.25,27.75,26.75,26.5,25.75,26.75
38.0
26.75,27.0,27.5,27.0,26.5,26.75,27.25,27.25,27.5,26.75,26.5,26.75,27.0,26.5,26.75,26.5,27.5,26.5,27.0,26.75,26.75,27.0,26.75,26.5,26.75,27.25,27.0,26.75,26.5,26.75,26.75,27.0,27.5,27.5,27.25,26.75,26.5,27.0,26.5,26.75,28.0,28.25,28.0,28.75,26.5,27.0,26.25,26.5,28.5,29.5,29.5,29.25,28.0,26.75,26.0,26.0,26.75,27.25,28.5,28.0,26.5,26.5,26.25,26.25
39.0
26.75,27.0,27.0,26.5,26.5,27.0,27.0,26.5,27.25,27.25,27.25,26.75,27.25,26.5,26.75,26.75,27.5,26.75,26.75,26.75,26.5,26.75,26.75,26.5,26.75,27.25,27.0,26.75,26.5,26.75,26.5,26.75,27.25,27.25,26.75,27.25,26.75,27.0,26.75,26.25,28.25,28.25,28.5,28.75,27.0,26.75,26.25,26.25,28.25,29.25,29.25,28.75,27.75,26.75,26.5,26.25,26.75,27.5,28.25,28.0,26.75,26.25,25.75,26.5
40.0
27.25,27.25,26.75,26.5,26.5,26.75,27.25,27.25,27.25,27.25,26.75,26.75,27.25,26.75,26.5,27.25,27.25,27.0,26.75,26.75,26.75,26.75,27.0,26.5,27.0,27.25,26.75,26.25,26.5,26.25,26.5,26.75,27.5,27.5,27.0,26.75,27.0,26.75,26.5,26.75,28.25,28.25,28.25,28.75,27.0,26.5,26.5,25.75,29.0,29.5,29.5,29.0,28.0,26.5,26.0,26.25,27.25,27.5,28.75,28.0,27.0,26.25,26.25,26.5
41.0
27.0,27.0,27.25,26.5,26.5,26.25,26.25,27.25,26.75,26.5,26.5,26.75,26.75,26.5,26.25,26.5,27.25,27.0,26.5,26.5,26.5,26.5,26.5,26.25,27.0,26.75,26.75,26.25,26.5,26.0,26.5,27.0,27.5,27.25,27.25,26.75,26.75,26.75,26.5,26.75,27.25,28.25,28.25,28.75,26.75,26.5,26.25,25.75,28.25,29.5,29.0,29.25,27.75,26.75,26.0,26.25,27.25,27.25,28.25,28.0,26.75,26.0,26.0,26.75
42.0
26.75,26.75,26.75,26.5,26.5,26.5,27.0,27.0,26.75,26.5,26.25,26.5,26.5,26.5,26.5,25.75,27.5,26.5,27.0,26.5,26.25,26.5,26.75,26.25,26.5,26.5,26.25,26.75,26.75,26.25,26.5,26.75,27.5,27.25,26.75,26.5,26.5,26.25,26.75,26.25,27.25,28.5,27.75,28.75,26.5,26.5,26.0,26.25,28.25,29.25,28.75,29.0,27.75,26.75,26.0,25.75,26.75,27.25,28.0,28.0,26.5,25.75,26.0,26.0
43.0
26.75,27.5,27.0,26.25,26.5,26.5,27.0,27.0,27.0,26.75,26.75,26.75,27.0,26.75,26.25,26.5,27.5,27.0,26.75,26.25,26.5,26.75,26.75,26.25,27.0,26.75,27.0,26.75,26.5,26.25,26.25,26.75,27.5,27.5,27.0,27.0,26.5,26.75,26.5,26.75,27.5,28.0,28.5,29.0,27.0,26.75,26.25,26.0,28.75,29.5,29.5,29.0,28.25,26.25,26.25,26.0,27.5,27.5,28.25,28.0,26.75,26.0,26.75,26.5
44.0
26.75,27.5,26.75,26.25,26.75,26.75,27.25,26.75,27.25,26.75,27.0,26.5,26.75,26.5,26.25,26.0,27.25,27.0,26.75,26.25,27.0,27.25,26.75,26.75,26.75,27.0,26.75,26.5,26.5,26.5,26.25,27.0,27.25,27.25,27.0,26.75,26.75,26.5,26.75,26.75,27.75,28.0,28.5,28.75,26.75,26.75,26.0,26.0,28.5,29.25,29.25,29.0,28.0,26.75,26.0,26.5,27.0,28.0,28.75,28.0,26.75,26.25,26.0,26.75
45.0
26.75,27.5,26.75,26.25,26.75,26.75,27.25,26.75,27.25,26.75,27.0,26.5,26.75,26.5,26.25,26.0,27.25,27.0,26.75,26.25,27.0,27.25,26.75,26.75,26.75,27.0,26.75,26.5,26.5,26.5,26.25,27.0,27.25,27.25,27.0,26.75,26.75,26.5,26.75,26.75,27.75,28.0,28.5,28.75,26.75,26.75,26.0,26.0,28.5,29.25,29.25,29.0,28.0,26.75,26.0,26.5,27.0,28.0,28.75,28.0,26.75,26.25,26.0,26.75
46.0
26.75,27.25,27.0,26.75,27.0,26.75,27.5,27.0,27.0,27.0,27.0,26.75,27.0,26.5,26.5,26.75,27.5,27.0,26.75,26.75,26.5,27.0,26.5,26.5,26.5,27.0,27.0,26.75,26.5,26.5,26.75,26.25,27.25,27.25,27.0,26.75,27.0,26.5,26.5,26.75,27.5,28.25,28.5,28.75,26.75,26.5,26.25,25.75,28.75,29.75,29.0,29.5,28.25,26.5,26.25,26.25,27.5,27.5,28.5,28.25,27.0,26.5,26.25,26.75
47.0
26.5,27.75,27.0,27.0,26.75,26.5,27.25,27.25,27.5,27.0,26.75,26.5,27.0,26.75,27.0,26.5,27.25,27.25,26.75,26.5,26.75,26.25,26.75,27.0,27.5,27.25,27.0,26.75,26.5,26.75,26.5,26.75,27.25,27.5,27.25,26.75,27.0,27.0,26.75,26.5,28.0,28.25,28.25,29.25,26.75,26.5,26.5,26.0,28.5,29.75,29.75,29.0,28.25,26.75,26.5,26.0,27.75,27.25,28.5,27.5,26.75,26.0,26.0,27.0
48.0
26.75,26.75,26.75,26.0,26.75,26.5,26.75,26.75,26.75,27.0,26.5,27.0,26.5,26.5,26.5,26.25,27.25,26.75,26.75,26.25,26.5,26.75,26.75,26.5,26.5,26.75,27.0,26.25,26.25,26.5,26.25,26.5,27.25,27.0,26.75,26.5,26.5,26.75,26.5,26.5,27.5,28.0,28.0,28.75,26.5,26.75,26.0,25.5,28.5,29.5,29.0,28.75,27.5,26.25,26.0,26.0,26.75,27.0,28.25,28.0,27.0,26.0,26.0,26.75
49.0
27.0,27.5,27.25,26.25,26.75,26.5,27.25,27.5,27.0,26.75,26.75,27.0,26.75,26.25,26.5,26.5,27.75,26.75,26.5,26.75,26.75,27.25,26.5,26.75,26.75,27.25,26.75,26.75,26.75,26.5,26.75,26.5,27.25,26.75,27.0,26.75,26.5,26.75,26.75,26.25,27.5,28.0,28.0,29.0,27.0,26.75,26.25,26.0,28.25,29.5,29.25,28.75,28.0,26.25,26.25,26.0,27.25,27.75,29.0,28.25,26.75,26.25,25.75,26.0
50.0
27.0,27.25,27.0,26.5,26.75,27.0,27.0,27.0,27.25,27.0,26.75,26.75,26.75,26.75,26.5,27.0,28.0,26.75,27.25,27.25,26.5,27.0,26.5,26.75,27.0,27.0,27.0,26.5,26.5,26.25,26.75,26.5,27.0,27.5,27.0,26.75,26.75,26.75,26.5,26.75,27.75,28.25,28.25,29.0,26.75,26.75,26.0,26.0,29.0,29.25,29.0,29.25,28.0,27.0,25.75,26.25,27.5,28.0,28.75,28.0,27.0,26.25,26.25,26.75
51.0
27.0,27.25,26.75,27.0,26.75,27.0,27.5,26.75,27.0,26.75,26.5,26.75,26.5,26.25,27.0,26.5,27.5,26.75,26.75,26.5,26.75,26.5,26.75,26.75,26.5,27.25,27.0,26.5,26.5,26.5,26.5,26.75,27.5,27.5,27.0,26.75,26.5,26.5,26.75,26.75,27.25,28.0,28.25,28.75,26.75,27.0,26.0,26.0,28.5,29.5,29.25,28.75,27.75,26.25,26.5,26.0,27.25,27.25,28.75,28.25,27.0,26.25,25.75,26.5
52.0
27.0,27.25,27.25,26.5,27.0,26.75,27.25,27.5,27.5,27.25,26.5,26.75,27.25,26.5,26.5,27.0,27.5,27.0,26.5,26.5,27.0,26.5,27.0,26.5,27.0,27.0,27.25,26.25,26.75,26.75,26.75,26.75,27.5,27.5,26.75,27.0,26.75,27.0,26.25,27.0,27.75,28.0,28.25,28.5,26.75,26.75,26.25,26.25,28.5,30.0,29.0,29.25,28.25,26.5,26.25,26.5,26.75,27.75,28.25,27.75,26.5,26.25,26.25,26.5
53.0
27.5,27.5,27.25,26.25,26.75,26.0,27.25,27.0,27.25,27.25,26.75,27.0,26.25,26.5,26.25,26.75,27.5,27.0,26.5,26.5,26.75,26.25,26.5,26.5,26.75,27.0,27.0,26.25,26.75,26.25,26.5,26.5,27.25,27.25,27.0,26.75,27.0,26.5,26.5,26.75,27.5,28.0,28.25,28.5,26.75,26.5,26.25,26.25,28.75,29.0,29.0,28.75,28.0,26.25,26.0,26.25,27.0,27.5,28.75,27.75,26.5,26.25,26.25,26.75
54.0
26.25,26.75,26.5,26.25,26.5,26.25,27.0,26.75,26.75,26.5,26.75,26.75,26.75,26.5,26.5,26.0,27.5,26.25,26.5,26.25,26.75,26.5,26.75,26.5,26.75,27.0,27.0,26.75,26.5,26.75,26.5,26.75,27.5,27.0,27.0,26.75,26.5,26.75,26.75,27.0,27.25,28.0,28.25,28.25,26.75,26.5,26.0,25.5,28.5,29.5,29.25,29.0,27.25,26.5,26.0,26.5,27.0,27.25,28.75,28.0,26.75,26.0,25.75,26.75
55.0
27.5,27.25,27.0,26.5,26.5,26.5,27.25,27.25,26.75,27.0,27.25,26.75,27.0,26.75,26.5,27.0,27.25,26.75,26.75,26.5,26.75,26.75,27.0,26.25,26.75,27.0,26.75,26.5,26.5,26.5,26.25,26.5,27.5,27.25,27.0,26.75,26.75,26.75,26.5,26.5,27.25,28.25,28.5,28.75,26.5,26.5,26.5,26.5,28.0,29.25,29.5,28.75,28.0,26.75,26.0,26.25,27.25,27.25,28.5,28.25,27.0,26.25,26.25,26.75
56.0
27.0,27.0,27.0,27.0,27.0,26.25,27.5,27.5,27.0,26.75,26.75,26.75,26.75,27.0,26.75,26.5,27.5,26.75,27.25,26.5,26.75,26.5,26.75,26.5,27.0,26.75,27.0,26.5,26.5,26.25,26.5,27.25,27.5,27.25,27.0,26.75,26.5,26.75,26.5,27.0,28.0,27.75,28.25,28.75,26.75,26.75,26.0,26.5,28.0,29.5,29.25,28.75,28.25,26.5,26.25,26.25,27.5,27.25,28.75,28.0,27.25,26.5,25.75,26.5
57.0
26.75,27.0,27.5,26.75,26.5,26.5,27.0,27.25,27.25,27.0,26.75,27.0,26.75,26.5,26.75,26.5,27.75,26.75,26.75,26.75,26.5,26.5,26.5,26.75,26.75,27.25,26.75,26.25,26.75,26.0,26.5,27.0,27.75,27.75,27.0,26.75,26.75,27.0,26.5,27.0,28.25,28.0,28.75,28.25,26.5,26.75,26.25,26.0,28.5,29.5,29.75,29.0,28.0,26.75,26.25,26.5,27.5,27.5,29.25,28.0,26.75,26.0,26.25,26.0
58.0
26.75,27.0,27.0,26.75,26.75,26.75,27.0,27.25,27.0,27.0,26.75,26.75,27.0,26.75,26.75,26.75,27.0,27.0,26.75,26.5,27.0,26.75,27.25,26.5,27.25,27.25,27.0,27.0,26.5,26.25,26.75,26.75,27.5,27.75,27.0,26.75,26.5,27.0,26.75,26.75,28.0,28.25,28.0,29.0,27.0,27.0,26.0,26.25,28.5,29.5,29.5,29.0,27.75,26.5,26.25,26.25,27.5,27.5,28.25,27.5,27.0,26.25,26.0,26.25
59.0
26.5,27.0,26.5,26.5,26.5,26.75,27.5,27.25,27.0,26.5,26.5,26.75,27.0,26.5,26.75,27.0,27.25,26.75,26.5,26.5,26.5,26.25,26.25,26.0,27.0,27.0,27.0,26.5,26.75,26.0,26.5,26.25,27.5,27.5,27.0,26.25,26.5,26.5,26.75,26.5,27.25,28.0,28.0,28.5,26.5,26.25,26.25,26.25,28.25,29.25,29.25,29.0,27.75,26.25,26.0,26.25,27.0,26.75,28.0,27.5,26.75,26.25,26.0,25.75
60.0
26.75,27.5,27.25,26.75,27.0,26.75,27.0,27.5,26.75,27.0,26.75,27.0,27.0,26.25,26.5,26.25,26.75,27.25,26.75,26.5,26.75,26.75,26.75,27.0,27.25,26.75,26.75,26.5,26.5,26.5,26.75,26.75,27.5,26.75,27.0,26.75,26.75,26.75,26.75,26.5,28.0,28.5,28.0,28.75,26.75,27.0,26.25,26.0,28.75,29.5,29.25,29.0,28.0,26.5,26.25,26.25,27.25,27.25,28.5,27.5,26.5,26.25,26.5,26.25
