1.0
27.0,26.5,26.5,26.5,26.5,26.25,26.75,26.75,26.5,26.5,26.5,26.75,27.0,26.5,26.5,26.0,27.0,26.75,26.25,26.25,26.5,26.5,26.5,27.0,26.5,26.75,26.75,26.25,26.75,26.25,26.5,26.75,26.5,26.75,26.75,26.5,26.25,27.0,26.25,26.25,26.5,26.5,27.0,26.75,26.25,26.5,26.0,26.0,27.0,27.0,26.25,26.5,26.75,26.5,25.75,26.25,26.25,26.5,26.25,26.5,26.25,26.25,26.0,26.75
2.0
26.25,27.0,26.5,26.25,26.75,26.5,27.25,26.75,27.0,26.75,26.5,26.5,26.75,26.5,26.25,26.25,26.75,26.75,26.75,26.5,26.5,26.75,26.5,26.75,26.25,26.5,26.5,26.25,26.0,26.25,26.5,26.5,26.75,26.0,26.5,26.5,26.5,26.25,26.5,27.0,26.5,26.25,27.0,26.75,26.5,26.25,26.0,25.25,26.5,26.25,26.25,26.0,26.5,26.5,25.75,26.25,26.0,26.25,25.75,26.25,26.25,26.25,26.0,26.75
3.0
26.5,27.0,27.0,26.5,26.75,26.75,27.0,27.0,26.75,27.0,26.75,26.75,26.5,26.75,26.5,26.75,27.0,26.75,26.75,26.5,26.75,27.0,26.75,26.25,26.25,27.0,26.5,26.5,26.25,26.25,26.75,26.5,26.75,27.0,27.0,26.5,26.5,26.75,26.5,26.25,27.0,26.75,27.0,26.75,26.25,26.75,26.25,26.25,26.25,26.5,26.5,26.5,26.5,26.75,25.5,26.5,26.25,26.0,26.75,26.5,26.25,26.5,26.0,26.75
4.0
27.0,27.25,26.75,26.5,26.75,26.5,26.75,27.75,27.5,26.75,26.75,27.0,26.75,26.75,26.25,26.5,27.25,26.5,26.75,26.25,26.5,26.75,26.75,26.25,26.75,27.0,26.5,26.25,26.5,26.25,26.5,26.5,27.0,26.5,26.5,26.5,26.5,26.75,26.25,26.5,26.5,26.5,27.0,26.75,26.75,26.5,26.25,26.25,26.75,26.75,26.25,26.75,26.5,26.25,26.25,25.75,26.5,26.5,26.25,26.75,26.5,26.5,26.0,26.5
5.0
26.5,27.0,26.75,26.25,26.75,26.5,27.0,27.0,27.25,27.0,26.5,26.75,26.5,27.0,26.5,26.0,26.75,27.0,27.0,26.5,26.75,26.75,26.5,26.25,26.5,26.75,26.5,26.5,26.5,26.25,26.25,26.75,27.25,26.75,27.25,26.75,26.75,26.5,26.5,26.25,26.75,26.75,26.75,26.75,26.25,26.5,26.25,26.0,26.75,26.75,26.5,25.75,26.75,26.25,25.75,26.25,26.25,26.0,26.25,26.5,26.25,26.0,25.5,26.25
6.0
26.25,27.0,27.25,26.75,26.25,26.75,26.75,27.0,27.0,26.75,26.75,26.5,27.0,26.25,26.25,26.75,27.25,27.0,26.25,26.75,26.75,27.0,26.75,26.5,26.25,26.5,27.0,26.5,26.5,26.75,26.25,27.0,27.0,27.0,27.0,26.5,27.0,26.5,26.0,27.0,26.75,27.0,26.75,26.75,26.5,26.75,26.25,26.0,26.5,26.75,26.25,26.5,26.75,26.75,26.5,26.75,26.25,26.75,26.25,26.5,26.75,26.25,26.25,26.5
7.0
26.5,26.75,26.75,26.25,27.0,26.75,27.0,27.0,27.0,26.75,26.75,26.5,27.0,26.5,26.5,26.5,26.5,26.75,26.75,26.75,26.25,26.5,27.0,26.5,26.0,26.5,26.5,26.75,26.5,26.25,26.25,26.25,26.75,26.25,26.5,26.5,26.75,26.5,26.75,27.0,26.75,26.5,27.0,26.5,26.75,26.75,26.5,26.0,26.75,27.0,26.0,26.5,26.25,25.75,26.25,26.0,26.5,26.25,26.0,26.25,25.75,26.25,25.75,26.0
8.0
27.0,27.25,27.0,26.5,27.0,26.5,27.25,27.0,26.75,27.25,26.75,26.5,26.75,26.75,26.75,27.0,27.5,26.75,27.25,26.5,26.75,26.75,26.25,26.75,26.75,27.0,26.5,26.75,26.5,26.75,26.5,26.75,27.25,27.0,26.75,26.5,26.5,26.75,26.75,26.75,27.5,26.5,27.0,27.0,26.5,26.75,26.0,26.25,27.0,26.75,26.25,26.75,26.5,26.25,26.5,26.25,26.75,26.0,26.5,26.25,26.5,26.25,25.75,26.5
9.0
26.25,27.0,27.0,26.75,26.75,26.5,26.75,27.0,26.5,26.5,26.5,26.75,27.0,26.5,26.5,26.5,27.0,26.75,26.75,26.5,26.75,27.0,27.0,26.75,27.0,27.0,26.75,26.5,26.5,26.5,27.0,26.5,27.0,26.5,26.75,26.75,27.0,27.0,26.75,26.5,27.0,27.0,27.25,26.5,26.5,26.75,26.5,25.75,26.5,27.0,26.5,26.5,26.5,26.5,25.75,26.75,27.0,26.5,26.5,26.5,26.25,26.0,25.75,26.0
10.0
26.25,27.0,27.0,26.75,26.75,26.5,26.75,27.0,26.5,26.5,26.5,26.75,27.0,26.5,26.5,26.5,27.0,26.75,26.75,26.5,26.75,27.0,27.0,26.75,27.0,27.0,26.75,26.5,26.5,26.5,27.0,26.5,27.0,26.5,26.75,26.75,27.0,27.0,26.75,26.5,27.0,27.0,27.25,26.5,26.5,26.75,26.5,25.75,26.5,27.0,26.5,26.5,26.5,26.5,25.75,26.75,27.0,26.5,26.5,26.5,26.25,26.0,25.75,26.0
11.0
27.25,27.0,27.0,26.5,27.0,26.25,27.0,27.25,26.5,27.0,26.75,26.5,27.0,26.75,26.5,26.75,26.75,26.75,26.75,26.5,26.5,26.5,26.75,26.25,26.75,27.0,26.75,26.75,26.5,26.75,26.75,26.5,26.75,27.0,26.75,26.5,26.75,26.25,26.5,26.75,27.0,26.75,27.25,27.0,26.75,26.75,26.25,26.0,26.5,26.75,26.5,26.5,26.25,26.75,26.25,26.75,26.25,26.25,26.25,26.25,26.0,26.0,26.0,27.0
12.0
26.75,27.0,27.0,26.5,26.75,26.25,27.5,27.25,27.0,26.75,26.5,26.75,27.0,26.75,26.5,26.5,27.0,26.25,27.0,26.25,26.75,26.75,27.0,26.5,26.5,27.0,27.0,26.5,26.75,26.5,26.5,26.5,27.0,26.75,27.0,26.5,26.5,26.75,26.25,27.0,27.25,26.5,27.25,27.0,26.75,26.5,26.5,26.0,26.75,27.25,26.25,26.5,26.5,26.5,26.0,26.25,26.75,26.5,26.5,26.25,26.5,26.0,25.75,27.0
13.0
26.5,27.0,27.5,26.75,27.0,26.5,27.0,26.5,26.75,26.5,27.0,26.25,27.0,26.5,26.5,26.75,27.25,26.75,27.25,26.75,26.5,26.75,26.75,26.5,26.5,26.75,26.75,27.0,26.25,26.25,26.75,26.75,27.25,27.0,26.75,26.25,27.0,26.75,27.0,26.5,27.5,26.5,27.0,27.0,26.5,26.75,26.25,26.0,27.0,26.5,26.25,26.0,26.75,26.5,26.5,26.0,26.5,26.75,26.75,26.75,26.25,26.25,25.5,26.5
14.0
26.5,26.75,27.0,26.75,27.0,26.5,26.5,26.5,26.5,26.5,26.5,26.75,26.75,26.25,26.75,26.5,27.0,26.5,26.25,26.25,27.0,26.5,26.5,26.75,26.25,26.5,26.5,26.5,26.5,26.75,26.5,26.5,26.75,26.25,26.5,26.25,26.75,26.0,26.25,26.5,27.0,26.75,26.75,27.0,25.75,26.5,26.5,26.25,26.5,26.5,26.0,26.5,26.75,26.5,26.25,25.75,26.0,26.25,26.25,26.25,26.5,26.0,25.75,26.5
15.0
26.75,27.5,27.0,26.75,27.25,26.75,27.25,26.75,26.5,26.75,26.75,27.25,27.25,26.5,26.5,26.5,26.75,26.75,27.0,26.25,27.0,26.75,26.5,27.25,26.5,27.0,27.0,26.25,26.75,26.5,26.25,26.75,27.25,27.0,26.75,26.75,26.5,27.25,27.25,26.75,27.0,27.0,27.0,26.75,26.5,26.5,26.75,26.0,26.75,27.0,26.25,26.5,27.0,26.75,26.0,26.75,26.5,26.5,26.5,26.5,26.0,26.0,26.25,26.75
16.0
27.0,26.75,27.0,26.75,26.5,26.75,27.25,27.0,27.0,26.5,26.75,27.0,27.5,26.75,27.0,26.5,27.25,26.5,27.0,26.5,27.0,27.0,26.75,26.75,26.25,26.75,26.75,26.5,26.75,26.5,26.5,27.0,27.25,26.75,26.5,26.75,26.75,27.0,26.5,27.25,27.25,27.25,27.25,26.75,26.75,26.5,26.5,26.25,26.25,27.0,26.75,26.25,26.75,26.5,26.0,26.0,27.0,26.0,26.5,26.5,26.5,26.25,26.0,26.5
17.0
26.5,27.0,27.5,26.75,26.75,27.25,27.25,27.0,26.75,27.0,26.25,27.0,27.0,26.75,26.75,26.25,27.5,27.0,26.5,26.75,26.75,27.25,26.5,26.0,26.5,27.25,26.75,26.5,26.25,26.5,26.5,26.75,27.0,27.0,26.25,26.25,26.75,26.75,27.0,26.75,26.75,27.25,27.25,27.0,26.25,26.75,26.25,26.25,26.5,27.0,26.25,26.25,26.5,26.5,26.25,26.25,26.0,26.25,26.25,26.0,26.0,25.5,25.25,26.75
18.0
26.75,26.75,27.0,27.0,26.5,26.75,27.0,27.75,26.5,27.25,26.75,27.0,27.0,26.75,26.25,26.75,27.0,27.0,27.0,26.25,27.0,27.0,26.75,26.75,26.25,27.0,27.0,26.75,27.0,27.0,26.75,26.75,26.75,26.75,26.75,26.5,27.0,27.0,26.75,26.5,26.5,26.5,27.0,27.0,26.0,26.75,26.25,26.25,26.75,26.75,26.5,26.5,26.5,26.25,26.0,26.25,26.5,26.75,26.25,26.5,26.25,26.25,25.75,26.75
19.0
26.5,27.0,26.5,26.25,26.5,26.5,27.0,26.5,26.25,26.5,26.5,26.5,26.75,26.75,26.5,26.5,27.0,26.75,26.75,26.25,26.25,27.0,26.5,26.5,26.75,26.75,26.5,26.5,26.75,26.25,26.5,26.5,27.0,26.25,26.5,26.25,26.5,26.75,26.75,26.5,26.75,26.5,27.0,26.5,26.75,26.25,26.5,26.0,26.25,26.75,26.5,26.5,26.25,26.25,25.75,26.25,26.5,26.0,26.0,26.25,26.0,26.25,25.75,26.25
20.0
26.5,27.25,27.0,26.75,26.75,26.75,27.5,26.75,27.0,27.0,26.75,26.5,27.0,26.75,27.0,26.75,27.0,26.75,26.75,26.5,26.75,26.75,26.75,26.5,26.75,26.75,26.75,26.5,26.75,26.5,26.75,27.25,27.0,27.0,26.5,26.75,26.5,27.0,26.5,27.0,27.0,27.0,27.0,26.75,26.25,26.75,26.25,26.25,26.75,26.75,26.5,26.75,27.0,26.75,26.25,27.0,26.75,26.5,26.5,27.0,26.25,26.25,26.25,26.5
21.0
26.5,27.5,26.75,26.5,26.5,26.5,27.0,26.75,26.75,26.75,26.5,26.5,26.75,26.5,26.75,26.5,26.75,26.25,26.5,26.0,26.5,26.25,26.75,26.5,26.25,26.0,26.75,26.25,26.75,26.0,26.25,26.5,27.0,26.5,26.5,26.25,27.0,27.0,26.25,26.5,26.5,26.75,27.0,27.0,26.25,26.5,26.5,25.5,26.0,26.5,26.5,26.0,26.5,26.5,25.5,26.0,26.75,26.0,26.75,26.0,26.25,25.75,25.75,26.25
22.0
27.0,27.0,27.25,26.75,27.0,26.75,27.0,27.25,26.75,26.75,26.75,27.0,27.0,26.75,26.75,27.0,27.0,26.75,26.75,26.5,27.0,26.5,26.25,26.25,26.5,26.75,26.5,26.5,26.5,26.75,27.0,26.75,27.0,26.5,26.75,26.5,26.75,26.75,26.75,26.75,27.0,27.0,27.0,27.25,26.75,26.75,26.75,26.0,27.25,26.5,26.25,26.5,26.25,26.25,26.0,26.25,26.5,26.75,26.75,26.5,26.5,26.25,26.25,26.75
23.0
26.25,26.75,27.0,26.25,26.75,26.5,27.0,27.25,26.5,27.0,27.0,26.75,26.75,26.0,26.75,26.5,27.0,26.75,26.75,26.25,26.75,26.25,26.75,26.25,26.25,26.75,26.5,26.25,26.5,26.25,26.5,26.75,26.75,27.0,27.25,26.5,26.75,26.25,26.75,26.5,27.0,26.75,26.75,27.0,26.5,26.75,26.5,26.0,26.25,27.0,26.75,26.25,26.25,26.5,26.25,26.5,26.75,26.5,26.5,26.25,26.25,26.25,26.0,26.0
24.0
27.0,27.0,27.25,26.5,26.75,27.0,27.25,27.25,27.0,26.75,26.75,26.5,27.25,26.25,26.5,26.5,27.25,26.75,27.25,26.5,27.0,26.5,26.5,26.5,26.25,27.0,26.75,26.25,26.75,26.75,26.5,26.5,27.0,27.0,26.75,26.25,27.0,26.5,26.75,26.5,27.0,27.0,27.0,26.75,26.25,27.0,26.25,26.25,26.5,26.75,26.0,26.25,26.75,26.25,26.25,26.0,27.0,26.5,26.75,26.25,26.25,26.25,25.5,26.25
25.0
26.5,26.5,26.5,26.5,26.25,26.75,26.75,27.0,26.5,26.5,27.0,27.0,26.75,26.75,26.5,26.25,26.75,26.5,26.75,26.5,26.5,27.0,26.75,26.25,26.25,27.0,26.75,26.75,27.0,26.25,26.5,26.5,26.75,26.5,26.75,26.5,27.0,27.0,26.5,26.75,27.0,26.5,27.0,26.5,26.5,26.75,26.25,26.25,26.5,26.5,26.75,26.75,27.0,26.5,26.25,26.5,27.0,26.5,26.5,26.75,26.75,26.0,26.0,26.5
26.0
26.5,26.75,26.75,26.5,26.75,26.75,27.0,27.25,27.0,26.5,26.5,26.75,27.25,26.25,26.25,26.5,26.5,27.0,26.5,26.5,26.75,27.0,26.75,26.75,26.75,26.75,26.5,26.25,26.25,26.25,26.25,26.25,26.75,26.75,26.5,26.25,26.25,26.5,26.5,26.5,27.0,26.25,27.0,26.5,26.5,26.25,26.25,26.25,26.75,26.75,26.25,26.25,26.25,26.5,25.75,26.0,26.0,26.0,26.0,26.0,26.25,26.25,25.75,26.25
27.0
26.5,27.25,26.75,26.75,26.75,26.75,27.25,26.75,26.75,26.75,27.0,26.75,27.0,26.5,26.75,26.75,27.25,27.0,26.5,26.5,27.0,26.75,26.25,26.5,26.5,27.0,26.5,26.5,26.5,26.25,26.5,27.0,27.25,26.75,26.5,26.5,26.5,26.75,26.5,26.5,26.5,26.5,27.25,26.75,26.5,26.75,26.5,26.25,26.75,27.0,26.5,26.25,26.5,26.75,26.0,26.25,26.25,26.5,26.75,26.75,26.25,26.0,26.25,26.5
28.0
27.0,27.25,27.0,26.25,26.75,26.5,27.25,27.25,27.25,26.75,26.75,26.75,26.5,26.75,26.5,26.75,26.75,26.75,26.5,26.25,26.5,26.75,26.75,26.5,26.25,26.75,26.5,26.5,26.75,26.5,26.75,26.25,27.0,26.75,26.75,27.0,26.25,26.75,26.25,26.75,27.0,26.75,27.0,27.0,26.25,26.75,26.25,26.0,27.0,26.25,26.5,26.25,26.75,26.5,26.25,26.0,27.0,26.0,26.25,26.5,26.5,25.75,25.75,27.0
29.0
26.75,27.0,26.75,26.25,26.5,26.5,27.0,27.75,26.5,26.75,27.25,26.5,26.75,27.0,26.5,26.0,26.75,26.5,26.75,26.25,26.75,26.75,26.5,26.0,26.5,27.0,26.75,26.25,26.5,26.5,26.75,26.25,26.5,26.5,26.75,26.5,26.5,26.75,26.25,26.75,27.0,26.5,27.0,26.75,26.25,26.5,26.25,26.25,27.0,26.75,26.5,26.0,26.5,26.75,26.5,26.25,26.0,26.0,26.5,26.75,26.25,26.0,26.0,26.25
30.0
26.25,27.0,27.0,26.75,26.75,26.25,27.0,27.5,26.75,26.75,26.75,26.75,27.0,26.5,26.5,26.25,27.25,26.75,27.0,26.75,26.75,26.75,26.5,26.25,26.75,26.5,26.5,26.5,26.5,26.75,26.75,26.5,27.25,26.75,26.5,26.5,26.75,27.25,26.75,26.75,27.0,26.75,27.25,27.0,26.5,26.75,26.5,26.5,26.75,26.75,26.0,26.5,26.75,26.25,26.0,26.25,26.5,26.5,26.25,26.0,26.25,25.75,26.0,26.25
31.0
26.75,27.0,27.25,26.5,26.75,26.5,27.0,27.0,26.0,26.75,26.75,27.0,26.75,26.5,26.25,26.75,26.75,26.0,26.5,26.5,26.5,26.5,26.5,26.0,26.0,26.5,26.5,26.75,26.5,26.0,26.5,26.75,27.0,26.5,26.5,26.5,26.75,26.5,26.25,26.25,26.75,26.25,27.0,27.0,26.25,25.75,26.25,26.0,26.25,26.75,26.5,26.75,26.75,26.5,26.5,26.0,27.0,25.75,26.5,26.5,26.25,26.25,26.25,25.75
32.0
26.5,26.5,26.5,26.25,26.75,26.75,27.25,26.75,26.75,27.0,26.75,26.75,26.75,26.0,26.0,26.5,27.0,26.75,26.75,26.75,26.5,27.25,26.75,26.75,26.25,26.75,26.75,26.25,26.5,26.5,26.25,26.75,27.25,27.0,26.5,26.5,26.75,26.75,26.5,27.25,26.75,27.0,26.5,26.75,26.5,26.75,26.0,26.25,26.5,26.75,26.5,26.75,26.0,26.25,25.75,26.0,26.25,26.5,26.25,26.25,26.25,26.0,26.0,26.25
33.0
26.5,27.0,26.75,26.25,26.25,26.75,27.0,27.25,26.5,26.25,26.5,26.25,26.5,26.5,26.0,26.0,27.0,26.75,26.5,26.25,26.25,26.75,26.25,26.25,26.25,26.5,26.0,26.25,26.25,25.75,26.25,26.25,26.25,26.0,26.25,26.25,26.25,26.25,26.25,26.5,26.75,26.0,27.0,26.5,26.25,26.5,26.0,26.0,26.25,26.75,26.25,26.25,26.0,26.25,25.25,26.0,26.0,25.75,25.75,26.25,26.0,25.75,25.75,25.75
34.0
26.75,26.75,27.0,26.25,26.75,26.5,27.0,26.75,26.75,26.5,26.75,26.75,26.75,26.75,26.5,26.0,26.75,26.5,26.75,26.75,26.75,26.75,26.5,26.25,26.5,26.75,26.5,26.5,27.0,26.5,26.25,26.5,26.75,26.5,26.75,26.5,26.75,26.75,26.25,27.0,27.0,26.5,26.75,27.0,26.25,26.75,26.25,26.0,26.75,26.75,26.5,26.25,26.25,26.5,26.0,26.75,26.5,26.5,26.5,26.0,26.25,26.0,26.25,26.25
35.0
26.5,27.25,27.25,26.5,27.0,27.0,27.5,27.0,27.25,26.75,26.5,26.5,27.0,26.25,26.75,26.5,27.0,26.75,26.5,26.75,26.75,26.5,26.75,26.5,26.5,27.0,26.5,26.5,26.5,26.5,26.75,27.0,27.0,26.5,26.75,26.5,26.75,26.75,26.5,26.25,27.25,26.75,27.0,26.75,26.5,26.5,26.5,25.75,27.25,26.75,26.5,26.5,26.5,26.75,26.25,26.5,26.25,25.75,26.25,26.25,26.0,26.0,26.25,26.25
36.0
26.5,27.0,26.5,26.5,26.5,26.5,27.0,26.5,26.25,26.75,26.75,26.5,26.75,26.25,26.25,26.25,26.75,26.75,26.5,26.25,26.75,26.75,26.5,26.5,26.75,27.0,26.75,26.25,26.25,26.25,27.0,26.5,27.0,26.25,26.75,26.5,26.25,26.5,26.5,26.5,27.0,26.5,26.75,27.0,26.25,26.5,26.0,26.0,26.5,26.5,26.25,26.5,26.5,26.5,26.0,26.0,26.5,26.0,26.5,26.25,26.5,26.25,25.5,26.5
37.0
26.25,27.0,26.75,26.5,26.75,26.5,27.25,27.0,27.0,27.0,26.5,27.0,27.0,26.5,26.25,26.75,27.0,26.75,26.75,26.25,26.75,26.75,26.5,25.75,26.5,26.75,26.5,26.5,26.25,26.25,26.5,26.5,26.75,26.5,26.75,26.5,26.25,27.0,26.0,26.5,27.0,26.75,26.75,26.5,26.75,26.75,25.75,26.0,26.25,27.25,26.5,26.5,26.75,26.75,26.0,26.5,26.0,26.0,25.75,26.5,26.25,26.0,25.75,26.5
38.0
26.5,26.75,27.25,26.25,26.5,26.0,26.25,27.25,26.5,26.25,26.25,26.5,26.5,26.25,26.25,26.5,26.5,26.25,26.25,26.25,26.5,26.5,26.25,26.25,26.75,26.5,26.0,26.25,26.25,26.0,26.0,26.5,26.75,26.25,26.75,26.0,26.25,27.0,26.25,26.5,26.75,26.5,26.75,26.5,26.5,26.5,26.0,26.0,26.25,26.25,26.0,26.5,26.25,26.25,26.0,26.25,26.5,25.75,26.25,26.5,26.25,25.75,25.5,26.25
39.0
26.5,27.25,26.75,26.75,26.75,26.75,27.0,26.75,27.25,26.75,26.5,26.25,26.5,26.75,26.5,26.0,27.0,26.5,26.75,26.0,26.5,26.75,26.75,26.5,26.25,26.5,26.0,26.5,26.5,26.5,26.25,27.0,26.75,26.5,26.5,26.25,26.5,26.75,26.75,26.5,26.25,26.25,27.0,26.75,26.25,26.25,26.0,25.75,26.5,27.0,26.0,26.25,26.25,26.25,26.5,26.0,26.75,26.5,26.5,26.25,26.25,26.0,26.0,26.5
40.0
26.5,26.75,26.75,26.5,26.75,26.5,26.75,27.0,26.75,27.25,26.75,26.0,26.75,26.25,26.25,26.75,26.75,26.5,26.5,26.25,26.25,26.5,26.5,26.0,26.25,26.75,26.5,26.0,26.25,26.0,26.5,26.25,27.0,26.25,26.5,26.5,26.75,26.5,26.5,26.75,26.5,27.0,26.75,26.75,26.5,26.5,26.25,25.75,26.5,26.5,26.0,26.25,26.5,26.5,25.75,26.0,26.25,26.25,26.5,26.25,26.25,26.25,26.0,25.75
41.0
26.5,26.5,26.75,26.5,26.25,26.5,27.25,26.75,26.25,26.75,26.25,26.5,26.75,26.5,26.25,26.25,26.5,27.0,26.75,26.25,27.0,26.75,26.5,26.75,26.5,26.5,26.25,26.0,26.0,26.5,26.25,26.25,27.25,26.5,26.25,26.25,26.5,26.25,26.0,26.5,26.75,27.0,26.75,26.5,26.25,26.75,26.25,26.0,26.5,26.75,26.0,26.25,26.5,26.25,26.25,26.25,26.25,26.75,26.5,26.0,26.25,26.0,26.0,26.5
42.0
26.5,26.5,26.75,26.25,26.75,26.5,27.5,26.75,27.0,26.5,26.5,26.5,26.5,26.25,26.5,26.5,26.5,26.25,26.75,26.5,26.25,26.25,26.5,26.0,26.25,26.75,26.5,26.5,26.5,26.25,26.25,26.75,26.25,26.5,26.5,26.5,26.75,26.5,26.75,26.25,27.0,26.5,26.75,27.0,26.5,26.0,26.0,26.25,26.5,27.0,26.25,26.25,26.5,26.75,26.0,26.25,26.25,26.25,26.25,26.25,26.5,26.0,25.5,26.25
43.0
26.25,26.75,26.75,26.25,26.75,26.25,26.75,27.0,26.75,26.5,26.25,26.75,27.0,26.25,26.75,26.75,26.75,26.5,26.75,26.25,26.5,26.5,26.5,26.25,26.5,26.25,26.5,26.5,26.0,26.0,26.25,26.5,26.75,26.5,26.75,26.25,26.5,26.5,26.5,26.5,26.75,26.25,26.75,26.5,26.25,26.5,26.0,26.0,26.5,26.75,25.75,26.0,26.5,26.0,26.0,26.0,26.0,26.25,26.5,26.25,25.75,25.75,26.0,26.5
44.0
26.25,26.5,26.75,26.5,26.5,26.75,26.75,26.75,26.25,26.25,26.75,26.5,26.75,26.0,26.5,26.25,27.0,26.75,26.5,26.5,26.25,27.0,26.25,26.0,25.75,26.25,26.25,26.25,26.25,26.0,26.5,26.0,26.75,26.0,26.75,26.25,26.75,26.0,26.25,26.25,26.75,26.5,26.75,26.75,26.0,26.25,25.75,26.0,26.5,26.0,26.5,26.0,26.25,25.75,25.75,26.0,26.0,26.25,25.5,26.0,26.0,26.25,26.0,26.25
45.0
26.5,26.75,26.75,26.25,26.5,26.5,27.0,27.0,26.75,26.25,26.75,26.5,27.0,26.25,26.25,26.5,26.75,26.5,26.5,26.25,26.25,26.75,26.5,26.5,26.25,26.75,26.5,26.25,26.75,26.0,26.25,26.25,27.25,26.5,26.5,26.5,26.75,26.5,26.25,27.0,26.5,26.5,27.0,26.75,26.0,26.25,26.25,25.75,26.25,26.25,26.25,26.0,26.25,26.0,26.0,26.5,26.25,26.5,26.0,26.5,25.75,25.75,26.25,26.5
46.0
26.5,27.25,27.0,26.0,26.5,26.5,26.75,26.75,26.75,26.5,26.5,26.5,26.75,26.25,26.25,26.0,26.75,26.5,26.5,26.25,26.5,26.5,26.25,26.25,26.25,26.5,26.25,26.25,26.5,26.25,26.25,26.25,26.75,26.5,26.5,26.25,26.25,26.5,26.5,26.75,26.75,26.25,26.75,26.5,26.25,26.25,26.0,26.0,26.25,26.5,26.0,26.5,26.5,26.0,25.75,26.25,26.5,26.5,26.25,26.25,26.0,26.0,26.0,26.75
47.0
26.75,27.0,27.0,26.5,26.75,26.5,27.5,27.0,26.75,26.75,26.5,26.75,26.75,26.25,26.5,26.5,27.0,26.25,26.75,26.25,26.25,26.0,26.25,25.75,26.25,26.75,26.75,26.0,26.5,26.25,26.25,26.5,27.25,26.5,26.5,26.5,26.5,26.25,26.5,26.25,26.25,26.75,26.75,26.75,26.25,26.5,26.25,26.0,26.25,26.5,26.5,26.5,26.5,26.25,26.0,26.25,25.75,26.5,26.25,26.0,26.25,26.5,26.0,26.75
48.0
26.75,27.0,27.0,26.5,26.75,26.5,27.5,27.0,26.75,26.75,26.5,26.75,26.75,26.25,26.5,26.5,27.0,26.25,26.75,26.25,26.25,26.0,26.25,25.75,26.25,26.75,26.75,26.0,26.5,26.25,26.25,26.5,27.25,26.5,26.5,26.5,26.5,26.25,26.5,26.25,26.25,26.75,26.75,26.75,26.25,26.5,26.25,26.0,26.25,26.5,26.5,26.5,26.5,26.25,26.0,26.25,25.75,26.5,26.25,26.0,26.25,26.5,26.0,26.75
49.0
26.5,27.0,26.5,26.5,26.0,26.5,27.0,26.75,26.5,26.75,26.75,27.0,26.75,26.0,26.5,26.25,26.75,26.25,26.5,26.25,26.5,26.5,26.25,26.75,26.0,26.75,26.75,26.25,26.0,26.0,26.5,26.0,26.5,26.5,26.75,26.25,26.5,26.75,26.5,26.25,26.75,26.5,27.0,26.25,26.5,26.25,26.25,25.75,26.75,26.5,26.0,26.25,26.5,26.5,26.25,26.0,26.0,26.0,26.5,25.75,26.25,26.25,25.5,26.25
50.0
26.0,26.75,26.75,26.25,26.25,26.5,27.0,26.5,26.0,26.5,26.0,26.0,26.5,26.0,25.75,26.25,26.75,26.25,26.5,26.25,26.5,26.5,26.25,26.25,26.25,26.0,26.25,26.0,26.5,26.25,26.25,26.25,26.5,26.25,26.0,26.0,26.25,26.25,26.75,26.0,26.25,26.5,26.75,26.5,26.0,26.5,25.5,25.5,26.5,26.5,26.5,25.75,26.75,26.25,25.75,25.75,26.0,25.75,25.75,26.25,26.25,25.5,25.75,26.25
51.0
26.0,26.5,26.25,26.25,26.5,26.75,27.0,26.5,26.25,26.5,26.5,26.25,26.25,26.25,26.5,27.0,26.5,26.0,26.0,26.25,26.25,26.0,26.5,26.25,26.5,26.25,26.0,26.25,25.5,26.25,26.25,26.0,27.0,26.5,26.5,26.0,26.25,26.25,26.25,26.25,26.25,26.75,26.75,26.75,26.25,26.5,26.25,25.75,26.25,26.5,26.25,26.0,26.0,25.75,25.75,26.0,26.25,25.75,25.75,25.75,26.0,26.0,25.5,26.0
52.0
26.25,26.75,26.75,26.5,26.25,26.5,27.0,27.0,26.75,26.75,26.5,26.5,27.25,26.25,26.25,26.25,26.75,26.25,26.5,26.25,26.25,26.75,26.5,26.25,26.25,26.75,26.25,26.25,26.0,26.25,26.25,26.5,26.5,26.75,26.5,26.5,26.25,26.5,26.5,26.75,26.75,26.5,26.75,26.5,26.5,26.5,26.0,26.0,26.0,26.75,26.5,26.5,26.25,26.25,26.0,26.5,26.0,26.25,26.5,26.0,26.25,26.0,26.25,26.5
53.0
26.25,27.0,26.75,26.25,26.5,26.25,27.25,26.5,26.5,26.75,26.25,26.5,26.5,26.25,26.5,26.5,26.75,26.75,26.75,26.25,26.0,26.75,26.5,26.5,26.0,26.5,26.75,26.5,26.5,26.0,26.5,26.5,27.0,26.5,26.5,26.75,26.5,26.5,26.0,26.25,26.5,26.5,27.0,26.5,26.5,26.25,26.25,26.0,26.75,26.75,26.0,25.5,26.25,26.25,26.0,25.75,26.25,26.25,26.0,26.25,26.0,25.75,26.25,27.0
54.0
26.25,26.75,27.25,26.75,26.75,26.5,27.0,26.5,26.25,26.25,26.5,26.5,26.5,26.5,26.5,26.5,27.0,26.5,26.75,26.25,26.25,27.0,26.75,26.5,26.25,26.75,26.5,26.25,26.25,26.25,26.5,26.5,26.5,26.75,26.5,26.75,26.25,26.5,26.5,26.5,26.75,26.5,26.75,26.75,26.0,26.25,26.0,26.0,26.25,26.5,26.25,26.0,26.0,26.75,25.75,26.0,26.5,26.0,26.75,26.0,25.75,26.0,25.5,27.0
55.0
26.75,26.75,26.75,26.25,27.0,26.25,27.25,26.75,26.25,26.25,26.5,26.5,26.75,26.25,26.25,26.25,26.5,26.5,26.5,26.5,26.5,27.0,26.5,26.5,26.0,26.75,26.25,26.25,26.25,26.25,26.0,26.75,26.75,26.5,26.25,26.25,26.75,26.5,26.5,26.75,27.25,26.75,26.75,26.5,26.25,26.25,26.25,25.75,26.75,27.0,25.75,26.0,26.5,26.25,26.25,25.75,26.25,26.25,26.0,26.25,26.25,25.75,25.75,26.0
56.0
26.5,26.75,26.5,25.75,26.5,26.25,27.5,26.75,26.5,26.25,26.25,26.25,27.0,26.25,26.5,26.25,26.25,26.0,26.0,26.25,26.25,26.25,26.25,26.5,26.25,26.5,26.25,26.25,26.0,26.25,26.5,26.5,26.75,26.0,26.5,26.0,26.5,26.0,26.5,26.5,26.5,26.5,26.75,27.0,26.5,26.25,26.0,26.0,26.5,26.5,26.0,26.0,26.25,26.0,25.5,25.75,26.0,26.5,26.0,26.25,26.5,25.5,25.5,26.25
57.0
26.25,26.75,26.75,26.75,27.0,26.25,27.25,26.5,26.75,26.75,26.5,26.5,27.0,26.75,26.25,26.75,26.75,26.5,26.75,26.25,26.75,26.5,26.5,27.0,26.5,26.25,26.5,26.25,26.5,26.25,26.25,26.5,26.75,26.25,26.25,26.75,26.5,27.0,26.75,27.0,27.25,26.5,26.75,26.5,26.0,26.5,26.25,26.25,26.5,26.5,26.25,26.25,26.5,26.25,26.0,26.0,25.75,26.25,25.75,26.25,25.75,26.0,25.5,26.5
58.0
26.5,26.5,27.0,26.5,27.0,26.25,27.25,27.25,26.75,26.25,26.25,26.5,26.75,26.25,26.0,26.75,26.75,27.0,27.0,26.5,26.5,26.5,26.5,26.25,26.5,26.25,26.5,26.25,26.25,26.0,26.75,26.75,27.0,26.5,26.25,26.5,26.75,26.0,26.5,26.75,26.25,26.75,26.75,26.75,26.25,26.5,26.25,26.0,26.25,26.0,25.75,26.0,26.5,26.0,26.0,26.25,26.25,26.0,26.25,26.5,26.25,26.0,25.75,26.25
59.0
26.25,26.5,27.0,26.0,26.75,26.75,27.0,27.25,26.75,26.25,26.5,26.75,27.0,26.5,26.25,26.5,27.25,26.75,26.75,26.5,26.25,26.75,26.5,26.25,26.5,26.5,26.5,26.25,26.75,26.25,26.25,26.5,26.5,26.5,26.5,26.25,26.75,26.75,26.25,26.5,26.5,26.75,27.0,27.25,26.25,26.75,26.0,26.0,26.5,26.75,26.0,26.25,26.75,26.25,26.0,25.75,26.5,26.25,26.25,26.25,26.25,26.0,25.75,26.25
60.0
26.5,27.0,26.75,26.25,26.0,26.5,26.75,27.0,26.75,27.0,26.5,26.5,26.75,26.25,26.5,26.5,26.75,27.0,26.75,26.25,27.0,26.5,26.5,26.5,26.75,26.75,26.25,26.25,26.75,26.25,26.25,26.25,27.0,26.75,26.75,26.25,27.0,26.75,26.25,26.0,26.5,26.75,26.75,26.75,26.25,26.75,26.25,26.0,26.0,26.75,26.0,26.25,26.5,26.5,26.25,26.0,26.25,26.75,26.5,26.25,26.25,25.75,25.75,26.5
