1.0
26.5,27.0,26.75,26.25,26.75,26.5,27.25,27.25,26.5,26.75,26.25,26.5,26.75,26.5,26.75,26.5,26.75,26.75,26.5,26.25,26.5,26.5,26.5,26.25,26.5,26.75,26.75,26.5,27.0,26.25,26.75,26.5,26.5,27.0,27.0,26.25,26.25,26.5,26.25,26.5,27.5,27.0,27.25,27.0,26.5,26.5,26.25,26.0,26.75,26.75,26.5,26.75,26.5,26.0,26.25,26.25,26.25,26.5,26.5,27.0,26.0,26.0,26.0,26.25
2.0
26.5,27.0,26.75,26.75,27.0,26.75,26.75,27.0,27.0,26.75,26.75,26.75,27.5,26.5,26.5,26.5,27.25,26.75,26.75,26.5,26.5,26.25,26.75,26.25,26.75,26.75,27.0,26.75,26.75,26.25,26.75,26.75,26.75,26.75,26.75,26.75,26.25,26.75,26.75,26.75,27.0,27.25,27.25,26.75,26.5,26.75,26.25,25.75,26.5,27.0,26.25,26.75,26.5,26.5,26.0,27.0,26.75,26.5,26.5,26.25,26.5,26.5,26.0,26.5
3.0
27.0,27.0,27.0,26.5,26.75,26.5,27.25,27.25,27.0,27.0,27.0,26.25,26.75,26.5,26.75,26.25,26.75,26.75,26.5,26.5,26.5,26.75,26.75,26.5,26.75,27.25,26.75,26.5,26.5,26.25,26.5,26.75,27.0,27.0,26.75,26.75,26.75,26.75,26.5,26.5,26.75,27.25,27.25,26.75,26.25,26.25,25.75,26.5,26.5,27.0,26.5,26.5,26.5,26.5,26.25,26.75,26.75,26.25,26.5,26.75,26.5,26.0,25.5,27.0
4.0
25.75,26.25,26.75,26.25,26.25,26.25,27.0,27.0,26.25,26.0,26.0,26.5,26.5,26.25,26.5,26.25,26.25,27.0,26.75,26.25,26.5,26.75,26.5,26.5,26.0,26.75,26.25,26.25,26.5,26.25,26.0,26.5,26.5,26.75,26.75,26.25,26.5,26.25,26.0,26.75,26.75,26.75,27.0,26.75,26.25,26.75,26.0,25.75,26.25,26.5,26.25,26.25,26.25,26.5,26.0,25.75,26.0,26.5,26.0,26.5,26.25,26.0,25.75,27.25
5.0
26.0,26.5,26.75,26.5,26.25,26.5,27.0,27.25,26.5,26.5,26.5,26.5,27.0,26.75,26.25,26.5,27.0,26.25,26.75,26.5,27.0,26.25,26.5,26.0,26.5,27.0,26.5,26.25,26.75,26.5,26.25,26.5,27.25,27.0,26.75,26.5,26.75,26.5,26.5,27.0,27.0,27.25,27.5,26.5,26.5,26.25,26.0,26.0,26.5,27.25,26.75,26.0,26.25,26.5,26.25,26.25,26.75,26.5,26.5,26.25,26.5,26.25,26.0,26.75
6.0
26.75,27.0,27.0,26.0,26.75,26.25,27.25,27.25,26.5,26.5,26.5,26.75,27.0,26.75,26.5,26.5,27.0,26.25,26.5,26.5,26.5,26.5,26.5,26.25,26.25,26.75,26.5,26.5,26.5,26.0,26.5,26.75,26.75,27.25,27.0,26.5,26.25,26.25,26.5,26.25,27.25,27.0,27.25,26.75,26.25,26.25,26.0,26.0,26.75,26.75,26.5,26.25,26.5,26.0,26.0,26.25,26.0,26.75,26.5,26.25,26.5,26.25,26.25,26.75
7.0
26.75,27.0,26.75,26.5,26.75,26.75,27.25,26.75,26.5,26.75,26.75,26.75,27.0,26.25,26.5,26.5,27.25,26.75,27.0,26.75,27.0,27.0,26.75,27.0,26.75,26.75,26.5,26.5,26.25,26.25,26.25,26.75,27.0,27.0,27.25,26.75,26.75,26.75,26.25,27.0,27.0,27.25,26.75,27.0,26.5,26.5,26.5,26.0,26.75,27.0,26.25,26.5,26.5,26.5,26.25,26.25,26.75,26.0,26.5,27.0,26.5,26.0,26.0,26.5
8.0
26.75,26.75,26.75,26.0,26.5,26.25,27.25,26.5,27.25,26.5,26.5,26.75,26.75,26.25,26.75,27.0,26.25,26.25,26.5,26.25,26.5,26.75,26.75,26.0,26.0,26.75,26.25,26.25,26.5,26.25,26.5,26.5,27.0,27.5,26.5,26.5,26.25,26.75,26.75,26.75,27.0,26.75,27.25,27.0,26.25,26.75,25.75,26.0,26.75,27.0,26.25,26.75,26.5,26.0,26.0,26.5,26.0,26.5,25.75,26.5,26.25,26.5,25.75,26.5
9.0
26.5,27.0,26.5,26.25,26.75,26.5,26.75,27.0,26.25,26.5,26.75,26.25,26.75,26.25,26.25,26.5,26.5,26.25,26.5,26.5,26.75,26.25,26.5,26.25,26.0,26.5,26.5,26.5,26.25,26.5,26.5,26.75,26.25,27.0,26.75,26.75,26.75,26.25,26.25,26.25,27.25,27.25,27.0,26.5,26.75,26.5,26.0,26.25,27.0,26.75,26.25,26.25,26.5,26.25,26.0,26.0,26.5,26.25,26.0,26.5,26.5,26.0,26.25,26.5
10.0
26.5,27.0,26.75,26.75,26.5,26.25,27.0,27.0,26.75,26.5,26.25,26.25,26.75,26.25,26.0,26.25,27.0,26.25,26.5,26.25,26.75,26.75,26.25,26.75,26.75,27.0,26.25,26.5,26.5,26.5,26.25,26.5,26.75,27.25,27.0,26.25,27.0,27.0,26.5,26.5,27.0,27.0,27.0,26.75,26.5,26.75,26.0,26.0,26.75,26.75,26.5,26.0,26.75,26.5,26.0,26.25,26.75,26.25,26.5,26.5,26.5,26.25,26.0,27.0
11.0
26.25,27.0,26.5,26.5,26.75,27.0,26.5,26.75,26.25,26.25,26.25,26.5,26.25,26.5,26.75,26.25,27.25,26.5,26.5,26.25,26.5,26.25,26.5,26.0,26.25,26.5,26.0,26.75,26.5,26.0,26.5,26.5,27.0,27.0,26.75,26.25,26.75,27.0,26.25,26.5,26.75,27.25,27.0,26.75,26.5,26.5,26.25,25.75,26.75,27.0,26.25,26.0,26.25,26.75,25.75,26.25,25.75,26.0,26.25,26.0,26.25,26.0,25.75,26.25
12.0
26.25,26.5,27.25,26.5,27.0,26.75,26.5,27.25,26.5,27.0,26.5,26.75,26.75,26.25,26.75,26.5,27.0,26.75,26.75,26.75,27.0,26.75,26.75,26.5,26.75,26.75,27.0,26.0,26.25,26.5,26.5,26.5,27.25,27.25,27.0,26.5,26.5,27.0,26.25,26.75,26.5,26.75,27.25,27.25,26.5,26.75,26.25,26.25,27.0,26.75,26.5,26.25,26.75,26.5,26.0,26.25,26.75,26.5,26.25,26.5,26.5,26.25,25.75,26.75
13.0
26.0,26.75,26.75,26.5,26.75,26.75,27.0,27.25,26.0,26.75,26.75,26.5,26.75,26.25,26.5,26.25,26.5,27.0,26.5,26.5,26.5,26.75,26.5,26.25,26.75,26.75,26.25,26.25,26.25,26.5,26.75,26.75,27.0,27.0,26.5,26.5,26.25,26.5,26.5,26.5,27.0,27.0,27.25,27.0,26.75,26.75,26.0,26.0,27.0,26.75,26.25,26.25,26.25,26.5,26.0,26.25,26.5,25.75,26.25,26.75,26.5,26.0,26.0,26.75
14.0
26.5,26.75,26.75,26.75,26.5,26.5,26.75,27.75,26.75,26.5,26.5,26.5,26.5,26.25,26.5,26.25,27.0,26.75,26.75,26.5,26.5,26.5,26.25,26.25,26.25,27.0,26.5,26.5,26.5,26.25,26.5,26.5,26.75,27.0,27.0,26.5,26.5,26.5,26.5,26.25,27.5,26.75,27.25,26.75,26.5,26.75,27.0,25.75,26.5,27.0,26.5,26.25,26.75,26.0,26.25,26.25,26.25,26.25,26.25,26.0,26.25,26.25,26.25,26.5
15.0
26.75,26.75,26.75,26.25,27.0,26.5,27.0,26.5,26.75,26.5,26.75,26.25,26.5,26.25,26.25,26.5,26.5,26.5,26.25,26.75,26.75,26.5,26.75,25.75,26.25,26.5,26.25,26.5,26.0,26.25,26.5,26.75,27.0,27.0,26.5,26.5,26.75,26.75,26.75,26.5,27.25,27.25,27.0,27.0,26.75,26.5,26.5,25.75,27.0,26.75,26.25,26.25,26.5,26.0,25.75,26.25,26.25,26.25,26.25,27.0,26.25,26.0,25.75,26.75
16.0
25.75,26.5,26.5,26.5,26.25,26.25,26.75,26.75,26.25,26.5,26.5,26.5,26.5,26.25,26.5,26.5,26.5,26.5,26.5,26.25,26.5,26.75,26.5,26.0,26.25,26.75,26.25,26.25,26.0,26.25,26.5,26.75,26.75,27.0,26.25,26.5,26.75,26.5,26.25,26.75,27.0,26.5,27.0,26.5,26.5,26.25,26.0,25.5,27.0,26.25,25.75,26.25,26.25,26.25,26.0,26.5,26.25,26.0,26.0,26.25,26.0,25.25,25.25,26.5
17.0
26.75,26.5,26.75,26.5,26.75,26.5,27.25,27.25,26.75,26.5,26.25,26.25,27.0,26.25,26.25,26.25,26.75,26.75,26.25,26.0,26.75,26.5,26.5,26.5,26.0,26.5,26.5,26.5,26.5,26.5,26.5,26.75,26.75,27.0,26.5,26.5,26.75,26.75,26.25,26.5,27.0,27.25,27.0,26.5,26.5,26.75,26.0,26.0,26.75,27.0,26.25,26.25,26.25,26.25,26.0,26.25,26.5,26.5,26.5,26.25,26.75,26.0,26.0,26.75
18.0
26.25,26.75,27.0,26.5,26.75,26.75,26.75,27.0,26.75,26.25,26.75,26.5,26.75,26.5,26.75,26.75,26.75,26.25,26.75,26.5,26.25,26.5,26.25,26.5,26.5,26.25,26.5,26.5,26.25,26.25,26.25,26.5,27.5,27.25,27.0,26.5,26.75,26.5,26.5,27.0,27.25,27.25,27.25,26.75,26.5,26.5,26.0,25.75,26.75,27.0,26.75,26.25,26.25,26.25,26.5,26.25,26.25,26.5,26.5,26.0,26.0,26.0,26.25,27.0
19.0
26.25,27.0,26.75,26.75,26.75,26.25,27.0,27.0,26.5,26.5,26.5,26.75,26.5,26.5,26.75,26.75,26.75,26.75,27.25,26.5,26.5,26.5,26.25,26.0,26.75,26.75,26.75,26.5,26.5,26.0,26.5,27.0,26.75,27.25,27.0,26.5,26.25,26.75,26.5,27.0,26.75,27.0,27.0,27.0,26.75,26.25,26.25,26.25,26.5,26.75,26.0,26.25,26.75,26.75,25.75,26.25,26.25,26.0,26.25,26.5,26.25,26.25,25.75,27.0
20.0
26.5,26.75,26.5,26.25,26.75,26.25,27.25,26.75,27.25,26.5,26.75,26.5,26.75,26.5,26.75,26.25,26.75,26.75,26.75,26.5,26.75,26.5,26.75,26.25,26.5,26.5,26.5,26.25,26.25,26.0,26.5,26.5,27.0,27.25,27.25,26.5,26.5,26.75,26.75,26.5,27.0,27.0,26.75,26.75,26.25,26.75,26.25,26.0,26.5,26.5,26.25,26.25,26.75,26.25,26.0,26.75,26.25,26.5,26.0,25.75,26.5,26.0,25.75,27.0
21.0
26.5,26.75,27.0,26.5,26.5,27.0,27.25,27.0,27.0,26.25,27.0,26.75,26.75,26.25,26.25,26.75,27.0,26.25,26.5,26.25,26.75,26.5,26.5,26.25,26.75,26.75,26.5,26.25,26.75,26.0,26.75,27.0,27.0,27.25,27.0,26.5,27.0,27.0,26.5,26.5,27.25,27.0,27.0,26.75,26.25,26.75,26.5,25.75,27.0,26.75,26.5,26.5,26.5,26.25,26.0,26.75,27.0,26.25,26.75,26.5,26.25,26.0,26.0,26.5
22.0
26.75,26.75,26.75,26.25,26.75,27.0,27.0,27.0,26.5,26.75,26.5,26.5,26.75,26.5,26.75,26.5,26.75,26.75,26.75,26.25,26.5,26.5,26.5,26.5,26.75,26.75,26.5,26.25,26.25,26.25,26.75,26.5,27.25,27.0,26.75,26.25,26.5,26.75,26.75,26.75,27.25,27.0,27.25,27.0,26.25,26.75,26.5,26.25,26.5,26.5,26.5,26.75,26.5,26.5,26.0,26.25,27.0,26.5,26.5,26.5,25.75,26.25,26.0,26.75
23.0
26.25,26.75,26.25,26.25,26.5,26.0,26.75,27.0,26.75,26.75,26.5,26.75,26.75,26.5,26.25,26.25,26.75,26.25,26.25,26.25,26.0,26.25,26.25,26.25,26.0,26.5,26.5,26.25,26.5,26.25,26.5,26.25,27.25,27.25,26.5,26.5,26.25,26.5,26.25,26.0,26.5,26.75,27.0,26.75,25.75,26.75,25.75,26.0,26.5,26.75,25.75,26.0,26.25,26.0,25.75,26.25,26.5,26.0,26.25,26.25,25.75,25.75,26.0,26.25
24.0
26.5,26.25,26.75,26.25,26.75,26.75,26.75,26.75,27.0,27.0,26.5,26.75,27.0,26.25,26.25,26.0,26.25,26.75,26.75,26.25,26.75,26.75,26.5,26.5,26.25,26.75,26.5,26.75,26.75,26.0,26.75,26.5,27.0,27.25,26.75,26.5,26.75,26.5,26.25,26.75,26.75,26.75,27.0,27.0,26.5,26.5,26.25,25.75,26.25,26.75,26.25,26.0,26.25,26.5,25.75,26.5,27.0,26.5,26.75,26.75,26.5,25.5,25.75,26.75
25.0
26.25,27.0,26.25,26.25,27.0,26.5,27.5,26.5,26.75,26.5,26.75,26.5,26.5,26.5,26.0,26.5,27.0,26.5,26.5,26.25,26.5,26.5,26.5,26.0,26.0,26.5,26.25,26.25,26.75,26.25,26.25,26.5,27.0,27.0,27.0,26.75,26.75,26.25,26.5,26.25,27.0,27.25,27.25,26.75,26.25,27.0,26.25,26.5,27.0,26.25,26.25,26.25,26.5,26.5,26.25,26.5,26.25,26.25,26.25,26.25,26.75,26.25,26.25,26.75
26.0
26.75,27.0,27.0,26.5,26.75,26.5,27.0,27.0,26.75,27.0,26.75,26.25,26.75,26.25,26.75,26.5,27.0,26.75,26.75,26.75,26.5,26.75,26.5,26.25,26.25,26.5,26.75,26.5,26.5,26.0,27.0,27.0,26.5,27.0,26.75,26.75,26.5,26.75,26.5,27.0,27.0,27.0,27.25,27.0,26.25,26.5,26.25,26.25,27.0,26.75,26.25,26.0,26.0,26.75,26.0,26.5,26.5,26.5,26.75,26.25,25.75,26.5,25.75,26.75
27.0
26.5,26.5,26.5,26.5,26.75,26.5,26.75,27.0,26.5,26.25,26.5,26.75,26.75,26.5,26.5,26.5,26.75,26.5,26.75,26.75,27.0,26.75,26.75,26.5,26.75,27.0,26.5,26.5,26.25,26.25,26.75,26.5,27.25,26.75,26.5,26.25,26.75,26.5,26.5,26.5,26.75,26.75,27.0,26.5,26.5,26.5,26.5,25.5,26.5,26.75,26.75,26.25,26.25,26.25,26.0,26.0,26.25,26.0,26.25,26.5,26.25,26.5,26.0,26.75
28.0
26.75,26.5,26.25,26.5,26.75,26.5,27.0,26.75,26.25,26.5,26.5,26.5,26.75,26.25,26.25,26.5,27.0,26.5,26.5,26.25,26.75,26.5,26.25,26.5,26.25,26.25,26.5,26.25,26.25,26.0,26.5,26.5,27.0,26.75,26.25,26.5,26.25,26.25,26.25,26.25,26.5,27.0,27.0,26.5,26.25,26.25,26.0,26.0,26.5,26.75,26.25,26.25,26.25,26.25,26.25,25.75,26.0,26.0,26.5,26.0,26.0,26.0,26.25,26.5
29.0
26.75,26.75,27.0,26.75,27.0,26.25,27.25,27.0,26.75,26.25,26.5,26.75,27.25,26.25,26.25,27.0,27.25,26.75,27.0,26.5,26.75,27.0,27.0,26.5,26.75,26.5,26.25,26.5,26.0,26.25,26.75,27.0,27.0,27.0,26.75,26.25,26.75,26.5,26.75,26.75,27.0,27.0,27.5,26.75,26.5,26.75,26.5,26.0,27.0,26.75,26.5,26.25,26.5,26.5,26.25,26.25,26.25,26.75,26.75,27.0,26.0,26.5,25.75,26.75
30.0
26.25,27.0,26.75,26.5,26.75,26.25,27.25,26.75,27.0,26.5,26.75,26.75,26.75,26.5,26.5,26.75,26.75,26.25,26.5,26.75,26.75,26.5,26.5,26.5,26.25,26.25,26.25,26.5,26.25,26.25,26.5,26.75,27.0,27.0,26.75,26.5,26.25,27.0,26.5,26.5,26.75,26.75,26.75,26.75,26.5,26.75,26.0,25.5,26.75,26.5,26.5,26.25,26.5,26.25,25.5,26.25,26.75,26.0,26.25,26.25,26.5,26.0,25.75,26.75
31.0
26.5,27.0,26.5,26.5,26.75,26.75,27.25,26.75,26.75,26.5,26.75,26.5,26.25,26.75,26.75,26.25,27.0,26.75,27.0,26.0,26.75,26.75,26.5,26.5,26.25,26.75,26.5,26.25,26.25,26.25,27.0,26.25,27.0,27.0,26.5,26.0,26.5,26.5,26.25,26.75,27.0,27.25,27.25,27.0,26.25,26.75,26.0,26.0,27.0,27.0,26.25,26.5,26.5,26.5,26.25,26.25,26.25,26.5,26.75,26.5,26.25,26.25,25.5,26.75
32.0
26.5,26.75,27.0,27.0,26.5,26.75,26.75,26.75,27.25,26.75,26.75,26.75,26.75,27.0,26.75,26.5,26.75,26.75,26.5,26.5,26.5,27.0,26.25,26.5,26.25,27.0,26.5,26.25,26.25,26.0,26.25,26.5,27.25,27.0,27.0,26.5,26.5,26.5,26.75,26.25,26.75,27.25,27.25,27.0,26.5,26.75,26.25,25.75,27.0,27.0,26.75,26.0,26.75,26.5,26.25,26.5,26.25,26.25,26.0,26.75,26.0,26.0,26.0,26.5
33.0
26.5,27.0,27.0,26.5,26.25,26.25,27.25,26.75,26.75,26.5,26.5,26.75,26.75,26.25,26.5,26.5,27.5,26.75,26.75,26.0,26.5,26.5,26.5,26.5,26.75,26.5,26.5,26.5,26.25,26.25,26.25,26.75,27.25,26.75,26.75,26.0,26.75,26.5,26.5,26.25,27.0,27.0,27.5,26.5,26.5,26.75,26.5,25.75,26.5,27.25,26.5,26.25,26.75,26.5,26.0,26.5,26.0,26.25,26.5,26.25,26.0,26.0,26.0,26.5
34.0
26.25,26.5,26.5,25.75,26.5,26.5,27.0,26.75,26.75,26.25,26.5,26.25,26.75,26.5,26.25,26.5,26.5,26.0,26.25,26.25,26.75,26.0,26.25,26.25,26.0,26.75,26.25,26.25,26.5,26.25,26.5,26.25,27.25,26.75,26.25,26.5,26.25,26.75,26.25,26.5,27.0,26.75,26.75,26.5,26.0,26.0,26.0,25.75,26.5,26.5,26.0,25.5,26.25,26.5,25.75,26.0,26.5,26.25,26.5,26.5,26.25,25.75,25.75,26.0
35.0
26.25,26.5,26.5,25.75,26.5,26.5,27.0,26.75,26.75,26.25,26.5,26.25,26.75,26.5,26.25,26.5,26.5,26.0,26.25,26.25,26.75,26.0,26.25,26.25,26.0,26.75,26.25,26.25,26.5,26.25,26.5,26.25,27.25,26.75,26.25,26.5,26.25,26.75,26.25,26.5,27.0,26.75,26.75,26.5,26.0,26.0,26.0,25.75,26.5,26.5,26.0,25.5,26.25,26.5,25.75,26.0,26.5,26.25,26.5,26.5,26.25,25.75,25.75,26.0
36.0
25.75,26.75,26.5,26.5,26.5,26.5,27.25,27.25,26.75,27.0,26.75,26.5,27.0,26.25,26.5,26.5,27.0,26.75,26.5,26.25,26.75,26.75,26.75,26.75,26.0,27.0,26.25,26.75,26.75,26.25,26.75,26.75,27.25,26.75,26.5,26.5,26.75,26.5,26.25,26.75,27.25,27.0,27.25,26.75,26.5,26.5,26.0,26.0,26.5,26.25,26.5,26.5,26.5,26.25,26.25,26.0,26.0,26.75,26.25,26.75,26.25,26.0,25.75,27.0
37.0
26.5,26.5,26.5,26.5,26.5,26.75,27.5,27.25,27.0,26.75,26.5,26.75,27.0,26.75,26.5,26.75,26.75,26.75,26.75,26.5,26.75,27.0,26.75,26.5,26.5,26.5,26.5,26.25,26.5,26.75,26.75,26.75,27.5,27.25,27.0,26.25,26.25,27.0,26.25,26.75,27.0,27.25,27.5,26.75,26.5,26.5,26.0,26.0,26.5,27.25,26.75,26.75,27.0,26.5,26.0,26.75,26.75,26.75,26.25,26.5,26.5,26.0,26.0,26.25
38.0
26.75,26.5,27.0,26.25,26.75,26.5,27.25,26.75,26.5,26.5,26.5,26.5,26.5,26.5,26.5,26.0,26.5,26.5,26.5,26.75,26.25,26.75,26.5,26.0,26.75,26.5,26.5,26.5,26.25,26.25,26.5,26.5,27.25,26.75,27.0,26.75,26.25,26.75,26.25,26.5,26.75,27.25,27.25,27.0,26.25,26.5,26.25,25.75,26.5,26.75,26.25,26.5,26.75,26.5,26.0,26.5,26.75,26.25,26.5,26.0,26.5,26.0,26.0,26.75
39.0
26.25,26.75,26.75,26.5,27.0,26.75,27.5,26.75,26.5,26.5,26.75,26.75,26.75,27.0,26.5,26.5,27.0,26.5,26.75,26.5,27.0,26.5,27.25,26.5,26.75,27.0,26.75,26.5,26.5,26.0,26.5,26.5,27.25,26.75,27.0,26.5,26.5,26.5,26.75,26.5,27.25,27.0,27.25,26.75,26.5,26.75,26.0,25.75,26.75,26.75,26.75,26.25,26.75,26.5,26.0,26.75,26.75,26.5,26.5,26.0,26.25,26.25,26.25,27.0
40.0
26.5,26.5,27.0,26.25,26.75,26.0,27.0,27.0,26.75,26.5,26.75,26.25,27.0,26.0,26.0,25.75,26.5,26.0,26.5,26.5,26.5,26.5,26.25,26.5,26.0,26.25,26.5,26.5,26.0,26.5,26.5,26.25,27.25,26.75,26.75,26.25,26.5,26.5,26.5,26.25,27.25,26.5,27.0,26.5,26.0,26.25,25.75,25.75,26.25,26.75,26.0,26.0,26.5,25.75,26.0,26.25,26.0,26.0,26.0,26.25,26.25,26.0,25.75,26.0
41.0
26.75,26.75,27.25,26.5,26.75,26.5,27.0,27.0,26.5,26.25,26.75,26.75,26.75,26.5,26.75,26.0,26.5,26.5,26.75,26.0,26.25,26.5,26.5,26.5,26.0,27.0,26.0,26.0,26.25,26.25,26.5,26.25,26.5,26.75,26.25,26.5,26.75,26.5,26.25,26.5,27.25,26.75,27.25,26.75,26.25,26.75,26.0,26.0,26.5,26.75,26.25,26.25,26.0,26.25,25.75,26.5,26.0,25.75,26.25,26.25,25.75,26.25,25.75,26.5
42.0
27.0,26.75,26.5,26.75,26.75,26.75,27.25,27.25,26.75,27.0,26.5,26.75,27.25,26.5,26.75,26.25,26.75,26.75,26.75,27.0,26.5,27.0,26.75,26.5,27.0,27.0,26.75,26.5,27.0,26.5,26.25,26.75,26.75,27.0,26.75,26.75,26.5,26.75,26.5,27.0,26.75,27.0,27.25,27.0,26.75,26.75,26.0,26.25,26.75,27.0,26.5,26.5,26.5,26.5,26.0,26.5,26.75,26.75,26.75,26.25,26.75,26.75,26.25,26.75
43.0
26.75,26.75,26.75,26.25,26.5,27.0,27.5,27.5,26.75,26.75,26.75,26.75,26.75,26.75,27.0,26.5,26.75,26.5,26.75,26.75,26.75,26.75,26.5,26.5,26.25,26.75,26.5,26.75,26.25,26.5,26.5,27.25,27.25,27.0,27.0,26.5,26.5,26.75,26.5,26.25,27.25,27.0,27.5,26.5,26.25,26.75,26.5,26.0,26.75,26.75,26.5,26.75,26.75,26.75,26.0,26.25,26.25,27.0,26.5,26.25,26.5,25.75,26.25,26.25
44.0
27.0,27.5,27.25,26.75,27.0,26.5,27.75,27.25,26.5,26.5,26.75,26.75,26.75,26.75,26.5,26.5,27.0,26.75,26.75,26.75,27.0,26.75,26.5,26.25,26.5,26.75,27.0,26.5,26.75,26.25,27.0,27.0,27.0,27.25,27.0,26.5,26.25,26.5,26.5,26.5,27.75,27.25,27.5,27.0,26.75,26.75,26.25,26.25,26.5,26.75,26.5,26.5,26.5,26.5,25.75,26.25,26.5,26.0,26.25,26.75,26.25,26.25,26.0,26.25
45.0
26.75,27.0,26.75,26.25,26.75,26.75,27.25,27.5,26.75,26.5,26.75,26.75,27.0,26.5,26.5,26.25,26.75,26.5,26.75,26.75,26.5,27.0,26.75,26.5,26.5,26.75,26.5,26.0,26.5,26.5,26.75,26.5,27.0,27.0,27.0,26.75,26.75,26.75,26.5,27.0,27.0,27.25,27.25,27.0,26.5,26.5,26.5,26.25,26.75,27.0,26.25,26.25,26.5,26.5,26.0,26.5,26.25,26.75,26.75,26.25,26.25,26.5,26.0,26.25
46.0
26.0,26.75,26.75,26.5,26.75,26.75,27.0,27.0,26.75,26.5,26.25,26.5,26.5,26.5,26.5,26.75,27.0,26.5,26.5,26.75,27.0,26.5,27.0,26.25,26.5,26.5,26.5,26.25,26.75,26.0,26.25,26.25,27.0,27.0,26.75,26.75,26.5,26.75,26.25,26.5,26.75,26.75,27.25,26.75,26.25,26.5,26.0,26.0,26.25,26.75,26.75,26.25,26.25,26.25,25.75,26.5,25.5,25.75,26.0,26.0,25.75,25.75,25.5,26.75
47.0
26.75,27.0,26.5,26.5,27.0,26.75,27.5,27.0,26.5,27.0,26.75,26.25,26.75,26.25,26.25,26.25,27.0,26.25,27.0,26.25,26.75,26.75,26.5,26.75,27.0,26.75,26.75,26.0,26.5,26.75,26.5,26.75,27.5,27.0,26.5,27.0,26.75,26.75,26.75,26.5,27.0,27.0,27.25,26.75,26.75,26.25,25.75,26.0,26.5,26.75,26.25,26.5,26.5,26.25,26.0,26.25,26.75,26.75,26.5,26.5,26.25,26.25,26.25,26.5
48.0
26.25,26.75,27.0,26.5,26.5,26.5,27.5,27.0,26.75,27.0,26.75,26.75,27.0,26.5,26.25,26.5,26.5,27.0,26.75,26.25,26.75,26.5,26.75,26.25,26.75,26.75,26.75,26.5,27.25,26.5,26.75,26.75,27.0,27.0,27.0,26.25,27.0,26.75,26.5,26.5,27.0,27.5,26.75,26.75,26.5,26.75,26.25,26.5,27.0,27.0,26.5,26.5,26.5,26.25,26.0,26.75,26.0,26.5,26.5,26.75,26.25,26.25,26.25,26.75
49.0
26.75,26.75,26.75,26.75,27.0,26.75,27.25,27.0,27.0,26.75,27.0,26.75,27.25,26.5,26.5,27.0,27.25,26.75,27.0,26.25,27.0,26.75,26.75,26.5,26.5,26.75,26.25,26.5,26.75,26.25,27.0,26.75,27.0,27.0,27.0,26.5,26.5,26.75,26.5,26.75,27.25,27.0,27.5,27.0,26.5,27.0,26.25,26.25,26.75,26.5,26.25,26.5,26.5,26.25,26.0,26.25,26.25,26.25,27.0,26.5,26.25,26.5,26.25,27.25
50.0
26.25,26.5,27.25,26.5,26.75,26.75,27.25,27.0,27.0,26.5,26.75,26.75,27.0,26.25,26.75,26.25,27.25,26.75,26.75,26.5,27.0,26.75,26.5,26.5,26.5,26.75,26.5,26.75,26.0,26.75,26.75,26.5,26.75,27.0,26.75,26.25,26.5,27.0,26.25,27.25,27.0,27.5,27.25,27.0,26.5,27.0,26.0,26.0,26.5,27.0,26.5,26.75,26.5,26.75,26.25,26.5,26.0,26.5,26.25,26.75,26.5,26.5,25.75,26.5
51.0
26.5,27.0,27.0,26.75,26.75,26.75,27.25,27.25,26.75,26.5,26.5,26.5,26.75,26.25,26.25,26.75,27.0,26.75,26.75,26.5,26.75,27.25,26.75,26.5,26.25,27.0,26.5,26.75,26.25,26.0,26.5,26.5,27.25,27.5,26.75,26.75,26.5,26.5,26.5,26.5,27.25,27.0,27.25,26.75,26.5,26.5,26.25,26.0,27.0,27.0,26.25,26.5,26.0,26.5,26.25,26.5,26.25,26.5,26.25,26.5,26.25,26.25,25.5,26.75
52.0
26.25,27.25,27.25,26.5,26.75,26.5,27.5,27.0,26.5,26.75,26.75,26.5,27.0,26.5,26.75,26.25,27.0,26.5,27.0,26.75,27.0,26.5,26.75,26.75,26.75,27.0,26.75,26.5,26.5,26.5,26.75,26.75,27.25,27.25,27.0,26.75,26.75,27.0,26.75,26.75,27.0,27.5,27.25,27.25,26.25,26.75,26.25,25.75,26.75,27.25,26.25,26.5,26.75,26.5,26.0,26.25,27.0,26.75,26.5,27.0,26.25,26.0,26.0,26.75
53.0
26.75,26.75,26.75,26.5,27.0,26.5,27.25,26.75,26.25,26.5,26.75,26.5,26.5,26.25,27.0,26.0,26.75,26.25,26.5,26.5,26.75,26.75,26.25,26.5,26.25,26.75,26.25,26.5,26.75,26.25,26.25,26.75,27.0,26.5,26.5,26.5,26.25,26.5,26.5,26.5,26.75,27.25,27.25,27.0,26.25,26.5,26.0,25.5,26.75,26.75,26.25,26.0,26.5,26.5,26.0,26.25,26.25,26.75,26.5,26.25,26.25,26.0,25.5,26.25
54.0
26.5,26.5,27.25,26.75,27.0,26.5,27.25,27.0,26.75,27.0,26.75,27.0,27.25,26.75,26.5,26.5,27.0,27.0,27.25,26.5,27.0,27.0,26.75,26.5,26.5,27.25,27.0,26.75,26.5,26.5,26.75,26.75,27.0,27.25,27.0,26.5,26.75,26.75,27.0,26.5,27.5,27.25,27.5,27.0,26.75,26.75,26.25,26.0,27.0,27.0,26.5,26.5,26.5,26.75,26.0,26.75,26.25,26.5,26.25,26.5,26.25,26.25,26.0,27.0
55.0
26.5,26.75,26.75,26.5,26.75,26.75,27.25,27.0,27.25,26.75,26.75,26.75,27.0,26.5,27.0,26.5,27.25,27.25,27.25,26.25,26.5,26.5,26.75,26.5,26.5,26.75,26.75,26.75,26.5,26.5,26.75,26.75,26.75,27.75,26.5,26.75,26.5,27.0,26.25,26.75,27.0,27.0,27.25,27.25,27.0,26.5,26.5,26.0,26.75,27.0,26.5,26.75,26.25,26.75,26.75,26.75,26.5,26.25,27.0,26.5,26.5,25.75,26.0,26.75
56.0
26.75,27.25,27.0,26.75,27.0,26.75,27.0,27.5,26.5,26.75,26.75,27.0,27.0,26.75,26.75,27.0,27.0,27.0,27.0,26.75,26.5,26.75,26.75,26.75,26.5,26.75,26.75,26.75,26.75,27.0,26.75,26.75,27.0,27.0,26.75,26.75,27.0,27.0,26.75,26.75,27.5,27.25,27.75,27.25,26.75,26.75,26.25,26.5,27.0,27.25,26.75,26.75,26.75,26.5,26.0,26.25,27.0,26.5,26.25,26.75,26.25,26.25,26.0,26.5
57.0
26.5,27.25,27.25,26.75,26.75,27.0,27.25,27.5,27.25,27.0,26.5,26.5,26.75,26.75,26.75,26.5,27.25,26.75,26.75,26.25,27.0,27.0,26.5,26.5,26.75,27.0,26.5,26.75,26.5,26.5,26.75,26.5,26.75,27.25,27.25,26.5,27.0,27.25,26.5,26.5,27.25,27.25,27.75,26.75,26.75,27.0,26.75,26.0,26.75,27.0,26.5,27.25,27.0,26.25,26.5,26.75,26.75,26.25,26.75,26.75,26.75,26.0,26.5,26.75
58.0
26.75,26.75,26.25,26.25,26.5,26.25,26.75,26.75,26.75,26.5,27.0,26.75,26.75,26.5,26.5,26.5,26.5,26.75,26.75,26.5,26.5,26.25,26.5,26.5,26.25,26.75,26.5,26.5,26.0,26.25,26.25,26.75,26.5,27.0,26.5,26.75,26.5,27.0,26.5,26.25,27.0,27.0,27.25,27.0,26.25,26.5,26.0,25.75,26.5,26.5,26.25,26.25,26.5,26.5,26.0,26.25,26.5,26.5,26.5,27.0,26.25,26.25,26.25,26.25
59.0
26.75,27.0,27.25,26.25,27.0,26.5,27.5,27.25,26.75,26.5,26.75,26.5,26.75,26.5,26.75,26.25,26.75,27.0,26.75,26.25,27.0,26.75,26.5,26.25,26.5,26.75,26.75,26.75,26.25,26.75,26.75,26.75,27.5,27.0,26.75,26.75,27.0,26.75,26.5,26.75,27.25,27.5,27.25,26.75,26.5,26.5,26.5,26.25,26.25,26.75,26.75,26.5,26.5,26.75,26.0,26.75,26.5,26.5,26.75,26.25,26.25,26.0,26.0,26.75
60.0
27.0,26.75,27.25,26.25,27.0,26.75,27.5,27.0,26.5,26.75,26.75,27.0,26.75,26.75,26.0,26.5,27.0,26.5,27.0,27.0,26.5,27.0,26.25,26.5,26.25,27.25,26.5,26.5,26.75,26.75,26.5,26.5,27.25,27.25,27.0,26.75,27.0,27.0,26.75,26.5,27.0,27.0,27.25,27.0,26.75,26.5,26.5,26.25,27.0,27.25,26.5,26.5,27.0,26.75,26.0,26.75,26.75,27.0,26.5,26.25,26.5,25.75,26.25,27.0
