1.0
26.25,27.25,26.75,26.5,26.25,26.75,27.25,27.0,27.0,26.5,26.75,26.5,26.75,26.5,26.0,26.25,26.75,26.25,26.5,26.25,26.75,27.0,26.5,26.5,26.75,27.0,26.5,26.75,26.25,26.0,26.25,26.5,28.5,27.5,27.0,26.75,26.5,26.75,26.75,26.25,28.75,28.75,28.5,27.75,26.25,26.75,26.0,25.75,29.0,29.0,28.25,27.75,27.25,26.5,25.75,26.5,26.75,27.25,27.75,27.0,27.0,26.25,26.0,26.25
2.0
27.0,26.75,27.0,26.5,26.5,26.25,27.0,27.5,26.5,26.75,26.75,26.75,26.75,26.5,26.0,26.75,26.5,26.75,26.75,26.5,26.5,26.75,26.75,26.0,26.75,26.75,26.25,26.0,26.25,26.25,26.25,26.75,28.25,27.25,27.0,26.75,26.75,26.5,26.5,26.25,28.75,28.5,28.75,27.75,26.25,26.5,26.0,25.5,29.0,29.0,28.0,28.0,27.5,26.25,25.75,26.0,27.5,27.25,27.5,27.75,27.25,25.75,25.75,26.0
3.0
26.5,26.75,26.5,26.5,26.25,26.0,26.5,26.75,26.75,26.75,26.5,26.5,26.75,26.25,26.5,25.75,26.5,26.5,26.5,26.5,26.25,26.25,26.25,26.0,26.5,27.0,26.5,26.0,26.25,26.0,26.25,26.25,28.25,27.25,27.0,26.75,26.0,26.25,26.0,26.25,29.0,28.25,28.5,27.75,26.5,26.0,25.75,26.0,28.5,28.75,28.0,27.75,27.25,26.0,25.75,26.25,27.0,26.5,27.5,27.5,26.75,25.75,25.5,25.75
4.0
27.25,27.0,27.0,26.25,26.75,26.5,27.5,27.25,26.75,26.5,26.75,26.25,26.75,26.5,26.5,26.5,27.0,26.5,26.75,26.25,27.0,26.5,26.5,26.25,26.5,26.75,26.5,26.25,26.25,26.0,26.75,26.25,28.5,27.5,27.5,26.5,26.25,26.25,26.25,26.25,29.25,28.5,28.25,27.5,26.5,26.5,25.75,26.0,29.25,29.0,28.0,27.5,27.25,26.25,25.5,26.25,27.0,27.0,27.75,27.5,27.0,25.75,25.75,26.25
5.0
26.75,27.0,27.0,26.5,26.5,26.5,27.0,26.25,27.0,26.25,26.5,26.5,26.5,26.5,26.25,26.5,26.75,26.75,26.5,26.5,26.5,26.5,26.5,26.75,26.75,27.0,26.75,26.5,26.5,26.0,26.5,26.75,28.5,27.25,27.0,26.75,26.75,26.5,26.5,26.5,28.75,28.75,28.75,27.75,26.5,26.75,26.25,25.5,29.25,28.75,28.25,27.75,27.25,26.5,25.75,26.0,26.5,26.75,27.25,27.5,26.75,25.75,25.5,26.0
6.0
27.0,27.0,27.0,26.25,26.75,26.75,27.0,27.0,26.75,26.5,26.75,26.5,26.75,26.25,26.25,26.5,27.0,26.25,26.75,26.25,26.5,27.0,26.0,25.75,26.5,27.0,26.5,26.5,26.25,26.0,26.5,26.25,28.25,27.25,26.5,26.75,26.5,26.5,26.25,26.25,29.25,28.75,28.25,27.5,26.5,26.75,26.0,26.0,28.75,28.75,28.0,28.0,27.25,26.25,26.25,26.0,27.0,27.0,27.5,27.5,27.0,26.0,26.0,26.5
7.0
27.0,26.5,26.5,26.5,26.5,26.25,26.75,26.75,26.5,26.75,26.5,26.75,26.5,26.25,26.25,26.0,26.75,26.5,26.25,26.25,26.25,26.75,26.25,26.5,26.5,26.75,26.75,26.75,26.5,26.5,26.25,26.75,28.25,27.5,27.0,26.5,26.25,26.75,26.25,26.5,29.25,29.0,28.0,27.5,26.25,26.25,26.0,25.5,28.75,28.5,27.75,27.5,27.25,26.0,25.75,25.5,27.5,26.75,27.25,27.75,26.5,26.0,26.0,26.0
8.0
26.5,26.75,26.25,26.25,26.0,26.25,26.75,27.0,26.25,26.5,26.25,26.5,26.75,26.25,26.0,26.0,26.75,26.5,26.0,26.25,26.25,26.5,26.0,26.0,26.75,26.75,26.25,26.25,26.25,26.25,26.5,26.5,28.25,27.25,26.75,26.0,26.5,25.75,26.25,26.5,29.25,28.75,28.5,27.5,26.25,26.25,25.75,25.5,29.0,28.25,28.0,27.25,27.25,26.25,25.75,26.25,27.0,26.75,27.75,27.0,27.25,25.5,25.25,25.75
9.0
26.5,27.25,27.0,26.0,26.5,26.0,26.75,26.75,26.75,26.5,26.75,26.25,26.5,26.0,26.25,26.25,27.0,26.75,26.5,26.25,26.5,27.0,26.0,26.25,26.5,26.75,26.75,26.25,26.25,26.25,26.75,26.5,28.25,27.5,27.0,26.0,26.5,26.0,26.5,26.5,29.0,28.75,28.25,27.75,26.25,26.5,26.5,25.75,28.75,28.5,28.25,28.25,27.25,26.25,26.25,25.75,26.5,26.75,27.5,28.0,26.75,26.0,25.25,26.0
10.0
26.75,27.0,26.75,26.5,26.5,26.25,26.75,27.25,26.75,26.5,26.5,26.5,26.75,26.0,26.25,26.5,27.0,26.25,26.5,26.25,26.25,26.5,26.25,26.0,26.5,26.75,26.75,26.5,26.5,26.0,26.0,26.5,28.25,27.5,27.0,26.5,26.75,26.5,26.25,26.25,28.75,28.75,28.75,27.5,26.5,26.25,26.0,26.25,29.0,28.75,28.0,27.75,27.25,26.5,25.75,26.25,26.75,26.75,27.25,28.0,26.75,25.75,25.25,25.5
11.0
26.5,26.75,26.75,26.5,26.5,26.0,26.75,26.75,26.5,26.75,26.25,26.25,26.5,26.75,26.0,26.25,27.25,26.5,26.75,26.5,26.75,27.0,26.75,26.5,26.5,26.75,26.75,26.5,26.25,26.25,26.5,26.25,28.25,27.75,27.0,26.5,26.5,26.75,26.25,26.25,29.25,29.0,28.0,27.75,26.25,26.25,26.0,26.0,29.25,28.75,28.0,27.75,27.25,26.75,25.5,26.0,27.0,27.25,28.0,27.25,26.75,26.0,25.25,25.75
12.0
26.5,27.5,26.75,26.5,26.5,26.25,26.75,26.75,26.5,26.75,26.75,26.5,26.5,26.25,26.25,26.5,26.5,26.5,26.5,26.75,26.75,26.75,26.75,26.25,26.5,26.5,26.5,26.25,26.25,26.25,26.75,26.75,28.5,27.25,27.0,27.0,26.5,26.75,26.75,26.5,29.25,29.0,28.0,27.75,26.75,26.5,26.25,25.75,29.5,28.75,28.25,27.5,27.25,25.75,26.0,26.5,27.25,27.25,27.25,27.25,27.25,26.25,25.75,26.0
13.0
26.5,27.0,27.0,26.75,26.5,26.5,27.25,26.75,27.0,26.75,26.5,26.75,26.75,26.25,26.25,26.0,27.0,26.5,26.5,26.25,26.5,26.5,26.25,26.25,26.5,26.75,26.5,26.0,26.25,26.25,26.5,26.25,28.25,27.75,27.0,26.5,26.5,26.75,26.0,26.25,29.25,28.75,28.0,27.5,26.25,26.5,26.0,25.5,28.75,28.5,28.0,27.75,27.0,26.25,25.75,26.0,27.25,26.75,27.75,27.0,27.0,25.5,25.75,26.0
14.0
26.5,27.0,27.0,26.75,26.5,26.5,27.25,26.75,27.0,26.75,26.5,26.75,26.75,26.25,26.25,26.0,27.0,26.5,26.5,26.25,26.5,26.5,26.25,26.25,26.5,26.75,26.5,26.0,26.25,26.25,26.5,26.25,28.25,27.75,27.0,26.5,26.5,26.75,26.0,26.25,29.25,28.75,28.0,27.5,26.25,26.5,26.0,25.5,28.75,28.5,28.0,27.75,27.0,26.25,25.75,26.0,27.25,26.75,27.75,27.0,27.0,25.5,25.75,26.0
15.0
26.25,26.5,26.5,26.0,26.5,26.25,26.75,27.0,27.0,26.5,26.25,26.25,26.75,26.5,26.0,26.5,26.5,26.25,26.75,26.0,26.25,26.5,26.5,26.0,26.5,26.5,26.25,26.0,26.25,26.25,26.0,25.75,28.0,27.25,26.75,26.25,26.0,26.0,26.0,26.0,28.75,28.5,27.75,27.5,26.25,26.0,25.75,25.75,28.75,28.25,27.5,27.25,26.5,26.0,25.75,25.5,27.25,26.25,27.5,27.25,26.75,25.75,25.75,26.0
16.0
27.25,27.5,26.5,26.25,26.25,26.25,27.25,26.5,27.25,26.5,26.25,26.5,26.75,26.0,26.25,26.5,26.75,26.5,26.75,26.5,26.75,26.5,26.75,26.5,26.75,27.0,26.75,26.25,26.5,25.75,26.25,26.5,28.25,27.25,26.75,26.25,26.5,26.5,26.5,26.5,29.25,28.75,28.25,27.5,26.5,26.25,26.0,25.5,29.0,29.0,27.5,27.5,27.0,26.0,25.5,25.75,27.75,27.5,27.75,27.5,27.0,26.0,26.0,26.0
17.0
26.25,26.75,27.0,26.5,26.5,26.5,27.0,27.0,26.75,26.75,26.5,26.75,26.25,26.25,26.5,26.5,27.0,26.25,26.5,26.25,27.0,26.5,26.25,26.25,26.5,27.0,26.5,26.5,26.25,26.0,26.25,25.75,28.5,27.25,27.0,26.25,26.75,26.75,26.25,26.25,29.0,28.75,28.0,27.25,26.75,26.25,25.75,26.25,28.75,29.0,28.0,27.75,27.0,26.25,26.0,26.0,27.5,27.0,27.25,27.75,26.75,26.25,26.0,26.75
18.0
26.5,26.75,27.5,26.5,26.75,26.5,27.25,27.25,26.75,26.5,27.0,26.75,26.5,26.25,26.5,26.25,27.0,26.75,26.5,26.5,26.5,26.5,26.5,26.0,26.5,26.75,26.75,26.5,26.25,26.25,26.5,26.5,28.25,27.5,27.25,26.5,26.75,26.25,26.5,26.25,29.25,28.5,27.75,27.5,26.25,26.5,25.75,26.0,28.75,29.25,28.25,27.5,27.5,26.25,25.75,25.5,28.0,26.5,27.25,27.25,26.75,26.5,26.25,26.25
19.0
26.75,27.25,27.25,26.25,26.5,26.25,27.0,26.75,26.5,26.5,26.75,27.0,26.5,26.0,26.5,26.25,27.0,26.5,26.75,26.25,27.0,26.25,26.5,26.5,26.25,26.75,26.5,26.25,26.25,26.0,26.25,26.5,28.5,27.75,27.0,26.5,26.75,26.5,26.0,26.25,29.0,29.0,28.0,27.5,26.0,26.75,25.5,26.0,29.5,29.0,28.0,27.5,27.25,26.25,25.75,26.0,28.25,27.25,27.0,27.25,27.0,25.75,25.75,25.75
20.0
26.5,27.0,26.5,26.5,26.25,26.5,27.25,27.0,26.25,26.75,26.25,26.25,26.5,26.25,26.25,26.0,26.75,26.5,26.5,26.25,26.5,25.75,26.25,26.25,26.5,27.0,26.5,26.5,26.5,26.0,26.25,26.0,28.25,27.5,26.25,26.25,26.0,26.5,26.5,26.25,29.0,28.25,27.75,27.25,26.25,26.5,25.75,25.5,29.25,28.75,27.75,27.5,27.0,26.0,25.75,26.0,28.0,27.25,27.0,27.5,26.75,25.75,25.75,26.0
21.0
26.25,26.5,26.25,26.0,26.0,26.0,27.0,26.5,26.25,26.0,26.5,26.5,26.25,26.25,26.25,26.25,27.0,26.25,26.25,25.75,26.25,26.25,26.0,26.25,26.0,26.5,26.5,26.0,26.25,26.0,26.5,26.0,28.25,27.25,26.75,26.5,26.5,26.5,26.25,26.0,29.0,28.25,28.0,27.25,26.5,26.0,25.75,25.75,28.75,28.75,27.75,27.75,26.75,26.25,25.75,26.0,27.5,26.75,27.0,27.25,26.25,25.75,25.0,26.0
22.0
26.25,26.5,27.0,26.75,26.5,26.5,27.0,26.75,26.0,27.0,26.5,26.25,26.5,26.5,26.25,26.75,26.75,26.5,26.5,26.5,26.5,26.75,26.25,26.25,26.5,27.0,26.5,26.25,26.25,25.5,26.0,26.5,28.25,27.5,26.5,26.5,26.25,26.5,26.25,26.75,29.25,28.0,27.5,27.5,26.25,26.5,26.0,25.75,29.0,29.0,28.0,28.0,27.25,26.5,25.75,25.75,27.75,27.0,27.5,27.5,27.25,26.0,26.0,26.0
23.0
26.5,26.75,26.75,26.5,26.5,26.5,27.0,26.75,26.75,26.75,27.0,26.5,26.75,26.25,26.0,26.5,26.75,26.5,26.5,26.0,26.75,26.5,26.25,26.25,26.5,27.0,27.0,26.25,26.25,26.0,26.0,26.5,28.25,27.25,26.75,26.25,26.25,26.5,26.5,26.25,29.25,28.25,27.5,27.25,26.5,26.5,26.0,25.75,29.0,29.0,28.25,27.75,27.5,26.25,26.0,25.75,28.0,27.25,27.0,27.5,27.0,26.0,25.25,26.0
24.0
26.5,27.5,26.25,26.25,26.75,26.25,26.5,27.0,26.75,26.75,27.0,26.5,26.75,26.75,26.5,26.5,27.0,26.75,26.5,26.25,26.25,26.5,26.25,26.25,26.5,27.0,26.5,26.0,26.25,26.0,26.5,26.5,28.0,27.5,27.0,26.75,26.25,26.5,26.5,26.5,28.75,28.5,27.5,27.5,26.25,26.25,26.0,26.0,29.0,29.0,28.0,28.0,27.5,26.25,25.5,25.75,27.75,27.25,27.0,27.25,26.75,25.5,25.25,26.25
25.0
26.25,26.5,26.75,26.25,26.5,26.75,27.0,26.75,27.0,26.75,26.25,26.75,26.5,26.5,26.25,26.0,26.75,26.75,26.25,26.5,26.5,26.5,26.75,26.25,26.75,26.75,26.75,26.25,26.25,26.25,26.25,26.5,28.25,27.5,26.75,26.25,26.75,26.75,26.25,26.5,29.0,28.5,27.75,27.25,26.5,26.25,26.0,25.75,29.0,29.0,27.75,27.25,26.75,26.25,26.0,25.25,28.0,27.25,27.5,27.5,27.0,25.75,25.75,26.25
26.0
26.0,26.5,26.75,26.0,26.5,26.0,27.0,26.5,26.5,26.25,26.5,26.5,26.75,26.0,26.25,25.75,26.5,26.25,26.25,26.25,26.5,26.75,26.25,26.5,26.5,26.25,26.5,26.25,26.0,26.0,26.0,26.75,28.0,27.25,26.75,26.5,26.5,26.0,26.0,26.5,28.5,28.5,27.75,27.25,26.0,26.0,25.75,25.5,29.0,28.75,28.0,27.5,26.5,26.0,25.75,26.0,27.75,26.75,26.75,27.25,26.0,25.25,25.75,26.0
27.0
27.25,26.75,27.0,26.25,26.75,26.5,26.25,26.75,27.0,26.5,26.5,26.5,26.75,26.25,26.25,26.5,26.75,27.0,26.5,26.25,26.5,26.25,26.25,26.0,27.0,27.0,26.5,26.75,26.75,26.5,26.5,26.75,28.5,27.5,26.75,26.25,26.5,26.75,26.5,26.25,29.0,28.25,27.5,27.5,26.5,26.5,25.75,25.75,29.75,29.25,28.0,27.75,27.0,26.25,26.0,26.0,28.0,26.75,27.25,27.25,27.0,26.0,25.75,26.75
28.0
26.75,27.0,26.75,26.75,26.75,26.5,26.75,26.5,26.5,26.75,26.25,26.5,26.75,26.5,26.25,26.5,26.5,26.5,26.75,26.25,26.0,26.75,26.5,26.25,26.75,26.75,26.5,26.0,26.25,26.0,26.25,26.5,28.5,27.5,26.75,26.5,26.5,26.25,26.25,26.75,28.75,28.25,27.5,26.75,26.5,26.25,25.75,25.75,29.0,28.5,28.0,27.5,27.25,26.0,25.75,26.0,27.5,27.0,27.5,27.25,26.75,26.25,26.25,26.0
29.0
26.75,26.5,27.0,26.5,26.75,26.75,27.0,27.25,26.25,26.5,26.75,26.25,26.75,26.25,26.25,25.75,26.5,26.75,26.5,26.25,26.25,26.5,26.5,26.25,26.75,27.0,27.0,26.5,26.0,26.0,26.5,26.5,27.75,27.5,26.75,26.5,26.75,26.5,26.25,26.75,28.75,28.0,27.75,27.75,26.5,26.25,25.75,25.25,29.5,28.75,27.75,27.0,27.0,26.75,26.25,26.25,27.75,27.0,27.25,27.5,26.25,26.25,25.75,25.25
30.0
26.5,26.75,27.0,26.5,26.5,26.75,26.25,27.0,26.75,26.75,26.5,26.5,26.75,26.25,26.25,26.5,27.0,27.0,26.5,26.25,26.25,26.25,26.25,26.0,26.25,27.0,26.75,26.25,26.5,26.25,26.25,26.25,28.0,27.75,27.0,26.5,26.5,26.25,26.75,26.25,28.5,28.25,27.5,27.25,26.5,26.5,26.0,25.75,29.0,28.75,27.5,27.5,27.25,26.75,25.5,26.25,27.25,27.0,27.0,27.0,26.75,25.5,25.75,26.25
31.0
27.25,26.25,27.0,26.75,26.75,26.75,27.25,27.0,27.0,27.0,26.75,26.5,26.5,26.25,26.5,26.5,26.75,26.75,26.5,26.0,26.5,26.5,26.5,26.5,26.5,26.75,27.0,26.25,26.75,26.25,26.25,26.25,28.25,27.25,26.75,26.75,26.5,26.5,26.75,26.25,29.0,28.5,27.5,27.5,26.25,26.75,25.5,26.0,29.25,28.75,28.25,27.5,27.25,26.0,26.0,25.75,27.75,26.75,27.5,27.5,26.75,26.25,26.0,25.75
32.0
27.0,27.0,27.25,26.5,26.75,25.75,27.25,27.25,26.75,26.75,26.5,26.5,26.75,26.25,26.25,26.0,26.5,26.75,26.5,26.5,26.5,26.5,26.25,26.0,26.25,26.75,26.5,26.25,26.5,26.25,26.5,26.5,28.25,27.5,26.75,26.5,26.75,26.5,26.25,26.25,29.0,28.25,28.0,27.25,26.25,26.25,25.75,26.0,29.25,28.5,27.75,27.25,27.25,25.75,26.0,25.75,27.25,27.0,27.25,27.5,26.5,25.5,25.75,26.0
33.0
26.0,26.5,27.0,26.0,26.25,26.0,26.75,26.5,26.5,26.5,26.25,26.25,26.75,26.5,26.5,26.25,27.25,26.75,26.5,26.5,26.5,26.5,26.25,26.0,26.75,27.0,26.5,26.25,26.25,26.0,26.5,26.25,27.75,27.5,26.5,26.25,26.25,26.25,26.0,26.25,28.75,28.25,27.25,27.5,26.5,26.0,26.25,25.25,28.75,28.5,28.0,27.5,26.75,26.25,26.0,26.0,27.0,26.75,27.5,27.0,27.0,25.5,25.75,25.75
34.0
26.5,26.75,27.0,26.25,26.75,26.75,26.75,27.25,27.25,27.0,26.5,26.5,26.5,26.25,26.25,26.75,27.0,26.25,27.0,26.5,26.0,26.75,26.5,26.5,26.5,27.0,26.75,26.5,26.5,26.5,26.5,26.5,28.75,27.5,26.5,26.25,26.5,26.5,26.25,26.5,28.75,28.75,27.75,27.5,26.25,26.75,25.75,25.75,29.25,28.75,28.0,27.75,27.0,26.25,26.0,26.25,27.25,26.75,27.75,27.0,26.75,25.5,25.5,26.5
35.0
26.5,27.0,27.0,26.75,26.25,26.75,27.25,26.75,26.75,26.5,26.5,26.75,26.75,26.25,26.25,26.25,26.75,26.75,26.75,26.25,26.25,26.75,26.75,26.5,26.75,26.75,26.75,26.75,26.5,26.25,26.5,26.25,28.5,27.75,27.0,26.0,26.5,26.25,26.5,26.0,29.25,28.25,28.0,27.25,26.25,26.0,26.25,25.75,29.25,28.5,27.5,27.5,27.5,26.25,25.75,26.25,27.0,26.5,27.75,27.0,26.75,26.25,25.75,26.0
36.0
26.5,27.0,26.75,26.75,26.5,26.5,26.5,27.25,26.5,26.75,26.75,26.5,26.5,26.25,26.5,26.25,26.75,27.0,26.5,26.25,26.25,26.25,26.25,26.25,26.75,27.0,26.75,26.25,26.5,26.25,26.75,26.75,28.25,28.0,26.75,26.25,26.75,26.0,26.5,26.5,29.0,28.5,27.75,27.5,26.0,26.5,25.75,26.25,29.5,29.0,28.25,28.25,27.25,26.25,25.75,26.25,27.75,27.0,27.75,27.5,27.25,26.5,26.0,26.5
37.0
27.0,27.0,27.0,26.75,26.75,26.5,27.25,27.0,27.0,26.25,26.5,26.5,27.0,26.5,26.5,26.0,27.0,26.75,26.75,26.25,26.75,26.5,26.5,26.5,26.75,26.75,27.0,26.25,26.25,26.0,26.25,26.5,28.5,27.75,26.5,26.25,26.5,26.5,26.25,26.25,29.0,28.75,27.75,27.25,26.5,26.5,25.75,26.25,29.0,29.0,28.0,28.0,27.5,26.25,26.0,25.75,27.5,27.0,27.5,27.25,27.25,25.75,26.25,26.25
38.0
26.25,26.75,26.25,26.25,26.75,26.5,26.75,27.25,26.75,26.25,26.25,26.5,26.5,26.25,25.5,26.5,27.0,26.5,26.5,26.5,26.0,26.75,26.25,26.0,26.5,26.75,26.5,26.25,26.0,25.75,26.0,25.75,28.0,27.25,26.5,26.5,26.25,26.5,26.25,26.0,29.25,28.75,27.5,27.25,26.25,26.25,26.25,25.5,29.0,28.5,27.75,27.0,27.0,26.25,26.0,26.0,27.25,26.75,27.25,27.25,26.75,26.25,25.25,26.0
39.0
27.25,26.75,26.75,26.5,26.75,26.5,26.75,27.0,27.0,26.5,26.75,26.75,26.75,26.75,26.5,27.0,26.5,26.75,27.0,26.25,26.5,26.5,26.25,26.25,27.0,26.75,26.75,26.5,26.5,26.0,26.25,26.5,28.25,27.75,26.5,26.75,26.5,26.5,26.25,26.75,29.25,28.5,28.0,27.5,26.5,26.5,26.5,25.75,29.75,28.75,27.5,27.5,27.25,26.25,25.75,26.25,27.5,26.5,27.0,27.25,27.0,26.0,26.0,26.5
40.0
26.75,26.75,27.25,26.0,26.5,26.5,27.0,26.75,26.75,26.5,26.5,26.5,26.5,26.25,26.5,26.25,26.75,27.0,26.5,26.25,26.75,26.5,26.75,26.25,26.5,26.5,26.0,26.25,26.5,26.0,26.5,26.5,28.75,27.75,26.5,27.0,26.5,26.25,26.5,26.25,29.0,28.5,28.0,27.5,26.5,26.5,26.0,25.75,29.25,28.75,28.0,27.5,27.25,26.25,26.25,26.5,27.5,27.25,27.0,27.75,27.25,26.25,26.25,26.25
41.0
26.5,27.25,27.25,26.5,26.25,26.5,27.25,27.0,27.0,27.0,26.75,26.5,26.25,26.25,26.25,26.75,27.0,26.75,26.75,26.25,26.5,26.75,26.75,26.5,26.5,27.0,26.5,26.25,26.5,26.5,26.5,27.0,28.25,27.75,27.25,26.75,26.25,26.5,26.75,26.75,28.75,28.5,27.75,27.25,26.25,26.0,26.0,26.0,29.25,28.5,27.75,28.0,27.5,26.25,26.0,26.0,27.0,27.0,27.25,27.25,27.0,26.0,25.5,26.25
42.0
26.5,27.0,27.0,26.25,26.75,26.25,26.75,26.75,27.0,26.25,26.5,26.25,27.0,26.25,26.0,26.0,27.0,26.75,26.25,26.5,26.0,26.25,26.5,26.25,26.75,26.75,26.75,26.0,26.0,25.75,26.25,26.5,28.5,27.5,27.0,26.5,26.5,26.5,26.5,26.25,29.0,28.5,28.0,27.5,26.0,26.5,26.0,25.75,29.25,29.0,28.0,27.25,27.25,26.25,25.75,25.5,27.5,27.5,27.25,27.25,26.5,26.5,26.0,26.25
43.0
26.75,26.75,26.75,26.25,26.25,26.0,26.75,27.25,26.5,26.5,26.75,26.25,26.5,26.5,26.25,26.5,27.25,26.75,26.75,26.0,26.75,26.25,26.25,26.5,27.0,26.5,26.75,26.25,26.25,26.25,26.0,26.5,28.25,27.75,26.75,26.5,26.5,26.5,26.5,27.0,29.0,28.5,27.75,27.5,26.25,26.25,26.0,26.25,29.25,28.75,28.25,27.25,27.5,26.75,26.25,25.75,27.75,27.0,27.75,26.75,27.0,26.5,26.25,26.25
44.0
26.25,27.25,27.0,26.25,26.5,26.25,27.0,27.25,26.75,26.75,27.0,26.75,26.75,26.5,26.5,26.75,27.0,26.75,26.5,26.75,26.5,26.25,26.25,26.25,26.75,27.0,26.5,26.25,26.25,26.25,26.0,26.5,28.5,27.75,27.0,26.75,26.75,26.5,26.25,26.75,29.0,28.5,27.5,27.0,26.5,26.5,26.25,26.0,28.75,29.25,28.0,27.75,27.25,26.25,26.25,25.75,27.0,27.25,27.25,27.25,26.75,26.0,25.5,25.75
45.0
26.25,27.0,26.75,26.5,26.25,26.5,27.0,27.0,26.5,26.25,26.5,26.75,26.25,26.25,26.5,26.25,26.25,26.5,26.0,26.0,26.25,26.25,26.5,26.75,26.5,26.75,26.75,26.25,26.0,25.75,26.5,26.25,28.5,27.5,26.75,26.25,26.5,26.25,26.25,26.0,28.25,28.25,27.75,27.25,26.0,26.25,25.75,25.5,29.25,28.75,27.25,27.75,27.0,26.0,25.5,25.5,27.25,27.25,27.0,27.5,26.25,25.75,25.75,26.25
46.0
26.75,27.25,26.5,26.5,26.75,26.0,26.5,26.75,26.75,26.5,26.5,26.5,26.5,26.25,26.75,26.25,27.0,26.75,26.5,26.5,26.5,26.75,26.25,26.25,26.5,26.75,26.5,26.5,26.25,26.25,26.5,26.75,28.25,27.5,27.0,26.5,26.5,26.5,26.25,27.0,29.0,28.5,27.75,27.5,26.5,26.25,26.0,26.25,29.25,28.75,27.75,27.5,27.0,26.25,25.75,26.0,27.5,27.0,27.75,27.5,26.5,26.25,26.0,26.25
47.0
27.0,27.0,27.0,26.5,26.5,26.5,26.75,27.0,26.75,26.5,26.75,26.75,26.5,26.0,26.0,26.25,26.75,26.75,26.75,26.75,26.75,26.75,26.75,26.5,26.5,27.25,26.5,26.25,26.5,26.25,26.25,26.5,28.25,28.0,26.75,26.5,26.5,26.75,26.5,26.5,29.0,28.5,27.75,27.5,26.25,26.25,26.0,25.75,29.75,29.5,28.25,27.75,27.5,26.5,26.75,26.25,27.5,27.5,27.25,27.5,26.75,26.0,26.0,26.5
48.0
26.75,27.25,27.0,26.5,26.5,26.25,27.0,26.75,27.0,26.75,26.75,26.5,26.5,27.0,26.25,26.25,26.5,26.75,26.5,26.25,26.75,26.25,26.75,26.25,26.75,26.75,26.5,26.25,26.75,26.5,26.25,26.5,28.25,27.75,27.25,26.5,26.5,26.75,26.5,27.0,29.25,29.0,27.75,27.5,26.5,26.75,26.5,25.5,29.0,29.25,28.0,27.5,27.5,26.25,25.75,26.25,27.5,26.75,27.5,27.5,26.75,25.75,25.75,26.5
49.0
26.5,26.75,26.5,26.5,26.25,26.75,27.0,27.25,27.0,26.5,26.75,26.5,26.75,26.25,26.5,26.5,26.5,26.75,26.75,26.75,26.5,26.75,26.25,26.5,26.75,27.0,26.5,26.25,26.25,26.25,26.5,26.5,28.0,27.5,26.75,26.5,26.5,26.5,26.5,27.0,29.25,28.0,27.75,27.25,26.5,26.25,26.0,25.75,28.75,29.0,28.25,27.5,27.25,26.0,26.25,26.0,27.25,27.0,27.25,27.25,27.0,26.25,26.0,26.25
50.0
26.75,26.5,27.25,26.5,26.25,26.0,27.0,26.75,26.75,26.25,26.25,26.75,26.25,26.25,26.25,26.25,26.5,26.25,26.5,26.5,26.5,26.25,26.25,25.75,26.75,26.75,26.25,26.25,26.0,25.75,26.25,26.25,27.75,27.75,26.25,26.25,26.25,26.25,26.5,26.25,28.75,28.5,27.5,27.25,26.5,26.5,25.75,25.5,29.0,28.75,27.25,27.5,27.0,26.25,25.75,25.5,27.25,26.75,27.5,27.0,26.75,25.5,25.75,25.75
51.0
26.75,26.25,26.75,25.75,26.5,26.25,27.0,27.25,27.0,26.25,26.5,26.75,26.25,25.75,26.0,26.25,27.0,26.5,26.5,26.5,26.75,26.5,26.25,26.25,26.5,26.75,26.25,26.25,26.0,26.25,26.5,26.25,28.5,27.5,27.0,26.25,26.25,26.5,26.5,26.5,29.25,28.5,27.5,27.25,26.25,26.5,26.0,25.5,29.25,28.75,27.5,27.5,26.75,26.25,25.5,25.75,27.0,27.0,27.75,27.25,26.5,25.75,26.25,26.25
52.0
26.75,26.25,26.75,25.75,26.5,26.25,27.0,27.25,27.0,26.25,26.5,26.75,26.25,25.75,26.0,26.25,27.0,26.5,26.5,26.5,26.75,26.5,26.25,26.25,26.5,26.75,26.25,26.25,26.0,26.25,26.5,26.25,28.5,27.5,27.0,26.25,26.25,26.5,26.5,26.5,29.25,28.5,27.5,27.25,26.25,26.5,26.0,25.5,29.25,28.75,27.5,27.5,26.75,26.25,25.5,25.75,27.0,27.0,27.75,27.25,26.5,25.75,26.25,26.25
53.0
26.5,26.5,27.0,25.75,26.5,26.0,27.0,26.75,27.0,27.25,26.5,26.25,26.75,26.5,26.25,26.0,26.75,26.5,26.75,26.5,26.75,26.75,26.75,26.25,27.0,27.0,26.5,26.0,26.25,26.25,26.5,26.5,28.0,27.75,27.0,27.0,26.75,26.25,26.5,26.5,28.75,28.5,27.5,27.5,26.5,26.5,26.0,25.75,29.0,28.75,28.25,28.0,27.0,26.75,25.75,26.5,27.25,27.0,27.5,27.25,26.5,26.0,25.75,26.0
54.0
26.75,27.0,27.0,26.75,26.75,26.5,27.0,27.0,26.5,26.5,27.0,26.75,26.75,26.25,26.75,26.5,27.25,26.5,27.0,26.5,26.75,26.5,26.75,26.75,26.75,26.75,27.0,26.5,26.5,26.5,26.5,26.75,28.25,27.75,26.75,26.75,26.75,26.75,26.5,26.75,29.25,28.5,28.0,27.5,26.5,26.5,26.0,25.75,29.5,29.5,28.0,28.0,27.5,26.5,25.5,26.0,27.75,27.5,27.25,27.75,27.25,26.5,26.0,25.75
55.0
27.25,27.25,27.0,26.5,26.75,26.25,27.0,27.0,26.75,26.75,26.75,26.5,26.75,26.25,26.75,26.5,27.25,26.25,27.0,26.25,27.0,26.25,26.25,26.0,27.0,27.0,27.0,26.5,26.75,26.75,26.75,26.5,28.5,28.0,27.0,26.5,26.25,26.75,26.5,27.0,29.0,28.5,28.25,27.5,27.0,26.75,26.5,26.25,29.0,29.0,28.25,27.5,27.0,26.5,26.0,26.5,27.5,26.75,27.0,27.25,26.75,26.0,25.75,26.0
56.0
27.0,26.5,27.0,26.75,27.0,26.75,27.0,27.0,26.75,26.5,26.75,26.75,26.75,26.75,26.75,26.25,27.25,26.75,26.5,26.25,26.5,27.0,26.75,26.5,26.75,27.0,26.5,26.5,26.5,25.75,26.5,26.5,28.5,27.5,26.5,26.5,26.5,26.75,26.25,26.75,29.5,28.5,27.75,27.5,26.5,26.5,26.0,26.0,29.25,28.5,27.75,27.5,27.0,26.5,25.75,26.0,27.0,27.25,27.25,27.25,26.5,26.0,26.25,26.0
57.0
26.75,26.75,27.0,26.5,26.5,26.0,26.75,26.75,26.75,27.0,26.75,26.5,26.75,26.0,26.0,26.25,26.75,26.5,26.75,26.5,26.25,26.5,26.75,26.5,26.5,27.0,26.5,26.25,26.25,26.5,26.5,26.25,28.25,27.5,27.0,26.75,26.5,27.0,26.5,26.5,28.5,28.0,27.75,27.25,26.25,26.5,26.5,25.5,29.25,29.0,27.5,27.25,27.0,26.25,25.75,25.75,27.25,27.0,27.75,27.25,26.25,26.0,25.25,26.5
58.0
27.0,27.25,27.25,26.75,26.75,26.0,27.25,27.0,26.75,27.0,27.0,26.75,27.25,27.0,26.75,26.75,27.0,26.75,26.5,26.5,26.5,26.75,26.75,26.5,27.0,27.25,26.5,26.5,26.75,26.25,26.25,26.75,28.5,27.75,26.75,26.75,26.75,27.25,26.5,26.75,29.5,28.75,27.75,27.5,26.75,26.5,26.0,26.0,29.25,29.0,27.75,27.75,27.25,26.5,26.25,26.0,27.5,27.0,27.25,28.0,27.25,25.75,25.5,26.75
59.0
26.5,26.75,27.0,26.5,26.75,26.5,27.5,27.25,27.0,26.5,26.25,26.5,27.0,26.25,26.75,26.25,27.0,26.75,26.5,26.5,26.25,26.5,26.75,26.5,26.75,27.0,27.0,26.5,26.25,26.5,26.5,26.75,28.75,27.75,27.0,26.75,27.0,26.75,26.75,26.75,29.0,28.75,27.5,27.5,26.5,26.25,26.25,25.5,29.25,28.75,28.25,28.0,27.0,26.5,26.0,26.0,27.5,27.5,27.5,27.25,27.0,26.0,26.0,26.5
60.0
26.5,27.0,27.0,27.0,26.5,26.5,27.25,27.25,27.0,26.25,27.0,27.25,27.0,26.25,26.5,26.25,27.0,26.5,26.75,26.25,26.5,26.75,26.5,26.25,27.25,27.25,27.0,26.25,26.5,26.5,27.0,26.75,28.25,27.5,27.5,26.75,27.0,26.5,27.0,26.25,29.25,28.5,27.5,27.5,26.5,26.25,26.5,26.0,29.0,29.0,28.0,27.5,27.25,26.75,25.75,26.25,27.5,27.0,27.75,27.25,27.0,26.25,25.75,26.5
