1.0
26.75,27.25,27.25,26.75,26.5,26.5,27.25,27.5,27.25,27.0,26.75,26.75,27.25,26.75,27.25,26.25,27.25,27.0,27.0,26.75,27.0,26.5,26.5,26.25,27.0,28.25,28.75,28.0,26.75,26.75,26.75,26.5,27.75,28.75,28.75,28.0,27.0,26.75,26.75,26.5,27.75,28.75,29.25,27.5,26.75,26.5,26.75,26.0,26.75,27.5,26.75,26.75,26.25,26.25,26.5,26.5,26.25,26.75,26.5,26.5,26.5,26.5,26.0,26.25
2.0
26.75,27.25,26.75,26.25,26.5,26.5,27.0,27.25,27.25,27.0,27.0,26.75,26.75,26.75,26.5,26.0,26.75,27.0,27.25,26.25,27.0,26.25,27.0,26.5,27.0,28.0,28.5,27.75,27.0,26.5,26.75,26.5,27.5,28.5,28.75,27.75,27.0,27.0,26.75,26.5,27.25,28.25,29.25,27.5,26.5,27.25,26.25,26.25,27.0,27.0,27.0,26.75,26.5,26.5,26.25,26.25,26.25,26.75,26.75,26.5,26.25,26.25,26.0,26.75
3.0
27.0,27.25,27.25,26.75,26.75,26.75,27.25,27.5,26.75,26.5,26.75,26.5,27.0,26.75,26.25,26.25,27.5,27.25,27.25,27.25,27.0,27.0,26.5,26.5,27.0,28.5,28.75,28.0,27.0,26.5,26.75,27.0,27.75,29.0,28.5,28.0,26.75,27.0,26.5,26.75,27.75,28.75,29.0,27.5,26.75,26.75,26.0,26.25,26.75,27.25,27.0,26.25,27.0,26.25,26.5,26.0,26.0,26.75,26.5,26.25,26.75,26.0,26.25,26.5
4.0
26.5,27.0,26.75,26.5,26.75,26.25,27.5,27.0,27.0,26.75,27.0,26.75,27.0,26.5,26.5,26.5,27.0,26.75,27.25,26.5,26.5,26.75,26.75,26.75,26.75,28.25,28.75,28.0,27.0,26.5,26.75,26.75,27.25,28.5,28.75,27.75,27.0,26.75,26.5,26.5,27.25,29.0,29.25,27.5,26.25,26.75,26.0,26.25,27.0,27.5,27.25,27.0,27.0,26.5,26.25,26.0,27.0,26.5,26.25,26.5,27.0,26.5,25.75,26.5
5.0
26.5,26.75,27.0,26.0,26.5,26.5,27.0,26.75,27.25,26.5,26.5,26.75,26.5,26.5,26.5,26.5,27.0,26.25,26.75,26.75,26.25,26.25,27.0,26.25,26.5,28.25,28.5,28.0,26.5,26.5,26.75,27.0,27.25,28.5,29.0,28.0,26.75,26.25,26.5,26.25,27.0,28.25,28.75,27.5,26.5,27.0,26.25,25.75,27.0,27.0,26.75,26.5,26.75,26.25,26.0,26.0,26.5,25.75,26.75,26.75,26.75,25.75,25.75,26.75
6.0
27.25,26.5,27.5,26.5,26.5,26.75,27.0,27.0,26.75,27.0,27.0,26.5,26.75,26.5,26.75,26.75,27.5,27.25,26.75,26.75,27.0,26.75,26.5,26.5,26.5,28.25,28.5,28.0,26.75,26.5,26.75,26.75,27.75,28.75,29.25,27.75,26.75,26.5,27.0,26.75,27.5,27.75,29.5,27.5,26.75,26.5,26.5,26.0,26.5,27.5,26.5,26.75,27.0,26.5,26.25,26.0,26.5,26.5,26.75,26.75,26.0,26.25,25.75,26.75
7.0
27.25,27.0,27.0,27.0,26.75,26.5,27.0,27.0,26.5,27.25,26.5,26.75,26.75,26.0,26.25,26.75,27.0,26.75,27.25,26.75,26.5,26.75,26.5,26.5,26.75,28.25,28.5,28.0,27.0,26.75,26.5,26.75,27.0,28.5,28.75,28.0,27.0,27.0,26.75,26.5,27.25,28.25,29.25,27.75,26.5,26.75,26.5,26.0,27.0,27.25,26.75,26.75,26.75,27.0,26.0,26.0,26.25,26.75,26.75,26.5,26.0,26.0,25.75,26.75
8.0
26.5,27.5,27.5,26.5,27.0,26.5,26.75,27.25,26.25,26.5,26.5,26.5,26.75,26.25,26.75,26.75,27.0,26.75,26.75,27.0,26.5,26.75,26.5,26.5,26.75,28.0,28.5,28.0,26.5,26.25,26.5,27.0,27.25,28.5,29.0,28.0,26.75,26.75,26.5,26.25,27.5,28.75,29.0,27.5,26.5,26.75,26.25,25.75,27.5,27.0,27.0,27.0,26.5,26.25,26.5,26.25,27.0,26.75,26.5,26.75,26.25,25.75,25.75,26.75
9.0
26.75,27.0,27.0,27.0,26.75,26.5,26.5,27.25,26.75,27.0,26.75,27.25,27.0,26.5,26.5,26.75,26.75,27.0,26.75,26.75,26.75,26.5,26.5,26.0,27.0,28.25,28.5,27.75,26.5,26.25,26.25,26.5,27.25,28.5,28.75,27.75,26.25,27.0,26.5,26.5,27.75,28.25,29.25,28.0,26.25,27.0,25.75,26.5,27.5,27.0,26.75,26.5,26.75,26.5,26.0,26.25,26.5,26.5,26.25,26.5,26.5,25.5,26.25,26.75
10.0
26.25,26.75,26.0,26.5,26.25,26.0,26.5,27.0,26.25,26.75,26.75,26.75,27.25,26.5,26.25,26.5,26.75,26.75,27.0,26.5,26.75,26.5,26.25,26.25,26.5,28.0,28.25,27.75,26.75,25.75,26.0,26.75,27.25,28.5,28.75,27.75,26.75,26.25,26.5,26.5,27.0,28.25,28.75,27.0,26.75,26.5,26.5,25.75,26.5,27.0,26.5,26.0,26.25,26.0,26.0,26.0,26.5,26.75,26.5,26.25,26.5,26.0,25.75,26.75
11.0
26.5,27.0,26.5,26.5,26.0,26.0,26.75,26.25,27.0,27.0,26.75,26.5,26.75,26.75,26.5,26.0,27.25,26.75,27.0,26.5,26.75,26.75,26.25,26.25,26.75,28.25,28.25,27.75,26.5,26.25,26.25,26.0,26.75,28.5,28.5,27.25,26.25,26.0,26.0,26.25,27.25,28.0,28.25,27.0,26.25,26.5,26.0,25.75,27.25,26.5,26.75,26.5,26.75,26.25,26.0,26.25,26.75,26.5,26.5,26.0,26.5,26.0,25.75,26.75
12.0
26.5,27.0,26.5,26.25,26.5,26.25,26.75,26.75,26.5,26.5,26.5,26.25,26.75,26.25,26.25,26.25,27.0,26.75,27.0,26.5,26.5,26.5,26.75,26.0,26.75,28.25,28.5,27.5,26.0,26.25,26.5,26.25,27.25,29.25,29.0,27.5,26.25,26.5,26.5,26.0,26.75,28.0,28.25,27.25,26.5,26.5,26.25,26.0,26.5,27.0,26.75,26.25,26.5,26.0,25.5,26.5,26.25,26.75,26.5,26.5,26.0,26.0,25.75,26.75
13.0
26.5,27.25,26.75,26.75,26.75,26.75,26.75,27.0,27.25,27.0,26.75,27.0,27.0,26.75,26.25,26.5,27.0,27.25,27.25,26.5,26.5,27.0,26.5,26.75,27.25,28.75,28.75,27.5,26.5,26.25,26.5,26.25,27.25,29.0,29.25,27.5,26.75,26.25,26.25,26.75,27.25,27.75,28.5,27.25,26.25,26.5,26.0,26.25,26.5,27.0,26.75,26.5,26.75,26.25,26.25,26.25,26.75,26.25,26.5,26.5,26.25,26.0,26.0,26.25
14.0
27.0,26.75,26.75,26.75,26.25,26.5,27.0,26.75,27.0,27.25,26.75,26.75,26.75,26.25,26.5,26.25,27.0,27.5,27.75,27.0,27.25,27.0,26.5,26.5,27.25,28.25,29.0,27.75,26.5,26.5,27.0,26.75,28.0,29.0,29.0,27.5,26.5,26.5,26.5,26.5,26.75,27.5,28.0,27.25,26.25,26.75,26.0,26.0,26.75,27.25,26.5,26.5,26.75,26.75,25.75,26.75,26.75,26.75,26.25,26.25,26.5,26.0,25.75,26.5
15.0
26.5,27.0,27.0,26.75,26.75,26.25,27.0,27.5,27.25,27.0,27.0,27.0,27.25,26.5,26.5,26.5,27.75,27.5,28.25,26.5,26.75,26.75,26.5,26.0,27.0,29.0,29.25,27.75,26.75,26.5,26.5,26.5,27.5,28.75,29.5,27.25,26.5,26.75,26.25,26.5,27.25,27.25,28.25,27.25,26.75,26.75,26.0,26.25,27.5,26.75,26.75,26.25,26.5,26.0,26.25,26.25,26.5,26.75,26.5,26.75,26.25,26.25,26.25,26.75
16.0
26.75,27.25,26.75,26.75,26.5,26.5,27.0,27.5,26.75,27.25,26.5,26.5,27.0,26.0,26.5,26.5,27.25,27.75,27.5,26.75,26.75,27.0,26.5,26.5,27.0,29.25,29.0,27.75,26.5,26.25,26.0,27.0,26.75,28.75,29.5,27.25,26.5,26.5,26.75,26.25,27.0,27.75,28.0,26.75,26.5,26.5,26.5,26.0,27.0,27.0,26.25,26.5,26.75,26.25,26.0,26.0,26.75,26.5,26.5,26.25,26.5,26.25,26.25,27.25
17.0
26.5,27.0,26.75,26.75,26.75,26.5,26.75,26.5,26.75,27.0,26.75,26.75,26.5,26.25,26.5,26.5,27.5,27.75,28.0,26.75,26.5,26.25,26.75,26.5,26.75,29.0,29.0,27.75,26.5,26.25,26.5,26.5,27.0,29.0,28.75,27.25,26.5,26.5,26.5,26.25,27.25,27.0,28.0,27.0,26.25,26.25,26.0,26.25,26.5,27.0,26.25,26.75,26.25,26.25,25.75,26.0,25.75,26.0,26.25,26.25,26.0,25.75,26.0,26.25
18.0
27.0,27.25,27.25,26.5,26.5,26.5,26.75,27.0,26.75,27.0,26.75,26.75,26.5,26.75,26.25,26.25,27.5,28.0,28.0,26.75,26.75,26.75,26.75,26.0,27.0,29.5,29.25,27.75,26.75,26.25,26.25,26.5,26.75,28.25,28.5,27.0,26.5,26.75,26.25,26.75,27.5,27.5,28.0,27.25,26.5,26.5,26.25,26.25,27.0,26.75,26.25,27.0,26.5,26.75,26.0,26.25,26.5,26.25,26.75,26.5,26.25,26.25,25.75,26.75
19.0
26.5,27.5,27.25,26.25,26.5,26.5,27.25,27.0,27.0,27.5,27.0,26.5,26.75,26.75,26.5,26.25,27.5,27.75,29.0,27.0,26.5,26.75,26.25,26.0,27.25,29.5,29.25,27.25,26.5,26.5,26.5,26.75,27.0,28.0,28.5,27.25,27.0,26.5,26.5,26.75,27.0,27.25,28.0,27.0,26.5,26.25,26.5,26.0,27.0,27.0,26.5,26.5,26.25,26.25,26.25,26.75,26.5,26.25,26.0,26.5,26.25,26.0,25.75,26.5
20.0
26.75,27.0,27.5,26.5,26.75,26.25,27.0,27.0,27.0,27.5,27.75,27.0,27.0,26.75,26.5,26.5,27.75,28.25,29.0,27.25,26.75,27.0,26.5,26.5,27.0,29.5,29.0,27.5,26.75,26.5,26.5,26.25,27.25,28.25,28.75,27.25,26.5,27.0,26.75,27.25,27.0,27.5,28.0,27.25,26.5,26.25,26.0,26.25,26.75,27.25,26.25,26.5,26.5,26.75,26.0,26.5,26.75,26.25,27.0,26.75,26.25,26.25,26.0,26.5
21.0
26.75,27.25,27.0,26.75,27.0,26.5,27.25,27.0,27.25,28.0,28.5,27.0,27.25,26.5,26.5,26.25,27.5,29.25,30.0,27.25,27.0,26.75,26.5,27.0,27.0,29.5,29.25,27.75,26.75,26.0,26.25,26.75,27.25,28.5,28.5,27.25,26.75,26.75,26.75,26.0,27.0,27.25,28.25,27.25,26.75,26.75,26.0,26.25,27.25,27.0,27.0,26.0,26.5,26.5,26.0,25.75,26.75,26.5,26.25,26.75,26.25,26.0,26.25,26.25
22.0
27.5,27.75,27.5,26.5,26.5,26.5,27.0,27.0,27.5,28.25,28.75,26.75,27.0,26.25,26.25,26.0,28.25,29.25,29.25,27.0,26.75,26.5,26.5,26.5,27.25,29.25,29.25,27.5,26.75,26.5,26.5,26.25,27.0,28.25,28.5,27.0,26.5,26.75,26.0,26.5,27.25,27.5,28.0,27.0,26.0,26.5,26.75,25.75,26.5,27.0,26.25,26.5,26.75,26.25,26.0,26.5,26.5,27.0,26.25,26.5,26.25,26.25,26.0,26.75
23.0
27.5,27.75,27.5,26.5,26.5,26.5,27.0,27.0,27.5,28.25,28.75,26.75,27.0,26.25,26.25,26.0,28.25,29.25,29.25,27.0,26.75,26.5,26.5,26.5,27.25,29.25,29.25,27.5,26.75,26.5,26.5,26.25,27.0,28.25,28.5,27.0,26.5,26.75,26.0,26.5,27.25,27.5,28.0,27.0,26.0,26.5,26.75,25.75,26.5,27.0,26.25,26.5,26.75,26.25,26.0,26.5,26.5,27.0,26.25,26.5,26.25,26.25,26.0,26.75
24.0
26.5,27.5,27.25,26.25,26.25,26.0,27.0,27.0,27.0,28.5,28.5,27.0,26.5,25.75,26.25,26.5,27.5,29.75,29.5,27.25,26.75,26.75,26.5,26.5,27.0,29.25,29.0,27.25,26.5,26.0,26.5,26.5,27.5,28.75,28.75,27.25,26.75,26.75,26.25,26.75,27.0,27.25,27.75,27.0,26.5,26.75,26.0,25.75,27.0,27.0,26.5,26.25,26.5,26.25,26.0,26.0,26.5,26.0,26.25,26.5,26.25,25.5,25.75,26.25
25.0
27.0,28.0,27.5,26.75,26.5,26.75,27.25,26.75,27.0,29.0,28.5,26.75,27.25,26.25,27.0,26.25,27.75,29.25,29.75,27.5,26.25,26.75,27.0,26.5,27.5,29.5,29.5,27.25,26.5,26.25,26.75,26.75,27.25,28.75,28.5,26.75,26.5,26.5,26.25,26.5,27.25,27.25,27.75,27.25,26.5,26.5,26.25,25.75,26.75,27.5,26.75,26.5,26.25,26.0,26.25,26.5,26.25,26.5,26.75,26.5,26.25,26.0,25.75,26.25
26.0
26.75,28.25,27.5,26.75,26.5,26.5,26.5,26.75,27.75,29.5,28.25,27.0,27.0,26.25,26.5,26.5,28.25,29.5,29.5,27.5,26.75,26.5,26.75,26.25,27.25,29.5,29.0,27.75,26.75,26.75,26.25,26.5,27.25,29.0,28.25,27.25,27.0,26.5,26.25,27.0,27.25,27.0,28.0,26.75,26.75,26.75,26.0,25.75,26.5,26.75,26.75,26.5,26.5,26.75,26.25,26.0,27.0,26.75,26.5,26.5,26.0,26.0,25.75,26.75
27.0
27.25,28.75,28.0,26.5,26.75,26.75,27.0,27.5,28.0,29.75,28.25,27.5,26.75,26.5,26.5,26.25,28.5,29.5,29.5,27.25,26.5,27.0,26.5,26.0,27.75,29.5,29.25,27.75,26.75,26.5,26.5,27.0,27.25,29.0,28.25,27.25,26.75,26.75,26.0,26.75,27.25,27.0,28.0,27.25,26.25,26.5,26.25,25.75,27.0,27.25,26.25,26.5,26.5,26.25,26.25,26.25,26.25,26.5,26.5,26.5,26.5,26.0,26.5,26.5
28.0
27.5,29.0,27.75,26.5,26.75,26.5,27.0,26.75,27.75,30.0,28.25,26.75,26.75,26.75,26.75,26.5,29.25,29.75,29.5,27.5,26.75,26.5,26.5,26.75,28.0,29.5,29.0,27.25,26.75,26.25,26.5,26.75,27.5,28.75,28.0,27.0,27.0,26.5,26.25,26.75,27.25,27.25,28.0,27.25,26.5,26.75,26.25,26.0,26.75,27.0,26.0,26.25,26.75,26.25,26.0,26.0,26.5,26.25,26.25,26.0,26.0,25.75,25.75,27.25
29.0
27.0,29.0,27.5,26.25,26.5,26.25,27.25,26.75,28.25,29.25,27.75,27.0,26.5,26.5,26.5,26.0,28.75,29.75,29.25,26.75,27.0,26.75,26.5,26.5,28.0,29.25,29.0,27.25,26.25,26.0,26.25,26.25,27.75,28.75,28.0,26.75,26.75,26.5,26.25,26.5,26.75,27.25,28.0,27.25,26.75,26.0,26.5,25.75,26.75,27.0,26.75,26.0,26.5,26.25,26.0,26.0,26.75,26.25,26.25,25.75,26.25,26.0,26.0,26.5
30.0
28.0,29.25,27.5,26.75,26.75,26.5,27.0,27.25,28.5,29.75,28.25,27.0,27.25,26.5,26.5,26.25,29.75,29.75,29.25,27.0,26.75,26.0,26.5,26.25,28.5,29.25,28.75,27.0,26.75,26.25,26.75,26.25,27.5,28.75,28.5,27.25,26.75,26.75,26.5,26.0,27.0,27.25,28.0,27.0,26.5,26.75,26.25,26.25,26.75,26.75,27.0,26.25,26.25,26.25,26.5,26.0,26.5,26.75,26.5,26.75,26.25,26.25,26.0,26.25
31.0
28.75,27.5,27.0,26.75,26.75,26.0,27.25,26.75,29.5,27.5,27.5,27.0,27.0,26.75,26.5,26.5,30.25,30.0,29.25,27.5,26.75,27.0,26.75,26.75,28.75,29.25,28.75,27.25,26.75,26.25,26.75,26.5,27.5,28.25,28.25,27.0,26.5,26.5,26.5,27.0,27.25,27.25,28.25,27.0,26.75,26.25,26.75,26.0,27.0,26.75,26.5,26.5,26.75,26.75,26.25,26.5,27.0,26.5,27.0,26.5,26.0,25.75,26.25,26.5
32.0
28.5,27.75,27.0,26.5,26.5,26.75,27.0,27.25,29.5,27.5,26.75,26.5,26.5,26.5,26.0,26.25,30.5,29.5,29.25,27.0,26.5,26.25,26.25,26.25,29.0,29.25,28.5,27.0,26.25,26.5,26.5,26.75,27.25,28.0,28.25,27.0,27.0,26.5,26.25,26.25,26.75,27.0,27.5,27.0,26.5,26.5,26.0,26.0,27.25,26.75,26.75,26.75,26.5,26.5,26.0,26.25,26.75,26.25,26.25,26.25,26.25,25.75,26.0,26.75
33.0
28.0,27.25,27.5,26.75,26.5,27.0,27.0,26.75,29.5,27.5,27.0,27.0,26.75,26.5,26.75,26.25,30.25,29.75,29.0,27.0,26.5,26.5,26.0,26.5,28.5,29.5,28.25,27.5,26.5,26.25,26.25,26.5,27.5,28.0,27.75,27.0,26.75,27.0,26.25,26.75,27.25,26.75,27.5,27.0,26.5,26.5,26.25,26.0,26.5,27.0,26.25,26.5,26.75,25.75,26.25,26.0,26.25,26.5,26.25,26.25,26.25,26.0,26.0,26.75
34.0
27.75,27.5,27.0,26.75,26.75,26.5,26.5,27.25,29.5,27.25,26.75,27.25,26.75,26.5,26.5,26.5,30.5,29.5,29.25,27.25,26.75,27.0,26.75,26.5,28.75,29.5,28.75,27.25,26.5,26.0,26.5,27.0,28.0,27.25,28.25,27.0,26.5,26.75,27.0,26.25,27.25,27.0,27.75,27.5,26.75,26.75,26.5,26.25,26.75,27.0,26.25,26.5,26.75,26.5,26.25,26.25,26.75,26.5,26.25,26.5,26.25,26.5,26.25,27.0
35.0
27.25,26.75,26.75,26.75,26.5,25.75,26.75,26.75,29.25,27.25,26.75,26.75,27.0,26.5,26.0,26.25,30.25,29.5,28.75,27.25,27.0,26.75,26.25,26.75,29.0,29.75,28.75,27.0,26.5,26.5,26.5,26.5,27.5,27.25,27.75,26.75,26.5,26.25,26.5,26.5,27.0,27.0,27.25,26.75,26.0,26.75,26.0,25.5,26.25,26.75,26.75,26.25,26.25,26.5,26.0,25.75,26.5,26.0,26.25,26.25,26.0,26.0,25.5,26.0
36.0
27.0,27.5,27.75,26.75,27.25,27.0,27.25,26.75,29.5,27.5,27.5,26.75,27.25,26.25,26.5,26.5,30.5,29.75,28.5,27.25,26.25,26.25,26.5,26.0,29.0,29.5,28.5,27.0,26.75,26.5,26.5,26.5,27.25,28.0,27.75,27.0,27.0,26.75,26.75,27.0,27.0,27.0,27.75,27.0,26.5,26.75,26.25,25.75,26.75,27.25,26.75,26.75,26.5,26.25,26.25,26.25,26.25,26.25,27.0,26.5,26.25,26.0,26.0,26.0
37.0
27.25,27.25,27.0,26.25,26.5,27.0,27.0,27.0,29.5,27.25,27.0,27.25,26.5,26.5,26.0,26.5,30.25,29.25,28.75,26.75,26.75,26.5,26.75,26.5,28.75,29.75,28.75,27.25,26.5,26.25,26.25,26.5,27.75,27.5,27.75,27.0,26.75,27.0,26.25,26.5,27.0,27.0,28.0,27.0,26.5,26.5,26.25,26.0,27.0,27.0,26.5,26.75,26.75,26.75,26.0,26.25,26.5,27.25,26.5,26.5,26.5,26.25,26.0,26.25
38.0
27.25,27.5,27.5,26.5,26.75,26.75,27.0,27.5,29.25,27.0,27.0,27.0,27.0,26.25,26.5,26.25,30.75,29.5,28.75,27.0,26.75,26.5,26.5,26.25,28.5,29.5,28.5,27.0,27.0,26.0,26.0,26.5,27.25,27.5,27.75,26.75,26.75,26.75,26.5,26.5,27.0,26.75,27.75,26.5,26.25,26.75,26.0,26.0,27.0,26.75,26.25,26.5,26.5,26.25,26.25,26.0,26.0,26.75,26.5,26.5,26.0,25.75,26.5,26.25
39.0
27.0,27.5,27.25,26.25,26.5,26.5,27.0,26.75,29.0,27.0,27.0,26.75,26.75,26.5,26.25,26.5,30.5,29.5,28.5,27.5,27.25,26.5,26.75,26.5,28.75,29.5,29.25,27.0,26.75,26.25,26.5,26.5,27.25,27.75,27.75,27.0,27.0,26.75,26.5,26.5,27.0,27.0,27.75,27.25,26.75,27.0,26.25,26.0,27.0,26.75,26.5,26.75,26.5,26.25,26.25,26.0,26.5,26.25,26.5,26.75,26.5,26.0,26.0,26.25
40.0
27.0,27.5,27.25,26.25,26.5,26.5,27.0,26.75,29.0,27.0,27.0,26.75,26.75,26.5,26.25,26.5,30.5,29.5,28.5,27.5,27.25,26.5,26.75,26.5,28.75,29.5,29.25,27.0,26.75,26.25,26.5,26.5,27.25,27.75,27.75,27.0,27.0,26.75,26.5,26.5,27.0,27.0,27.75,27.25,26.75,27.0,26.25,26.0,27.0,26.75,26.5,26.75,26.5,26.25,26.25,26.0,26.5,26.25,26.5,26.75,26.5,26.0,26.0,26.25
41.0
27.75,28.0,27.0,26.5,27.0,26.25,27.0,27.0,28.75,27.5,26.75,26.75,26.75,26.25,26.5,26.25,30.5,29.75,28.75,27.0,26.5,26.5,26.75,26.5,29.0,29.5,28.5,27.0,26.5,26.25,26.5,26.75,27.75,27.5,27.75,26.75,27.0,26.75,26.5,26.5,27.5,27.0,27.75,27.0,26.75,26.25,26.25,26.0,26.5,26.75,26.25,26.75,26.5,26.25,25.75,26.0,26.5,27.0,26.0,26.0,26.5,26.25,26.0,26.5
42.0
27.5,27.75,27.5,26.5,26.25,26.25,26.5,27.0,29.0,27.25,27.0,26.75,26.5,26.5,26.0,26.25,30.25,29.75,28.75,26.75,26.25,26.5,26.5,26.0,28.5,29.25,28.5,26.75,26.25,26.0,26.5,26.5,27.0,27.25,27.25,26.75,26.75,26.5,26.5,26.75,27.25,26.5,27.5,26.75,26.5,26.25,25.75,26.0,26.5,27.0,26.5,26.25,26.25,26.25,26.0,26.0,26.0,26.25,26.25,26.5,26.25,25.75,25.75,26.25
43.0
28.25,27.25,27.25,26.5,26.5,26.5,27.25,27.0,29.25,27.25,26.75,26.75,27.0,26.5,26.5,26.25,30.0,29.5,28.75,27.0,26.75,26.75,26.5,26.75,28.25,29.25,28.5,27.25,26.5,26.5,26.0,26.5,27.0,27.5,28.0,27.0,26.75,26.75,26.5,26.5,26.75,27.0,27.5,26.75,26.25,26.0,26.0,26.0,27.0,27.0,26.25,26.5,26.75,26.0,25.75,26.25,26.25,26.0,26.75,26.0,26.25,25.75,25.5,26.5
44.0
28.0,27.5,27.25,26.5,26.75,27.0,27.25,27.0,29.0,27.5,26.75,26.5,26.5,26.25,26.25,26.5,30.0,29.5,29.0,26.75,26.5,26.5,26.5,26.25,28.5,29.5,28.5,27.25,26.5,26.25,26.5,26.25,27.25,27.75,27.75,27.0,26.5,26.75,26.5,27.0,27.25,27.25,27.5,27.25,26.5,26.5,26.25,26.5,26.75,27.25,26.5,26.5,26.5,26.25,25.75,26.5,26.0,26.25,26.0,26.5,26.0,26.0,26.0,26.25
45.0
28.0,27.25,27.25,26.5,26.75,26.25,26.75,26.75,29.5,27.5,27.25,27.0,26.5,26.75,26.25,26.75,30.75,29.75,29.0,27.0,26.25,27.0,26.5,26.0,28.75,29.25,28.75,27.0,26.75,25.75,26.5,26.5,27.0,27.0,27.75,27.0,26.75,26.5,26.25,26.5,27.25,26.75,27.5,27.0,26.25,26.25,26.0,26.25,26.75,26.75,26.5,26.75,26.5,26.5,26.0,26.5,26.75,27.0,26.0,26.5,26.5,26.0,26.0,26.75
46.0
28.75,27.0,27.5,26.5,26.25,26.25,27.0,26.75,29.25,27.75,26.5,26.75,26.5,26.25,26.25,26.5,30.25,29.75,28.75,26.5,26.75,26.5,26.5,26.0,28.75,29.5,28.5,27.0,26.25,26.25,26.75,26.75,27.0,27.25,27.5,26.75,26.75,26.25,26.5,26.75,27.0,27.0,27.5,26.75,26.5,26.25,26.25,25.5,26.75,27.0,26.25,26.25,26.25,26.5,26.0,26.0,26.5,26.25,26.5,26.25,26.5,26.25,25.75,26.25
47.0
27.75,26.75,26.75,26.25,26.25,25.75,27.0,26.75,29.0,27.25,27.0,26.5,26.5,26.0,26.5,26.75,30.0,29.75,29.0,26.5,26.25,26.0,26.5,25.75,28.5,29.25,28.0,26.75,26.0,26.25,26.25,26.25,27.0,27.0,27.75,26.75,26.25,26.75,26.25,26.75,27.0,26.75,27.75,26.75,26.25,26.25,26.0,25.5,26.25,26.75,25.75,26.5,26.25,26.5,25.5,25.75,26.5,25.75,26.25,26.25,26.25,26.0,26.0,26.5
48.0
28.0,27.5,26.5,26.75,26.0,26.25,27.25,27.25,29.25,27.5,27.25,26.75,26.75,26.5,26.5,26.0,30.5,29.75,28.75,26.75,27.0,26.75,26.75,26.25,28.75,29.5,28.5,27.0,26.5,26.5,26.25,26.5,27.25,27.25,27.5,26.75,26.5,26.75,26.75,26.75,26.75,26.75,27.25,27.25,26.25,26.5,26.25,25.75,26.0,27.0,26.5,26.25,26.5,26.5,25.75,26.25,26.5,26.5,26.75,26.75,26.5,26.5,26.0,26.75
49.0
28.25,27.5,27.0,26.0,26.75,25.75,27.0,26.5,29.5,27.75,26.75,26.5,26.5,25.75,26.0,26.0,30.25,29.75,28.5,27.0,26.5,26.75,26.5,26.0,28.75,29.5,28.5,26.75,26.5,26.0,26.25,26.5,27.25,27.0,27.5,26.75,26.25,26.5,26.75,26.75,27.25,27.25,27.0,26.75,26.5,26.25,26.0,25.75,26.75,26.5,26.5,26.5,26.5,26.5,26.25,26.0,26.75,25.75,26.5,26.5,25.75,26.0,26.0,26.25
50.0
28.0,27.25,27.0,26.75,26.5,26.0,27.5,27.25,29.5,27.5,26.75,26.5,26.75,26.25,26.0,26.5,30.25,29.75,28.75,26.75,26.5,26.5,26.75,25.75,28.75,29.25,28.5,27.25,26.75,26.0,26.25,26.25,27.25,27.5,27.5,27.25,26.75,26.5,26.25,26.25,26.75,27.0,27.75,26.75,26.5,26.5,26.0,26.0,26.5,26.5,26.75,26.5,26.5,26.25,25.75,26.25,26.5,26.5,26.0,26.5,26.0,26.0,25.5,26.5
51.0
28.0,27.0,26.75,26.75,26.25,26.25,27.0,27.0,29.25,27.75,26.5,26.5,26.75,26.25,26.5,26.25,30.25,29.75,28.75,26.75,26.5,26.25,26.75,26.5,29.0,29.25,28.25,27.0,26.25,26.25,26.75,26.25,27.0,27.25,27.75,26.75,26.5,26.75,26.0,26.5,27.0,27.0,27.25,27.0,26.5,26.75,26.0,26.0,26.5,26.5,26.25,26.25,26.5,26.5,25.75,26.0,26.25,26.25,26.0,26.25,26.0,25.75,26.0,26.0
52.0
28.0,27.5,27.25,26.75,26.5,26.0,26.75,27.0,29.75,27.25,27.0,26.75,26.5,26.25,26.25,26.75,30.75,29.75,29.0,26.5,26.75,26.75,26.25,26.25,28.5,29.0,28.25,27.25,26.5,26.75,26.5,26.25,27.5,27.25,27.5,26.75,26.25,26.5,26.25,26.75,27.25,27.0,27.5,27.0,26.5,26.5,26.0,26.0,27.0,26.75,26.5,26.0,26.5,26.5,26.25,26.0,27.0,26.5,26.5,26.5,26.0,26.5,25.75,26.75
53.0
28.0,27.5,27.25,26.5,26.5,26.5,26.5,27.0,29.25,27.25,26.75,26.75,26.5,25.75,26.0,26.25,30.0,30.0,29.0,27.0,26.5,26.5,26.5,26.0,28.5,29.25,28.5,27.0,26.5,26.0,26.5,26.75,27.25,27.5,27.5,26.75,26.5,26.75,26.25,26.5,27.0,26.75,27.5,27.0,26.5,26.5,25.75,26.0,26.25,26.5,26.25,26.5,26.5,26.5,25.5,25.75,26.75,25.75,26.25,26.0,26.5,25.75,25.75,26.5
54.0
27.5,26.75,26.75,26.5,26.0,25.75,26.5,26.5,29.5,27.25,26.5,26.5,26.25,26.0,26.5,26.25,29.75,29.5,28.75,26.5,26.0,26.75,26.25,26.5,28.25,29.0,28.25,27.0,26.0,26.0,25.75,26.75,27.25,27.25,27.5,26.75,26.25,26.5,26.5,26.5,26.75,26.75,27.0,26.25,26.25,26.25,26.0,25.5,26.0,26.5,26.0,26.25,26.25,26.25,25.5,25.75,26.25,26.5,26.0,25.75,25.75,26.25,26.0,26.25
55.0
28.25,27.75,27.25,26.75,26.75,26.25,27.0,27.25,29.25,27.5,27.0,26.5,26.5,26.0,26.5,26.0,30.5,30.0,29.0,27.25,26.75,26.75,26.5,26.25,29.0,29.5,28.5,27.0,26.5,26.0,26.5,26.5,27.25,27.0,27.75,26.5,26.5,26.5,26.25,26.5,27.0,26.75,27.5,27.0,26.5,26.25,26.25,25.75,26.75,26.5,26.25,26.5,26.5,26.0,26.0,25.75,26.25,26.0,26.5,26.5,26.75,26.0,26.0,26.0
56.0
27.75,27.75,26.75,26.75,26.75,26.75,27.0,26.75,29.25,27.75,26.75,27.0,26.5,26.25,26.25,26.75,30.25,29.5,28.75,27.0,26.5,26.25,26.25,26.5,28.5,29.25,28.75,27.0,26.25,25.75,26.25,26.75,27.5,27.0,27.5,26.75,26.5,26.5,26.25,26.5,27.25,26.75,27.0,27.25,26.25,27.0,26.25,25.75,27.0,26.75,26.5,26.25,26.25,26.25,25.75,25.5,26.0,26.5,26.25,26.25,26.25,26.0,26.0,26.25
57.0
28.5,27.0,27.5,26.75,26.25,26.25,27.0,27.0,29.25,27.25,26.75,26.75,26.5,26.25,26.5,26.25,29.75,30.0,28.75,26.5,26.5,26.25,26.25,26.25,28.5,29.5,28.25,27.0,26.0,26.5,26.5,26.5,27.0,27.25,27.5,27.0,26.75,26.5,27.25,26.5,27.0,27.0,27.25,26.75,26.25,26.5,25.75,26.0,26.75,27.0,26.25,26.5,26.5,26.25,26.0,25.75,26.25,26.5,26.25,26.25,26.25,25.75,26.25,26.25
58.0
28.25,27.0,27.0,26.5,26.75,26.0,27.0,26.25,29.25,27.5,26.75,26.5,26.75,26.25,26.0,26.25,30.25,29.5,28.75,26.75,26.75,26.5,26.25,26.5,28.75,29.5,28.5,27.0,26.25,26.25,26.0,26.75,27.25,27.25,27.0,27.0,26.25,26.5,26.5,26.75,27.0,27.0,27.0,26.75,26.25,26.75,26.5,25.75,26.5,26.75,25.75,26.25,26.0,26.25,25.75,25.5,26.25,26.25,26.25,26.25,26.0,25.75,25.75,26.0
59.0
27.75,26.75,27.0,26.25,26.5,26.25,26.75,26.75,28.75,27.25,26.75,26.5,26.25,26.25,26.25,26.25,30.0,29.5,28.75,26.5,26.25,26.25,26.0,25.75,28.5,29.25,28.25,26.5,26.25,25.75,26.25,26.25,27.25,27.0,27.5,26.75,26.5,26.0,26.0,26.25,26.75,26.5,27.25,26.75,26.0,26.0,26.0,25.75,26.25,26.25,26.0,26.0,26.0,25.75,25.5,26.0,26.0,25.75,25.75,25.5,26.25,26.0,25.75,26.75
60.0
28.25,27.75,27.0,26.25,27.0,25.5,26.75,26.75,29.25,27.5,26.75,26.75,26.25,26.25,26.5,26.5,30.0,29.75,29.0,26.75,26.75,26.75,26.5,26.0,28.25,29.25,28.25,26.75,26.5,26.25,26.25,26.25,27.0,27.25,27.25,26.75,26.5,26.25,26.25,26.5,27.25,26.75,27.75,27.0,26.5,26.25,25.75,25.75,27.0,27.0,26.0,26.0,26.75,26.0,25.75,26.0,26.0,26.5,26.0,26.5,26.0,25.75,25.75,27.0
