1.0
27.25,27.25,27.0,27.0,27.5,26.75,27.75,28.0,27.25,27.0,27.0,27.0,27.25,27.25,27.5,27.5,27.0,27.25,27.5,26.75,27.75,28.5,31.0,29.5,26.75,26.75,27.0,27.0,27.75,28.75,30.25,29.25,27.25,27.0,27.0,27.0,28.25,29.5,28.5,27.25,27.25,27.25,27.25,27.0,27.25,27.5,26.5,26.75,26.5,26.5,26.5,26.5,26.75,27.0,26.25,26.5,26.75,26.5,27.0,26.75,26.75,26.25,26.5,26.5
2.0
26.5,27.25,27.0,27.0,26.75,26.75,27.5,27.5,27.0,27.25,26.75,27.5,27.0,27.0,27.25,27.5,26.75,26.75,26.75,26.75,27.0,28.5,29.75,28.5,26.75,26.75,26.75,26.5,27.5,29.0,30.5,29.0,27.25,27.0,26.75,26.75,28.25,29.5,28.5,27.25,27.0,27.0,27.0,27.0,27.0,27.25,26.75,26.75,26.75,26.75,26.75,26.75,27.25,27.0,26.25,26.25,26.5,26.5,26.75,27.0,26.25,26.25,25.75,26.5
3.0
26.5,27.5,27.0,27.0,27.5,26.75,27.5,28.0,26.75,27.0,26.75,27.0,27.0,27.25,27.25,27.25,27.5,26.75,27.0,26.75,27.5,28.0,30.5,29.0,26.5,26.75,26.75,26.75,27.75,29.0,30.5,29.25,27.0,26.75,26.75,27.0,28.25,29.25,28.5,27.5,27.25,27.25,27.0,27.25,27.0,27.0,26.75,26.5,27.0,27.0,26.5,26.5,26.75,26.75,26.0,26.75,27.0,26.5,26.75,26.5,26.25,26.25,26.25,25.75
4.0
27.0,27.25,27.25,26.75,27.5,26.5,27.5,27.5,27.0,26.75,27.25,27.0,27.25,27.25,27.0,27.0,27.5,27.25,27.25,26.75,27.25,28.0,30.0,29.25,26.5,27.0,27.25,26.5,27.25,29.0,30.75,29.25,26.75,26.75,26.75,26.75,28.25,29.25,28.75,27.5,27.5,27.0,27.0,27.25,26.75,27.5,26.75,26.5,27.5,26.75,26.5,26.75,27.25,27.0,26.5,26.25,26.75,26.5,26.25,26.25,26.5,26.25,25.75,26.25
5.0
27.0,27.25,26.75,26.5,27.0,26.5,27.0,26.75,26.75,27.0,26.75,26.75,27.0,26.75,27.0,27.0,27.0,26.5,27.0,26.75,27.0,27.75,29.75,29.25,26.5,27.0,26.5,26.75,27.25,29.0,31.0,29.5,27.0,26.75,26.75,26.75,27.75,29.0,28.75,27.25,27.25,26.75,26.75,27.0,26.75,27.25,26.5,26.75,26.5,27.0,26.25,26.25,26.75,27.0,26.5,26.0,26.5,26.25,26.5,26.25,26.5,25.5,25.75,26.0
