1.0
26.5,26.25,26.5,26.0,26.5,26.0,26.5,26.75,27.0,26.5,26.5,26.5,26.75,26.25,26.5,26.25,28.5,27.25,26.5,26.5,26.75,27.0,26.5,26.0,28.75,28.25,26.75,26.25,26.25,26.25,26.25,26.5,28.75,28.25,27.25,26.25,26.75,26.5,26.5,26.5,27.25,26.75,27.0,26.75,26.25,26.75,26.0,25.75,26.5,26.75,26.5,26.25,26.75,26.25,25.5,26.0,26.5,26.5,26.0,26.0,26.25,26.0,26.0,25.5
2.0
26.5,26.75,26.25,26.5,27.0,26.25,26.75,27.25,26.75,27.0,27.25,26.5,26.75,26.75,26.25,26.25,29.25,27.25,26.75,26.75,26.75,26.75,26.5,26.5,29.25,28.5,27.0,26.75,26.5,26.5,26.25,26.5,29.0,28.75,27.5,26.75,26.5,26.75,26.5,26.25,27.25,27.25,27.75,27.0,26.5,27.25,26.5,26.0,26.75,27.25,26.25,26.5,26.5,26.25,26.5,26.5,26.25,26.0,26.25,26.25,26.5,26.25,26.0,26.75
3.0
26.75,26.5,26.75,26.75,26.5,26.0,26.75,26.75,27.25,26.75,26.75,26.5,26.75,26.25,26.5,26.5,28.75,27.5,26.75,26.5,26.75,27.25,27.0,26.5,29.0,28.0,27.25,26.5,26.75,26.25,26.25,27.0,29.0,28.0,27.5,27.0,26.5,26.75,26.5,26.75,27.75,27.25,27.75,27.0,26.5,26.75,26.75,25.75,27.0,27.25,26.5,26.75,26.75,26.5,25.75,26.25,26.25,26.25,26.5,26.75,26.5,26.25,26.25,26.25
4.0
26.75,27.0,26.75,26.25,26.5,26.5,27.0,27.0,27.25,26.75,26.75,26.75,26.75,26.75,26.25,26.5,29.0,27.0,26.75,26.25,27.0,26.75,26.5,26.0,28.75,28.25,27.25,26.75,26.75,26.75,26.75,27.0,28.75,28.25,27.5,26.75,26.5,26.75,26.75,26.5,27.5,27.0,27.5,27.25,26.5,26.75,26.0,25.75,27.0,26.75,26.25,26.5,26.5,26.5,25.75,26.25,26.25,26.5,26.25,26.75,26.25,26.5,25.75,26.75
5.0
26.75,27.0,26.75,26.5,26.5,26.75,27.0,27.0,27.25,26.75,26.75,26.5,26.75,26.25,26.5,26.5,29.0,27.25,26.75,26.5,27.0,26.5,26.5,26.5,29.25,28.0,27.0,26.5,27.0,26.25,27.0,26.75,29.25,28.5,27.5,26.75,26.25,27.0,26.5,26.75,27.5,27.0,27.75,27.0,26.5,26.5,26.5,26.0,27.0,26.75,26.5,26.75,26.75,26.25,26.0,26.25,26.75,26.5,26.75,26.5,26.5,26.5,26.25,25.5
6.0
26.5,26.75,26.75,26.0,26.25,26.0,26.75,26.75,27.0,26.5,26.25,26.5,26.5,26.0,26.25,26.0,28.5,26.75,26.75,26.0,26.5,26.25,26.25,26.5,28.75,27.75,27.0,26.5,26.75,26.5,26.0,26.5,29.0,28.0,27.25,26.5,26.5,26.5,26.5,26.5,27.25,27.5,27.0,27.0,26.25,26.5,26.0,25.75,27.25,26.75,26.5,26.25,26.5,26.0,26.25,25.75,26.25,26.25,26.25,26.5,25.75,25.75,26.0,26.5
7.0
27.0,26.75,26.75,26.75,27.25,26.75,26.75,26.75,27.25,27.5,26.75,26.5,26.75,26.5,26.75,26.5,28.5,27.25,26.75,26.5,27.0,27.0,26.5,26.75,29.0,28.25,27.0,26.75,26.75,26.5,26.5,26.5,29.0,28.25,27.5,26.75,27.0,26.75,26.5,26.25,27.5,27.25,27.5,27.0,26.25,26.5,26.0,26.0,26.75,27.5,26.75,26.75,26.5,26.5,26.25,26.75,26.75,26.5,26.5,26.0,26.5,26.25,26.0,26.5
8.0
26.75,27.0,26.75,26.25,26.25,26.25,27.25,27.0,26.75,27.0,26.25,26.75,26.75,26.5,26.5,26.25,28.5,27.0,26.5,26.5,26.75,26.0,26.25,26.5,29.25,28.25,26.75,26.5,26.5,26.75,26.5,26.5,28.75,28.25,27.75,26.75,27.0,26.75,26.5,26.75,27.0,27.0,27.25,27.0,26.5,27.0,26.25,25.75,27.0,27.0,26.5,26.5,27.0,26.5,26.25,26.0,26.5,26.25,26.5,26.75,26.25,26.25,25.5,26.5
9.0
27.0,27.0,26.75,26.25,26.5,26.75,26.75,26.75,26.75,26.75,26.5,26.75,26.75,26.5,26.0,26.25,28.5,27.0,26.5,26.25,27.0,26.5,26.5,26.5,28.75,27.75,27.0,26.5,26.25,26.25,27.0,26.75,28.75,28.0,27.75,26.75,26.5,26.75,26.5,26.5,27.25,27.25,27.5,26.75,26.25,26.5,26.5,25.75,26.75,27.0,26.5,26.25,26.75,26.75,25.75,26.75,26.75,26.5,26.75,26.75,26.25,26.5,26.25,27.0
10.0
26.25,27.0,27.25,26.5,27.0,26.25,27.25,27.0,27.0,26.5,26.75,26.5,26.75,26.25,26.75,26.5,28.75,27.25,27.0,26.5,26.75,27.25,26.25,26.0,28.75,28.5,27.0,26.25,26.5,26.25,26.75,26.5,29.25,28.5,27.25,26.75,27.0,26.75,26.5,26.75,27.25,26.75,27.5,27.0,26.5,26.75,26.0,26.75,27.25,27.0,26.75,26.5,26.75,26.5,25.75,26.5,26.5,26.5,26.5,27.0,26.25,26.5,26.0,26.75
11.0
27.0,27.25,27.0,26.75,26.5,26.5,27.25,26.75,26.75,27.25,27.0,26.75,27.0,26.25,26.5,26.75,29.0,27.25,26.75,26.75,27.0,26.75,26.5,26.5,29.0,28.25,27.0,26.25,26.75,26.25,26.5,26.5,29.25,28.5,27.5,26.75,26.75,26.75,26.5,26.25,27.5,27.25,27.5,27.0,26.25,26.5,26.0,26.0,26.75,27.25,27.0,26.25,26.5,26.75,26.25,26.5,26.75,26.75,26.25,26.5,26.5,26.25,26.0,26.5
12.0
26.75,26.75,26.5,26.5,26.75,26.5,27.25,27.25,27.0,27.0,26.75,26.5,27.0,26.25,26.25,26.25,28.75,27.25,26.75,26.25,26.75,27.0,26.75,26.75,29.25,27.75,27.0,26.5,26.25,26.5,26.5,26.75,29.0,28.5,27.5,26.75,26.75,26.75,26.75,26.25,27.75,26.75,27.5,26.5,26.0,27.25,26.25,26.0,26.5,26.75,26.5,26.25,26.75,26.5,26.25,26.0,27.25,26.75,26.0,26.75,26.0,26.25,26.25,27.0
13.0
26.5,26.25,26.75,26.0,26.5,25.75,27.0,26.5,26.75,26.75,26.25,27.0,26.5,26.25,26.5,26.5,28.75,26.75,26.5,26.5,26.5,26.5,26.25,26.5,29.0,28.0,26.75,26.25,26.5,26.25,26.5,26.5,29.25,28.5,27.25,26.5,26.75,26.5,26.25,26.5,27.5,26.75,27.0,26.75,26.5,26.5,26.0,26.0,26.5,26.75,26.75,26.25,26.25,26.25,26.0,26.0,26.5,26.25,26.75,26.5,26.0,25.75,25.75,26.75
14.0
26.75,26.75,26.5,26.0,26.25,26.5,27.0,26.75,26.75,27.0,26.0,26.0,26.75,26.75,26.25,26.5,28.75,27.25,26.75,26.5,26.75,26.75,27.0,26.75,29.0,28.0,27.0,26.75,26.25,26.5,26.5,26.5,29.0,28.5,27.5,27.0,27.0,26.5,26.5,26.75,26.75,27.5,27.5,26.75,26.5,26.75,26.75,26.0,26.75,27.0,26.5,26.5,26.75,26.25,26.25,26.25,26.5,26.5,26.75,26.25,26.25,26.25,26.0,26.5
15.0
26.5,27.25,26.5,26.0,26.75,26.75,27.0,26.5,27.0,26.75,26.75,26.5,26.75,26.25,26.75,26.0,28.5,27.25,27.25,26.25,26.75,26.5,26.5,26.5,29.0,28.25,26.75,26.5,26.25,26.25,26.75,26.25,29.0,27.75,27.5,27.0,26.75,26.75,26.25,26.5,27.0,27.25,27.75,27.25,26.5,26.25,26.0,26.0,27.25,27.0,26.5,26.5,26.5,26.25,25.75,26.75,27.0,26.75,26.5,26.25,26.25,26.0,26.0,26.0
16.0
27.0,27.25,27.0,26.25,26.75,26.25,26.75,27.25,27.5,26.75,27.25,26.5,26.75,26.5,26.25,26.5,29.0,27.0,26.75,26.75,26.5,27.0,26.5,26.25,28.75,28.0,26.75,26.75,26.5,26.25,26.25,26.5,29.25,28.0,27.5,26.5,26.75,26.5,26.25,26.5,27.25,26.75,27.5,26.75,26.75,26.75,26.25,25.75,26.75,27.0,26.5,26.0,26.75,26.25,26.0,26.0,26.5,26.75,26.5,26.25,26.5,26.25,25.75,26.75
17.0
26.75,27.0,26.75,26.75,26.5,26.25,27.0,26.5,27.5,27.0,26.75,26.75,27.0,26.0,26.5,26.25,28.75,27.0,27.0,26.5,26.5,26.75,26.5,26.5,28.75,28.25,27.25,26.5,26.5,26.25,26.5,26.75,28.5,28.75,27.5,26.5,26.5,26.75,26.75,26.25,27.5,27.25,27.25,27.25,26.5,26.5,26.5,26.0,27.0,26.75,26.5,26.25,26.75,26.5,26.25,26.25,26.5,26.25,27.0,27.0,26.25,26.25,25.75,27.0
18.0
26.75,26.75,26.75,26.5,26.5,26.5,26.5,26.75,26.5,26.75,26.5,26.25,26.75,26.25,26.0,25.75,28.5,27.25,26.75,26.0,26.5,26.5,26.5,26.25,28.5,27.75,27.0,26.0,26.25,26.5,26.75,26.25,28.75,28.25,27.25,26.25,27.0,26.5,26.25,26.5,26.75,26.5,27.5,26.75,26.5,26.5,26.25,26.0,27.0,26.5,26.75,26.25,26.0,26.25,25.75,25.75,26.5,26.25,26.0,26.0,26.5,25.75,25.75,26.0
19.0
27.0,26.75,27.25,26.25,26.5,26.75,27.5,27.0,27.25,27.0,27.0,26.5,26.75,26.5,26.75,26.75,28.5,27.0,26.75,26.5,26.75,26.5,26.75,26.25,28.75,28.0,26.75,26.5,26.75,26.5,26.25,26.75,29.0,28.25,27.25,26.25,27.25,26.5,26.25,26.5,27.5,27.25,27.5,27.0,26.75,26.5,26.0,26.0,26.5,27.0,26.75,26.25,26.5,26.0,25.5,26.0,27.25,27.0,26.75,27.0,26.25,26.25,26.5,26.5
20.0
26.5,27.0,26.75,26.25,27.0,26.5,27.0,27.0,27.0,26.75,26.5,26.25,26.75,26.25,26.25,27.0,29.25,27.5,26.75,26.5,26.75,26.75,27.0,26.25,29.25,28.25,27.0,26.5,26.5,26.75,26.75,26.5,29.0,28.0,27.25,26.75,26.5,26.75,26.5,26.5,27.5,27.25,27.25,27.0,26.5,26.75,26.25,26.5,26.75,27.25,26.75,27.0,26.75,26.75,26.5,26.0,27.0,26.5,25.75,26.75,26.5,25.75,26.25,26.5
21.0
26.75,27.25,27.0,26.5,26.75,26.75,27.0,27.25,27.25,26.5,26.75,26.5,26.75,26.25,26.25,25.75,28.75,26.75,27.0,26.75,27.0,26.5,26.25,26.5,29.25,28.5,27.0,26.5,26.75,26.0,26.25,27.0,28.75,28.25,27.5,26.25,26.5,26.75,26.5,26.5,27.25,27.5,27.0,27.25,26.5,26.5,26.25,26.25,26.75,27.25,26.5,26.5,26.75,26.5,26.0,26.25,27.0,26.5,27.0,26.75,26.0,26.0,26.0,26.0
22.0
26.75,27.5,27.0,26.5,26.25,26.5,27.0,27.5,27.5,27.0,27.0,26.5,26.75,26.25,26.75,26.5,28.75,27.25,27.0,26.25,26.75,26.5,26.5,26.25,29.5,28.0,27.0,26.25,26.5,26.5,26.5,26.75,29.0,28.25,27.5,26.75,27.0,26.5,26.5,26.5,27.25,27.5,27.75,27.25,26.75,26.25,25.75,26.0,26.75,27.0,26.5,26.25,26.5,26.5,26.0,26.25,27.25,26.25,27.0,26.75,26.5,26.0,26.25,26.5
23.0
26.75,27.25,26.5,26.5,26.5,26.25,27.25,27.0,27.0,26.75,26.75,26.75,26.5,26.75,26.25,26.25,28.75,27.5,26.75,26.75,26.75,26.75,26.25,26.5,29.0,28.0,26.75,26.5,26.5,26.25,26.25,27.0,29.25,28.25,27.25,27.0,26.75,26.5,26.25,26.75,27.75,27.25,27.75,27.0,26.5,26.25,26.0,25.75,27.0,26.75,26.75,26.5,26.5,26.5,26.5,26.0,26.25,26.75,26.25,26.5,26.0,26.5,25.75,26.75
24.0
26.75,26.75,26.75,26.25,26.25,26.75,27.0,27.25,27.0,27.25,26.5,27.0,27.0,26.5,26.5,26.25,28.5,27.25,27.0,26.75,27.25,27.0,26.75,26.25,29.0,28.25,27.0,26.75,26.75,26.5,26.5,26.5,29.25,28.25,27.25,27.0,26.5,26.75,26.75,26.5,27.75,26.75,27.5,27.25,27.0,26.5,26.0,26.0,27.25,27.25,26.75,26.5,26.75,26.5,26.0,26.75,26.0,26.75,26.75,26.75,26.5,26.25,25.5,26.5
25.0
26.5,27.0,26.5,26.75,26.5,26.0,27.0,27.25,27.0,26.5,26.25,26.5,26.75,26.0,26.25,26.5,28.75,27.0,26.75,26.5,26.5,27.0,26.25,26.25,29.25,28.5,26.75,26.5,26.25,25.75,26.5,26.25,29.0,28.0,27.5,26.5,26.25,26.5,26.25,26.5,27.25,27.0,27.5,27.0,26.5,26.75,26.0,25.75,27.0,26.5,26.5,26.25,26.5,26.0,25.75,26.5,26.75,26.0,26.0,26.5,26.0,26.0,26.0,26.5
26.0
26.75,27.0,27.0,26.75,26.5,26.25,27.0,27.25,27.25,27.0,26.75,26.75,26.75,26.25,26.75,26.5,29.0,27.5,27.0,26.25,26.5,26.75,26.75,26.5,29.0,28.0,27.25,26.75,26.25,26.5,26.5,26.75,28.75,28.75,27.25,26.75,26.75,26.75,26.5,26.75,27.25,27.5,27.5,27.25,26.75,26.5,26.75,26.0,27.0,27.25,26.75,26.25,26.5,26.5,25.75,26.25,26.5,26.5,26.25,26.25,26.75,26.25,26.0,26.0
27.0
26.75,27.0,26.75,26.25,26.5,26.5,26.75,27.0,27.25,26.75,26.75,26.5,26.75,26.5,26.75,26.25,29.0,27.5,27.0,26.25,26.5,26.5,27.0,26.5,29.25,28.0,27.0,26.25,26.5,26.5,26.5,26.5,29.25,28.5,27.5,26.75,26.75,26.75,26.5,26.75,27.25,27.25,27.5,27.0,26.5,26.75,26.5,26.0,26.5,27.0,26.25,26.25,26.75,26.25,26.0,26.25,26.75,26.75,26.25,26.5,26.25,26.5,25.75,27.25
28.0
26.5,26.75,27.0,26.75,26.75,26.25,27.25,27.75,27.0,27.25,26.5,27.0,26.75,27.0,26.25,26.0,28.75,27.5,27.0,26.5,26.75,26.75,26.75,26.5,29.25,28.5,27.0,26.5,26.75,26.5,26.75,27.25,29.5,28.75,27.75,27.0,26.75,27.0,26.75,26.5,28.0,27.25,27.5,27.25,27.0,27.0,26.25,25.75,27.0,27.25,26.75,26.75,26.75,26.75,26.5,26.25,27.0,26.5,26.75,26.75,27.0,26.0,26.5,26.75
29.0
27.0,27.0,27.0,26.75,26.75,26.5,27.25,27.5,27.5,27.25,26.5,26.75,26.25,26.5,26.75,26.25,28.25,27.5,26.75,26.5,26.25,26.5,26.75,27.0,29.25,28.25,27.25,26.5,26.25,26.25,26.5,26.5,28.5,28.25,27.25,26.75,26.5,26.25,26.5,26.5,27.25,27.25,27.5,27.0,26.0,26.75,26.5,26.0,27.25,27.0,26.75,26.75,27.0,26.0,26.25,26.25,26.75,26.0,26.5,26.75,26.5,26.0,26.0,26.75
30.0
27.25,27.0,26.25,26.5,26.25,26.5,26.75,26.75,26.75,26.75,26.5,26.5,26.75,26.5,26.75,26.5,28.5,27.0,26.75,26.75,26.5,26.75,26.5,26.0,28.75,28.0,27.0,26.5,26.25,26.5,26.5,26.75,28.5,28.5,27.25,26.75,26.75,26.75,26.25,26.5,26.75,27.0,27.5,27.25,26.5,26.5,26.0,25.75,27.0,26.75,26.75,26.5,26.5,26.25,26.0,26.25,26.75,26.5,27.0,26.25,26.25,26.25,25.75,26.75
31.0
27.0,26.75,26.5,26.5,26.75,26.5,27.0,27.25,26.75,26.75,26.25,26.75,26.75,26.0,26.75,26.5,28.75,27.25,26.75,26.5,26.75,27.0,26.5,26.25,28.5,28.0,27.0,26.5,26.25,26.25,26.25,26.25,28.75,28.5,27.5,26.0,27.0,26.75,26.5,26.5,27.0,27.25,27.75,26.75,26.5,26.75,26.25,26.0,26.75,27.0,26.25,26.5,26.75,26.5,26.0,26.0,26.0,26.75,26.25,26.75,25.75,26.0,25.75,26.25
32.0
26.75,27.0,27.0,26.0,26.5,26.75,27.25,26.75,27.25,27.0,26.75,26.75,27.0,26.5,26.75,26.75,29.0,27.25,26.5,26.75,27.0,27.0,26.75,26.5,29.25,28.0,27.0,26.75,26.5,26.5,26.0,26.75,29.0,28.25,27.5,26.5,26.75,26.5,27.0,26.5,27.0,27.5,27.5,27.25,26.75,27.0,26.5,26.5,26.75,27.5,26.75,26.5,26.75,26.25,26.0,26.0,26.5,26.5,26.5,25.75,26.75,26.0,26.0,26.75
33.0
26.75,27.0,26.75,26.75,26.25,26.75,27.25,27.25,27.0,27.0,26.75,26.75,26.75,26.25,26.25,26.75,29.0,27.25,27.25,27.25,26.5,26.5,26.25,26.5,29.25,28.0,27.0,26.75,26.5,26.75,26.5,26.75,29.0,28.5,27.5,27.0,27.0,26.75,26.5,26.75,27.25,27.0,27.5,27.0,26.75,27.0,26.25,26.0,27.0,26.75,26.5,26.75,26.75,26.25,26.25,26.25,26.75,26.25,26.25,26.5,26.5,26.5,26.25,25.75
34.0
26.5,27.25,26.75,26.5,26.5,26.5,27.0,27.25,27.25,27.0,26.25,26.25,26.75,26.5,26.5,26.75,29.0,27.0,27.0,26.75,26.25,26.5,26.5,26.25,28.75,28.0,27.0,26.5,26.5,26.75,26.75,26.75,28.75,28.25,27.5,26.75,26.75,26.75,26.75,26.5,27.25,27.25,27.75,26.75,26.5,26.5,26.5,25.75,27.0,27.0,26.5,26.5,26.75,26.75,26.0,26.25,26.5,26.5,26.75,26.75,26.75,25.75,25.75,26.75
35.0
26.5,27.0,26.75,27.0,26.5,26.5,27.0,27.25,27.25,26.5,26.75,26.75,26.75,26.25,27.25,26.5,28.75,27.0,27.0,26.5,26.75,26.5,26.5,26.5,29.0,28.25,27.0,26.75,26.5,26.5,26.75,26.75,28.5,28.0,27.25,26.75,27.0,27.0,26.5,26.5,27.25,27.0,27.5,26.75,26.25,26.75,26.5,25.75,27.25,26.5,26.5,26.75,26.5,26.25,26.0,26.25,26.75,26.75,26.5,26.25,26.75,26.5,26.25,26.5
36.0
26.75,27.0,26.5,26.25,26.5,26.0,26.75,27.25,26.75,26.75,26.25,26.5,26.25,26.25,26.25,26.0,28.5,26.25,26.5,26.25,26.5,26.5,26.5,26.25,29.0,28.0,27.25,26.5,26.5,26.25,26.25,26.75,29.0,28.0,27.0,26.5,26.25,26.75,26.25,26.75,27.0,27.0,27.5,27.0,26.5,26.25,26.25,25.75,26.75,27.25,26.25,26.5,26.75,26.5,25.75,26.25,26.5,26.25,26.25,26.75,26.0,26.25,25.5,27.25
37.0
26.5,26.75,26.75,26.5,26.75,26.5,27.0,26.75,27.0,27.0,26.75,26.75,26.75,26.0,26.25,26.75,28.75,27.0,27.0,26.5,26.5,26.75,26.75,26.75,29.5,28.25,26.75,26.75,26.75,26.5,27.0,26.75,29.0,28.75,27.75,26.75,26.5,26.75,26.5,26.5,27.25,27.5,27.25,26.75,26.5,26.75,26.0,25.5,27.25,27.25,26.5,26.75,27.0,26.75,26.25,26.0,26.5,26.5,26.5,26.5,26.75,25.75,25.75,26.75
38.0
26.75,27.0,27.0,26.25,26.5,26.25,27.0,27.0,27.25,26.75,27.0,26.5,26.5,26.25,26.0,26.5,28.25,27.25,27.0,26.25,26.75,26.75,26.75,26.25,29.25,28.0,27.25,27.0,26.25,26.5,26.75,27.0,29.0,28.25,27.75,26.75,26.75,26.5,26.75,26.75,27.25,27.25,27.5,26.75,26.5,26.5,26.0,26.0,27.0,27.0,26.25,26.5,26.25,26.75,26.0,26.25,26.75,26.5,26.5,26.25,26.0,26.5,26.0,26.75
39.0
26.75,27.0,27.0,26.25,26.5,26.25,27.0,27.0,27.25,26.75,27.0,26.5,26.5,26.25,26.0,26.5,28.25,27.25,27.0,26.25,26.75,26.75,26.75,26.25,29.25,28.0,27.25,27.0,26.25,26.5,26.75,27.0,29.0,28.25,27.75,26.75,26.75,26.5,26.75,26.75,27.25,27.25,27.5,26.75,26.5,26.5,26.0,26.0,27.0,27.0,26.25,26.5,26.25,26.75,26.0,26.25,26.75,26.5,26.5,26.25,26.0,26.5,26.0,26.75
40.0
27.0,26.75,27.25,26.75,26.25,26.5,27.5,27.0,27.5,26.5,26.75,26.75,26.5,26.25,26.25,26.25,28.75,27.0,27.0,26.75,26.5,26.75,26.5,26.75,28.75,28.25,26.75,26.5,26.25,26.0,26.75,26.5,29.25,28.25,27.5,27.0,27.0,27.0,26.25,26.5,27.5,27.5,27.5,27.0,26.75,26.5,26.25,26.25,27.25,27.5,26.25,26.5,26.75,26.75,26.0,26.25,26.5,26.5,26.75,27.0,26.0,26.0,26.0,27.0
41.0
27.0,27.0,26.75,26.5,27.0,26.75,27.5,27.25,26.75,27.0,26.75,26.5,26.75,25.75,26.5,26.5,29.0,27.75,26.75,26.5,27.0,26.5,26.5,26.5,29.0,28.25,26.75,26.75,26.75,26.25,26.75,27.0,29.25,28.75,27.5,26.75,26.5,26.75,27.0,26.75,27.5,26.75,27.25,27.0,26.5,27.0,26.5,25.75,26.75,27.25,26.5,26.25,27.0,26.5,25.75,26.25,26.5,26.75,26.5,26.75,26.25,26.25,25.5,26.25
42.0
26.5,27.0,26.75,26.25,26.75,26.5,27.25,27.25,27.25,26.75,26.25,27.0,27.0,26.75,26.5,27.0,28.5,27.0,26.75,26.5,27.0,26.5,26.75,26.75,29.0,28.5,26.75,26.25,26.75,26.0,26.5,26.75,29.0,28.5,27.25,27.0,26.5,26.5,26.75,26.75,27.5,27.25,27.5,26.75,26.5,26.75,26.25,26.25,26.5,26.75,26.25,26.5,26.5,26.5,26.0,26.5,27.0,26.75,27.0,27.25,26.25,26.0,26.0,26.5
43.0
26.75,26.75,26.5,26.25,27.0,26.5,26.75,27.0,26.75,26.5,26.5,26.75,26.5,26.25,26.25,25.75,28.5,27.0,26.75,26.5,26.5,26.75,26.5,25.75,29.0,28.0,27.0,26.5,26.5,26.25,26.5,26.5,29.0,28.5,27.0,26.5,26.5,26.25,26.5,26.5,27.0,26.75,27.5,26.75,26.5,27.0,26.25,26.0,26.5,26.5,26.25,26.0,26.5,26.5,26.25,26.25,26.75,26.5,26.5,26.75,26.5,25.75,26.25,26.75
44.0
26.75,27.0,26.75,26.5,26.5,26.5,27.0,26.75,27.25,27.0,27.0,26.25,26.75,26.75,26.5,26.25,28.75,27.25,26.75,26.5,26.5,26.25,26.5,26.25,29.0,28.5,27.0,26.5,26.5,26.5,27.0,26.75,29.25,28.25,27.5,26.5,26.5,26.75,26.25,26.5,27.5,26.75,27.25,27.25,26.25,26.75,26.0,26.25,27.0,27.25,26.75,26.75,27.0,26.5,26.5,26.0,26.5,26.75,26.0,26.25,26.5,26.5,26.5,26.25
45.0
27.0,26.75,27.0,26.75,26.5,26.5,27.25,27.0,27.25,26.75,26.75,26.75,27.0,26.5,26.25,26.5,28.75,27.0,27.0,26.5,27.0,26.5,26.5,26.25,29.0,28.25,27.0,26.75,26.25,26.75,27.0,26.75,29.0,28.75,27.25,26.75,27.0,26.75,26.25,27.0,27.5,27.5,27.25,27.0,26.75,27.25,26.25,26.0,27.5,26.75,26.75,26.5,26.5,26.5,26.25,26.25,26.5,27.0,27.0,26.75,26.75,26.0,26.0,27.0
46.0
27.0,27.25,27.0,27.0,26.5,26.5,27.0,26.75,27.0,27.25,26.5,26.75,26.5,26.5,26.5,26.25,29.0,27.0,26.75,26.5,26.5,26.5,26.75,26.5,29.0,28.0,26.75,26.75,26.5,26.75,26.5,26.5,28.75,28.25,27.5,26.5,26.75,26.5,26.5,26.5,27.75,27.25,27.75,27.0,26.5,26.5,26.75,25.75,27.25,27.0,26.75,26.75,26.5,26.5,26.0,26.5,26.5,26.5,26.25,26.25,26.25,25.75,26.0,26.5
47.0
26.5,27.5,27.5,26.25,27.0,26.5,27.0,27.0,27.0,26.75,26.5,26.75,26.75,26.5,26.5,26.25,28.75,26.75,26.75,26.75,26.75,26.75,26.25,26.25,29.25,28.25,27.0,26.5,26.75,26.25,26.5,26.75,29.0,28.25,27.5,26.75,26.5,26.75,26.5,26.5,27.5,27.5,28.0,27.0,26.5,26.5,26.25,26.25,27.25,27.0,26.5,26.5,26.75,26.75,26.25,26.75,26.5,26.75,26.5,26.75,26.5,26.5,26.25,26.75
48.0
26.75,27.0,26.75,26.75,26.5,26.5,26.75,27.25,27.0,26.5,26.5,26.5,26.25,26.25,26.0,26.5,29.0,27.25,27.0,26.75,27.25,26.75,26.75,26.5,28.5,28.0,27.0,26.25,26.25,26.25,26.5,26.25,29.25,28.5,27.5,26.5,27.0,26.75,26.75,26.75,27.5,27.0,27.5,27.0,26.5,26.5,26.5,26.0,27.0,27.0,26.75,26.75,26.75,26.25,26.25,26.5,26.5,26.5,27.0,26.75,26.25,26.25,25.75,26.75
49.0
26.5,27.75,26.75,26.75,26.5,26.75,27.0,27.5,26.75,27.0,26.75,26.75,26.75,26.5,26.75,26.5,28.75,27.5,27.0,26.5,27.0,26.75,26.5,26.5,29.0,28.25,27.0,26.75,26.75,26.25,26.75,26.5,28.5,28.25,27.25,26.75,26.5,26.75,26.5,26.5,27.75,27.5,27.25,27.0,26.75,26.75,26.5,25.75,27.0,27.25,26.75,26.5,26.75,26.75,26.0,26.5,27.0,26.25,27.0,26.25,26.25,25.75,26.0,26.75
50.0
26.5,27.0,26.75,26.25,26.5,26.5,27.0,27.0,27.0,27.0,26.75,26.5,27.0,26.25,26.75,26.25,28.75,27.5,27.0,26.25,26.25,26.75,26.75,26.25,29.0,28.25,27.25,26.25,26.5,26.25,26.75,26.75,29.0,28.25,28.0,26.5,26.75,26.75,26.75,26.75,27.25,27.25,27.5,27.25,26.75,27.0,26.5,26.5,27.0,27.25,26.75,26.75,26.75,26.75,26.25,26.25,26.25,26.5,26.75,26.75,26.5,26.25,26.25,27.0
51.0
26.5,27.25,26.75,26.75,26.75,26.5,27.0,27.0,27.25,27.25,26.75,26.25,27.0,26.25,26.75,26.25,28.25,27.25,27.0,26.5,27.0,26.75,26.75,26.75,29.0,28.75,27.0,26.5,26.25,26.75,26.5,26.25,28.75,28.75,27.75,26.75,26.75,26.75,26.5,27.0,27.0,27.25,27.5,27.0,26.5,26.25,26.25,25.5,27.25,27.5,26.75,26.25,26.5,26.5,26.25,26.25,26.5,26.5,27.0,27.0,26.25,26.25,25.75,26.25
52.0
26.75,27.0,26.75,26.75,26.5,26.5,27.25,26.75,27.25,27.0,27.0,27.0,26.75,26.5,26.5,26.5,29.0,27.5,26.75,26.75,26.5,27.0,26.75,26.5,29.5,28.0,26.5,26.5,26.75,26.5,26.5,26.5,29.25,28.5,27.75,26.75,27.0,27.0,26.75,26.75,27.5,27.5,27.75,27.25,26.75,26.75,26.25,26.25,26.5,26.75,26.5,26.5,26.75,26.5,26.25,26.75,27.0,26.25,26.25,26.75,26.25,26.0,25.75,26.75
53.0
27.0,27.0,26.5,26.75,26.5,26.5,27.0,27.5,27.25,26.75,26.75,27.0,27.0,26.5,26.5,26.75,29.0,27.0,27.25,26.5,26.75,27.25,26.75,26.25,29.0,28.0,27.25,27.0,26.75,26.25,26.5,26.5,28.75,28.5,27.5,26.5,26.5,26.25,27.0,26.25,27.75,27.25,27.5,27.0,26.5,26.5,26.5,26.25,27.0,27.0,26.75,26.25,26.5,26.75,26.25,26.5,26.75,26.0,27.0,26.5,26.5,25.75,25.75,27.0
54.0
26.75,27.0,26.5,27.0,27.0,26.5,27.0,26.75,27.0,27.25,26.5,26.5,27.0,26.5,26.5,26.25,28.75,27.25,26.5,27.0,26.75,26.75,26.75,26.5,28.75,28.25,27.25,26.5,26.75,26.25,26.5,26.75,29.25,28.5,27.5,27.25,26.75,26.25,26.5,26.75,27.75,27.25,28.0,27.0,26.5,27.0,26.0,25.75,27.0,27.25,26.75,26.5,26.5,26.25,26.0,26.25,27.0,26.25,26.5,26.5,26.5,26.0,26.0,26.5
55.0
26.5,27.0,26.5,26.5,26.75,26.75,27.25,26.75,27.0,26.75,26.5,26.5,26.75,26.25,26.0,26.5,29.0,27.0,26.75,26.5,26.5,26.75,26.5,26.0,29.0,28.25,26.75,26.75,26.5,26.25,26.25,26.75,29.0,28.25,27.5,26.5,26.5,26.75,27.0,26.75,27.5,27.25,27.5,27.0,26.5,26.75,26.0,26.0,26.75,27.0,26.5,26.25,26.5,26.25,26.0,25.75,26.5,26.0,26.5,26.0,26.0,26.25,25.75,26.25
56.0
26.75,27.0,26.5,26.75,26.5,26.5,27.25,27.25,27.5,27.0,26.75,26.75,27.0,27.0,26.5,26.5,29.0,27.25,26.75,27.0,27.0,26.75,27.0,26.25,29.0,28.25,27.25,26.5,26.75,26.5,27.0,26.75,29.25,28.5,27.75,26.75,27.0,27.0,26.5,26.75,28.0,27.5,27.75,27.25,26.75,26.25,26.0,26.25,27.0,27.0,27.0,26.75,27.0,26.5,26.0,26.5,26.25,26.75,26.75,27.0,26.75,26.5,26.0,27.25
57.0
26.75,26.75,26.5,26.75,26.5,26.75,27.0,27.0,26.75,26.75,26.5,26.75,27.25,27.0,26.25,26.25,29.25,27.25,26.75,26.5,27.0,26.75,27.0,26.5,29.25,28.25,27.0,26.75,26.75,26.75,26.75,26.0,29.25,28.5,27.5,26.75,26.75,26.75,26.25,26.75,27.75,27.5,27.5,27.25,27.0,26.75,26.0,26.0,26.75,27.25,26.75,26.75,26.75,26.75,26.5,27.0,26.5,26.25,26.75,26.25,27.0,26.0,26.0,26.5
58.0
27.25,27.5,27.0,27.0,26.5,26.75,27.25,27.5,27.25,27.0,26.5,26.75,27.0,26.75,26.5,26.5,28.75,27.0,27.0,26.75,26.75,26.5,26.75,26.5,29.25,28.25,27.0,27.0,26.75,26.5,26.5,27.0,29.25,28.25,27.5,27.0,26.75,27.0,26.5,26.75,27.5,27.5,27.5,27.0,26.75,27.0,26.25,26.5,27.0,27.0,26.75,27.0,27.25,26.75,26.25,26.25,27.0,27.0,26.75,27.0,26.75,26.25,26.0,27.25
59.0
27.0,27.0,26.75,27.0,26.25,26.5,27.25,27.0,27.25,26.75,26.5,26.75,26.25,26.5,26.25,26.75,29.0,27.25,27.0,26.75,26.75,26.5,26.75,26.5,29.25,28.25,27.0,26.75,26.5,26.25,26.5,27.0,29.0,28.25,27.5,26.5,26.75,27.0,26.75,26.75,27.75,27.5,27.75,27.25,27.0,26.75,26.25,26.0,26.75,27.0,26.5,26.25,26.5,26.5,26.0,26.75,26.75,26.75,26.75,26.75,26.0,26.25,26.25,26.5
60.0
27.0,26.75,27.0,26.5,26.25,26.5,26.5,27.0,26.25,26.75,26.75,26.75,26.5,26.75,26.75,26.25,29.0,27.0,26.75,26.75,26.5,26.75,26.5,26.0,29.0,28.0,27.0,26.25,26.5,26.5,26.75,26.75,28.75,28.5,27.5,26.5,26.5,26.5,26.5,27.25,27.5,27.0,27.5,27.0,26.5,26.5,26.0,26.5,27.25,26.75,26.5,26.5,26.75,26.5,26.0,26.5,26.0,26.5,26.5,26.5,26.25,26.25,26.0,26.5
