1.0
26.5,27.0,26.5,26.75,28.0,28.0,27.0,27.25,26.5,26.25,26.5,26.75,27.5,26.5,26.5,26.25,26.5,26.5,26.25,26.25,26.5,26.25,26.5,26.0,26.5,26.5,26.25,26.25,26.25,26.5,26.75,26.25,26.5,27.0,27.0,26.25,26.5,26.25,26.25,26.75,27.0,26.75,27.0,26.75,26.25,26.5,26.0,26.0,26.25,26.5,26.25,26.25,26.5,26.5,25.75,26.25,26.25,26.25,26.25,26.25,26.0,26.25,26.0,26.75
2.0
26.25,26.5,26.25,26.5,28.0,27.75,27.25,26.75,26.75,26.5,26.25,26.5,27.25,26.5,26.25,26.25,27.0,27.0,26.5,26.25,26.5,26.75,26.75,26.25,26.25,26.5,26.25,26.25,26.25,26.5,27.0,26.5,26.75,27.0,26.5,26.25,26.75,26.75,26.25,26.5,26.75,27.0,27.5,26.5,26.25,26.5,26.25,26.0,26.25,27.0,26.25,26.25,26.75,26.5,26.0,26.25,26.5,26.25,26.25,26.5,26.5,26.0,25.75,26.25
3.0
26.5,26.5,26.25,26.5,27.75,27.75,27.0,26.75,26.0,26.75,25.75,26.25,27.25,26.5,25.75,25.75,26.75,26.0,26.5,26.0,26.5,26.5,26.0,26.0,26.25,26.5,26.5,26.25,26.0,26.5,26.0,26.5,27.0,26.25,26.5,26.25,26.0,26.5,26.25,25.75,26.75,26.25,26.75,26.5,26.5,26.5,26.0,25.75,26.75,26.75,26.25,26.75,26.5,26.5,26.0,26.25,26.0,26.25,26.0,25.75,26.25,26.25,25.75,26.25
4.0
26.5,26.75,26.5,26.75,27.75,28.0,27.25,26.75,26.5,26.5,26.25,27.0,27.75,27.0,26.75,26.5,27.0,26.75,26.5,26.5,26.5,26.75,26.5,26.5,26.5,26.25,26.25,26.25,26.5,26.25,26.5,26.25,27.0,27.0,26.5,26.25,26.5,26.75,26.75,26.5,26.75,27.0,26.75,27.0,26.5,26.75,26.5,25.5,27.0,27.0,26.25,26.5,26.5,26.25,26.0,26.0,26.25,26.5,26.5,26.25,26.5,25.75,26.0,26.5
5.0
26.5,27.0,26.25,26.25,28.0,28.0,27.5,26.75,26.5,26.5,26.5,26.5,27.5,26.5,26.75,26.25,26.75,26.25,26.25,26.5,26.75,26.5,26.25,26.5,26.0,26.25,26.5,26.25,26.25,26.5,26.5,26.5,27.0,26.5,26.5,26.5,26.75,26.5,26.25,26.5,27.25,27.0,27.25,26.75,26.5,26.75,26.0,26.25,26.25,26.75,26.25,26.5,26.5,26.25,26.25,26.25,26.0,26.5,26.0,26.25,26.25,26.25,26.0,26.75
6.0
26.75,27.5,26.75,26.75,28.0,28.0,27.25,27.25,26.75,26.0,26.0,26.75,27.5,26.75,27.0,26.5,26.75,26.5,26.75,26.0,26.75,27.0,26.25,26.25,26.0,26.5,26.25,26.0,26.5,26.25,26.25,26.5,27.25,26.5,27.0,26.5,26.75,26.5,26.75,26.5,27.25,26.75,27.0,26.75,26.5,26.75,25.75,25.5,27.25,26.75,26.0,26.25,26.5,26.25,25.75,26.25,26.5,26.75,26.25,26.0,26.25,26.25,25.75,26.25
7.0
27.0,26.75,26.75,26.5,27.75,28.0,27.75,27.5,26.25,26.75,26.5,26.5,27.75,26.5,26.75,26.25,26.5,26.25,26.5,26.25,26.5,26.75,26.75,26.25,26.5,26.5,26.5,26.25,26.5,26.25,26.5,26.75,26.75,26.75,26.5,26.5,26.25,26.75,26.5,26.5,26.75,26.75,27.25,27.0,26.5,27.0,26.75,25.75,26.75,26.75,26.25,26.25,26.5,26.5,26.0,26.5,26.5,26.5,26.0,26.25,26.5,26.25,25.75,26.5
8.0
27.0,26.75,26.75,26.5,27.75,28.0,27.75,27.5,26.25,26.75,26.5,26.5,27.75,26.5,26.75,26.25,26.5,26.25,26.5,26.25,26.5,26.75,26.75,26.25,26.5,26.5,26.5,26.25,26.5,26.25,26.5,26.75,26.75,26.75,26.5,26.5,26.25,26.75,26.5,26.5,26.75,26.75,27.25,27.0,26.5,27.0,26.75,25.75,26.75,26.75,26.25,26.25,26.5,26.5,26.0,26.5,26.5,26.5,26.0,26.25,26.5,26.25,25.75,26.5
9.0
26.25,26.5,26.75,26.25,27.75,27.75,27.0,27.0,25.5,26.0,26.75,26.75,27.0,26.5,26.5,26.75,27.0,26.5,26.75,26.25,26.5,26.5,26.5,26.0,26.25,27.0,26.25,26.25,26.25,26.25,26.25,26.75,26.75,26.5,26.75,26.25,26.5,26.75,26.5,26.5,27.0,27.0,26.75,26.25,26.25,26.5,25.75,25.75,26.25,26.5,26.0,26.25,26.5,26.0,25.75,26.25,26.25,26.5,26.25,25.5,26.25,26.0,25.75,26.0
10.0
26.5,26.5,26.5,26.5,28.0,27.75,27.25,27.0,26.5,26.5,26.75,26.5,27.5,26.75,26.25,26.5,27.0,26.75,26.25,26.75,26.75,26.75,26.75,26.25,26.5,26.5,26.5,26.25,26.25,26.5,26.75,26.5,26.75,26.75,26.75,26.25,26.5,26.75,26.5,26.5,26.75,27.0,27.0,26.75,26.25,26.5,26.0,26.0,26.5,26.5,26.25,26.25,26.5,26.25,26.0,26.25,26.25,26.5,26.25,26.75,26.25,26.25,25.5,26.25
11.0
26.5,26.25,27.0,26.75,28.0,27.75,27.5,27.25,26.25,26.5,26.5,26.5,27.5,27.0,26.5,26.5,27.0,26.25,26.75,26.25,27.0,26.75,26.75,26.5,26.5,26.25,26.5,26.25,26.5,26.5,26.25,26.5,27.0,26.75,26.5,26.5,26.5,26.75,26.5,26.5,26.75,26.5,27.0,27.0,26.5,26.75,26.25,26.0,26.5,26.75,26.5,26.25,26.25,26.75,25.5,26.25,26.5,25.75,26.25,26.0,26.5,26.25,26.75,26.25
12.0
26.75,27.0,26.75,26.5,27.75,28.25,27.5,27.0,26.5,26.5,26.25,26.5,27.75,26.75,26.5,26.25,26.5,26.5,26.75,26.25,26.5,26.75,26.25,26.0,26.25,26.5,26.5,26.25,26.25,26.25,26.75,26.5,27.0,27.0,27.0,26.5,26.5,26.25,26.5,26.75,26.75,27.0,27.0,27.0,26.5,26.5,26.25,26.0,26.5,26.75,27.0,26.25,26.75,26.25,25.75,26.25,26.25,26.5,26.75,26.25,26.25,26.25,25.75,26.75
13.0
26.5,26.75,27.0,26.5,28.25,28.0,27.25,26.75,26.0,26.75,26.75,26.75,27.5,26.75,26.5,26.0,26.5,26.25,26.75,26.0,26.5,26.75,26.75,26.25,26.25,26.75,26.75,26.5,26.5,26.0,27.0,27.0,27.5,27.0,27.0,26.5,26.5,27.0,26.5,26.5,27.0,26.5,27.5,27.0,26.25,26.75,26.0,26.0,26.75,26.5,26.25,26.25,26.0,26.25,25.75,26.25,26.75,26.25,27.0,26.5,26.0,26.0,26.5,26.75
14.0
27.0,26.25,26.5,27.0,28.0,27.75,27.25,27.25,26.5,26.75,26.75,26.5,27.5,27.0,26.0,26.5,26.75,26.5,26.75,26.5,26.75,26.75,26.75,26.5,26.5,26.5,26.5,26.5,26.5,26.5,27.0,26.25,27.25,26.75,26.75,26.5,26.5,26.75,26.25,26.5,26.75,26.75,27.25,26.75,26.5,26.75,26.0,26.0,26.5,27.0,26.5,26.25,26.75,26.25,26.0,26.25,26.5,26.25,26.5,26.25,26.0,26.25,25.75,26.5
15.0
26.5,26.75,26.5,26.25,28.25,27.5,27.0,26.5,26.5,26.5,26.75,26.5,27.75,26.5,26.5,26.75,26.75,26.5,26.5,26.25,26.75,26.75,26.0,26.5,26.5,26.5,26.0,26.0,26.25,25.75,26.5,26.25,26.5,26.75,26.5,26.25,26.25,26.5,26.0,26.5,26.75,26.75,27.0,26.75,25.75,26.0,26.0,26.0,26.75,26.75,26.25,26.5,26.5,26.5,25.75,26.0,26.25,26.25,26.0,26.25,26.25,26.0,25.75,26.75
16.0
26.5,27.0,27.0,26.5,28.5,28.25,26.75,27.5,26.75,26.75,26.75,26.5,27.5,27.5,26.5,26.5,27.0,26.25,26.5,26.25,27.0,27.0,26.5,26.5,26.75,26.75,26.75,26.25,26.75,26.5,26.75,26.5,27.0,26.5,26.75,26.25,26.5,26.75,26.5,26.5,26.75,26.5,27.25,26.75,26.25,26.5,26.0,26.25,26.75,26.5,26.0,26.25,26.5,26.5,26.25,26.75,26.25,26.25,26.0,26.5,27.0,26.0,25.75,26.5
17.0
26.75,27.0,26.25,26.75,28.5,28.25,27.0,27.0,26.5,26.75,26.25,26.75,27.75,27.5,26.25,26.0,26.75,26.5,26.5,26.25,26.75,26.75,26.5,26.75,26.0,26.5,26.25,26.25,26.5,26.25,26.5,26.25,27.0,27.0,26.5,26.5,26.25,26.75,26.25,26.25,26.75,27.0,27.0,26.5,26.5,26.75,26.0,26.0,27.0,26.75,26.0,26.0,26.5,26.0,25.75,26.0,26.25,26.25,26.25,26.5,26.0,26.25,25.75,27.0
18.0
26.25,26.75,27.0,26.5,28.5,28.0,27.25,26.75,26.5,26.25,26.5,26.75,27.75,27.5,27.0,26.5,26.5,26.5,26.5,26.25,27.0,27.0,26.25,26.25,26.5,26.25,26.5,26.25,26.5,26.5,26.5,26.5,27.0,26.75,26.5,26.5,26.75,26.5,26.5,26.5,27.0,27.0,27.25,27.0,26.5,26.5,26.25,25.75,26.75,26.75,26.25,26.25,26.5,26.0,26.0,26.25,26.5,27.0,26.5,26.25,26.5,26.5,25.5,26.75
19.0
26.75,27.0,26.75,26.75,28.0,28.75,27.75,27.25,26.5,26.0,26.75,26.5,28.0,27.25,26.25,26.75,26.75,26.25,26.5,26.5,27.0,26.25,26.75,26.5,26.75,26.25,26.75,26.25,26.5,26.5,26.5,26.5,26.5,27.0,26.75,26.5,26.75,26.25,26.5,26.25,27.0,26.5,27.25,26.75,26.0,26.75,26.25,25.5,26.75,26.75,26.0,26.25,26.5,26.5,26.0,26.25,26.75,26.25,26.75,26.75,26.5,26.25,26.25,26.75
20.0
25.75,26.75,26.5,26.5,28.25,28.5,27.25,27.0,26.75,26.75,26.0,26.75,28.0,27.5,26.5,26.5,26.25,26.25,26.5,26.25,27.0,26.25,26.0,25.75,26.25,26.25,26.75,26.25,26.5,26.5,27.0,26.75,26.75,26.5,26.25,25.75,26.5,26.75,26.5,26.75,26.75,27.0,27.0,26.75,26.0,26.5,26.0,25.75,26.5,26.75,26.25,26.0,26.75,26.25,26.0,26.0,26.75,25.75,25.75,26.0,26.25,26.25,25.75,26.75
21.0
26.25,27.25,26.5,26.75,28.5,28.75,28.5,27.25,26.75,26.5,26.25,26.75,27.75,28.0,27.0,27.0,27.25,26.5,26.75,26.5,27.0,27.0,26.75,27.0,26.25,26.75,26.75,26.5,26.75,26.5,26.25,26.5,26.75,26.75,26.75,26.5,26.75,26.75,26.25,26.25,27.25,26.75,27.5,26.75,26.25,26.75,26.0,25.75,26.5,26.5,25.75,26.25,26.75,26.5,25.75,26.25,26.5,26.25,26.5,26.25,26.25,26.25,26.0,26.5
22.0
26.25,26.75,26.75,26.75,28.5,28.75,28.5,27.25,26.75,26.75,26.25,26.75,28.25,27.75,27.0,26.5,27.0,26.75,26.5,26.5,27.5,27.25,26.25,26.5,25.75,26.5,26.5,26.25,26.25,26.5,26.25,26.25,26.5,26.75,26.5,26.5,26.25,26.5,26.5,26.75,26.5,26.75,27.25,26.75,26.5,26.75,26.0,25.75,27.0,26.25,26.5,26.25,26.25,26.75,25.75,26.25,26.5,26.5,25.75,26.5,26.5,25.75,25.75,26.25
23.0
26.5,26.5,26.5,27.25,28.25,28.75,28.75,27.25,26.75,27.25,26.75,27.25,28.5,28.0,27.0,26.75,26.5,26.5,26.75,26.75,27.5,27.75,26.75,26.5,26.25,26.5,26.75,26.5,26.5,26.5,26.5,26.5,27.0,27.0,26.75,26.75,26.5,26.75,26.25,26.75,26.75,26.75,27.25,26.75,26.75,26.75,26.25,25.75,26.75,26.5,26.5,26.25,26.25,26.5,26.0,26.5,26.75,26.25,26.5,26.75,26.25,26.0,26.0,26.5
24.0
26.5,26.75,26.5,26.75,28.75,28.75,28.75,27.75,26.5,26.75,26.75,27.0,28.5,28.25,27.0,26.75,27.0,26.5,27.25,26.75,27.75,27.5,26.5,26.5,26.25,26.5,26.75,26.75,26.5,26.5,26.75,26.75,26.75,27.0,26.75,26.5,26.5,26.5,26.5,26.25,27.0,26.75,27.5,26.75,26.5,26.75,26.75,25.5,26.75,26.75,26.5,26.5,26.25,26.75,26.0,26.5,26.75,26.5,26.25,26.5,26.5,26.25,26.0,26.5
25.0
26.75,27.0,27.0,27.5,29.0,29.25,28.75,27.75,26.5,26.5,27.0,27.5,28.75,28.5,26.75,26.5,27.0,27.0,26.75,26.75,27.5,27.5,26.25,26.75,26.5,26.75,26.25,26.5,26.75,26.25,26.75,26.75,27.25,26.5,26.5,26.25,26.5,26.75,26.5,26.75,26.75,27.0,27.25,27.0,26.75,27.0,25.75,26.25,27.0,26.5,26.25,26.25,26.75,26.0,26.0,26.5,26.75,26.25,26.75,26.5,26.25,26.0,26.0,26.25
26.0
26.5,26.75,26.75,27.5,29.0,29.25,28.25,27.25,26.75,26.5,26.5,27.5,28.5,28.25,26.75,26.5,27.0,26.5,26.75,26.75,27.5,27.0,26.5,26.75,26.75,27.0,26.75,26.5,26.5,26.25,26.75,27.0,27.0,27.0,26.75,26.75,27.0,26.75,26.25,27.0,26.75,26.5,26.75,26.75,26.25,27.0,26.5,26.25,26.75,26.75,26.25,26.5,27.0,26.25,26.5,26.5,26.0,26.25,26.25,27.0,26.25,26.0,26.25,26.5
27.0
26.25,26.5,26.75,27.75,28.75,29.0,27.5,26.75,26.5,26.25,26.75,27.5,28.75,28.0,26.75,26.25,26.5,26.5,26.75,26.75,27.5,27.25,27.0,26.5,26.25,26.5,26.0,26.25,26.5,26.75,26.75,26.0,27.25,27.0,26.75,26.5,26.75,26.75,26.5,26.25,27.0,26.5,27.5,27.0,26.0,26.75,26.0,25.5,26.25,26.75,26.5,26.0,27.0,26.5,26.0,26.25,26.5,26.25,26.5,26.25,26.0,26.25,26.25,26.25
28.0
26.75,26.75,27.0,27.5,29.0,28.75,28.5,27.25,26.75,27.0,26.75,27.75,28.75,28.5,26.75,26.5,26.75,26.5,26.75,26.75,27.75,27.0,26.5,26.25,26.75,26.25,26.5,26.25,26.75,26.75,26.75,26.75,27.25,26.75,26.5,26.25,27.0,26.75,26.5,26.25,27.0,27.25,27.0,27.0,26.25,26.75,26.0,26.0,26.5,26.75,26.25,26.25,26.75,26.5,25.75,25.75,26.25,26.25,26.5,26.5,26.5,26.25,26.0,26.5
29.0
26.5,26.75,27.0,27.5,29.5,28.25,28.5,27.0,26.75,26.5,26.75,27.75,28.75,28.25,26.75,26.5,27.0,27.0,26.5,27.25,27.75,27.5,26.5,26.0,26.5,27.0,26.5,26.5,26.75,26.5,26.5,26.75,27.5,26.75,26.75,26.75,26.75,26.75,26.5,26.25,27.0,27.0,27.0,26.75,26.5,27.0,25.75,26.25,27.5,27.25,26.5,26.25,26.5,26.25,26.0,26.0,26.0,26.25,26.75,26.5,26.0,25.5,26.0,26.25
30.0
26.5,26.75,27.25,27.75,29.0,28.25,28.75,27.25,27.0,27.25,26.75,27.25,29.0,28.25,27.0,26.25,27.25,26.5,26.75,26.75,28.0,27.25,27.0,26.5,26.25,26.75,26.5,26.75,27.0,26.5,26.75,26.25,27.5,26.75,27.0,26.5,26.75,26.75,26.5,26.75,27.0,26.5,27.0,26.75,26.5,27.0,26.25,26.0,26.25,26.75,26.5,26.5,27.0,26.25,26.25,26.5,26.5,26.25,26.75,26.75,26.5,26.25,25.75,26.5
31.0
26.75,26.5,26.75,27.0,28.0,27.75,27.75,27.5,26.75,26.75,26.75,28.0,29.0,28.75,27.5,26.25,27.0,26.5,27.0,27.5,28.25,27.75,27.5,26.25,26.75,26.5,26.75,27.0,27.25,27.0,26.75,26.5,27.0,26.75,26.75,26.75,27.0,26.75,26.75,26.5,27.0,27.0,27.0,27.25,26.5,27.0,26.0,26.0,26.5,27.25,26.75,26.25,26.5,26.75,26.0,26.5,26.25,26.25,26.25,26.25,26.25,26.25,26.0,26.5
32.0
26.75,27.0,26.75,27.0,28.0,26.75,27.5,27.0,26.25,26.75,26.5,28.0,28.75,29.0,27.25,26.5,26.75,26.5,27.0,27.75,28.5,28.5,27.5,26.25,26.5,26.5,26.5,27.0,27.0,27.0,26.25,26.75,27.25,27.0,26.25,26.5,26.5,26.25,26.5,26.5,27.25,26.75,27.25,26.75,26.5,26.5,26.25,26.25,26.5,26.75,26.5,26.25,26.5,26.5,26.25,26.25,26.75,26.25,26.5,26.25,26.5,26.0,26.0,26.75
33.0
27.0,27.0,27.25,27.0,27.5,26.75,27.5,27.25,27.25,26.75,27.0,28.5,29.0,28.25,26.75,26.5,26.75,26.5,27.0,27.75,28.25,29.0,27.0,26.5,26.5,27.0,27.0,27.0,26.75,26.5,26.75,26.5,27.0,27.0,26.5,26.5,26.75,26.75,26.5,26.75,26.75,27.0,27.0,26.75,26.5,26.75,26.25,25.5,26.75,27.0,26.25,26.5,26.5,26.5,26.0,26.25,26.5,26.75,26.75,26.5,26.5,26.25,26.0,27.0
34.0
26.25,26.75,26.25,27.0,27.0,26.25,26.5,26.75,26.5,26.75,27.0,28.5,28.25,27.25,26.25,26.25,26.25,26.25,26.5,27.25,28.5,28.25,27.0,26.25,26.5,26.75,26.75,27.0,26.75,26.25,26.25,26.25,27.0,26.75,26.5,26.25,26.75,26.75,26.5,26.25,26.5,26.5,27.25,26.5,26.5,26.25,25.75,25.5,26.75,26.75,27.0,26.25,26.75,26.5,26.0,26.25,26.75,27.0,26.0,26.75,26.5,25.75,26.0,26.5
35.0
26.75,26.75,27.0,26.5,27.0,26.75,27.0,27.0,26.5,26.75,26.75,28.25,28.5,27.5,26.5,26.5,27.0,26.75,26.75,28.0,29.0,28.0,26.5,26.25,26.75,26.75,26.75,27.25,27.5,26.75,27.0,26.5,27.25,27.25,27.0,26.5,27.0,26.5,26.75,26.75,27.25,26.75,27.25,26.5,26.25,26.75,26.5,26.25,26.5,26.75,26.5,26.25,26.75,26.75,26.0,26.25,26.5,26.25,26.5,26.75,26.5,26.25,26.25,26.5
36.0
26.75,26.75,27.25,26.75,27.0,26.75,27.0,26.5,26.75,26.75,27.5,27.75,28.25,26.75,26.75,26.25,27.0,26.75,27.5,28.5,28.75,28.25,26.75,26.75,26.0,26.75,27.0,27.75,27.25,26.75,26.5,27.0,27.25,26.75,27.0,26.75,27.0,27.0,26.5,26.75,27.0,27.0,27.25,26.75,26.5,26.5,26.0,26.25,27.25,27.0,26.25,26.25,26.5,26.5,26.25,26.5,26.75,26.25,26.75,26.5,26.25,25.75,26.0,27.0
37.0
26.5,27.25,27.0,26.5,26.75,26.5,27.25,27.25,27.0,26.75,27.75,28.25,28.25,26.75,26.5,26.25,27.0,26.75,27.5,28.5,28.75,28.25,26.75,25.75,26.5,27.0,27.25,28.25,27.75,26.5,26.75,26.25,27.0,26.75,27.0,27.0,26.75,27.0,26.5,26.5,26.5,26.75,27.25,27.5,26.25,26.5,26.25,26.0,26.75,27.0,26.75,26.25,26.75,26.25,26.0,26.0,26.75,26.25,26.75,26.5,26.75,26.25,26.25,27.25
38.0
26.75,27.25,27.0,26.5,26.75,26.25,27.0,27.25,26.5,26.75,27.25,28.0,28.25,26.75,26.25,26.75,27.5,26.25,28.0,28.5,28.75,28.0,26.75,26.25,26.75,26.75,27.5,28.5,27.75,27.0,26.75,26.5,27.0,27.0,27.0,27.5,27.0,27.0,26.5,26.75,27.5,27.0,27.0,26.5,26.5,26.75,26.25,26.0,27.0,27.0,26.5,26.0,26.5,26.5,26.25,26.5,26.75,26.25,26.75,26.25,26.5,26.25,26.0,26.5
39.0
26.25,26.75,26.75,26.25,26.5,26.5,27.0,26.75,26.5,27.0,27.5,27.5,27.5,26.75,26.0,26.0,26.25,26.75,27.75,28.25,28.75,28.0,26.75,26.25,26.25,26.5,27.5,28.5,27.75,26.75,26.25,26.5,27.25,26.25,26.75,27.5,26.75,26.25,26.5,26.5,27.0,26.5,27.5,27.0,26.25,26.75,26.25,25.75,26.75,27.5,26.25,26.25,27.0,26.75,26.25,26.5,26.25,26.5,26.25,26.75,26.0,26.25,26.0,26.5
40.0
26.5,27.25,27.0,26.5,26.75,26.75,27.0,26.75,26.75,27.0,26.75,27.5,27.5,26.75,26.5,26.25,27.0,27.0,29.0,28.75,28.75,28.0,26.75,26.5,26.5,26.75,27.25,28.25,28.25,27.25,26.5,26.75,27.0,27.0,26.75,27.75,27.75,26.75,26.75,26.75,27.5,27.25,27.5,27.5,26.5,27.0,26.25,26.0,26.75,26.75,26.25,26.0,26.75,26.5,26.0,26.0,26.75,26.5,26.75,26.75,26.5,26.25,26.0,27.0
41.0
26.75,26.5,27.0,26.5,27.0,26.75,27.25,27.25,26.75,26.75,26.75,27.25,27.25,26.75,26.25,26.75,27.25,27.0,27.5,27.75,28.0,27.25,26.75,27.0,26.75,27.0,29.75,29.75,29.0,27.5,26.75,26.75,26.75,27.0,28.0,28.5,28.25,26.75,26.5,26.5,27.0,27.0,28.0,27.75,27.75,27.0,26.25,26.25,27.25,27.0,26.75,26.75,27.0,26.5,26.25,26.75,26.75,26.75,26.5,26.5,26.5,26.0,25.75,26.75
42.0
26.5,27.0,27.0,26.5,26.75,26.75,27.0,27.25,26.75,26.5,27.0,26.75,27.0,27.0,26.25,26.5,27.0,27.0,27.25,28.0,27.25,27.25,27.25,26.5,26.75,27.25,29.25,30.0,29.0,27.0,26.25,26.75,27.0,27.5,27.75,28.5,27.75,26.75,26.75,26.5,27.0,27.0,28.0,28.75,28.0,27.0,25.75,26.0,26.5,27.25,26.75,27.5,27.25,26.25,26.0,26.75,26.75,26.5,26.75,26.5,26.75,26.25,26.0,26.75
43.0
26.5,26.5,27.0,26.5,26.5,26.5,27.5,27.25,27.0,26.5,26.5,27.0,26.75,26.75,26.25,26.25,27.25,26.75,27.5,27.25,27.25,26.75,26.25,26.75,26.75,27.0,29.0,29.5,28.5,26.5,26.75,26.75,27.25,27.75,28.5,29.25,27.5,26.5,27.0,26.5,27.0,27.0,27.75,28.75,27.5,26.5,26.25,25.75,26.75,27.0,26.5,28.25,27.5,26.5,26.0,26.0,26.75,26.5,27.0,26.75,26.75,26.0,26.25,26.75
44.0
26.25,27.0,27.0,26.25,26.5,26.25,26.75,27.0,26.75,26.75,26.75,26.75,26.75,26.75,26.0,26.5,27.0,26.75,27.5,27.25,26.75,26.5,26.5,26.25,26.75,27.25,28.75,29.5,28.0,26.25,26.25,26.75,27.5,28.0,29.5,29.25,27.25,26.75,26.75,26.5,27.5,27.25,28.25,28.5,27.5,26.75,26.25,26.0,26.75,27.25,27.0,28.0,27.5,26.25,26.25,26.0,26.75,26.5,26.75,26.75,26.5,26.25,25.75,26.75
45.0
27.0,26.75,26.75,26.0,26.5,26.25,27.0,26.75,26.75,26.5,26.5,26.25,26.75,26.0,26.25,26.25,27.0,26.5,27.0,26.75,27.0,26.25,26.25,26.25,26.5,27.0,28.75,29.25,27.25,26.25,26.5,26.25,27.0,27.75,29.75,29.25,27.25,26.75,26.25,26.75,27.0,27.25,28.0,28.25,27.5,26.75,26.75,25.5,26.75,27.25,26.75,27.75,27.75,26.25,26.0,26.25,26.25,26.0,26.75,27.0,26.5,26.0,25.75,26.0
46.0
27.0,26.75,26.75,26.0,26.5,26.25,27.0,26.75,26.75,26.5,26.5,26.25,26.75,26.0,26.25,26.25,27.0,26.5,27.0,26.75,27.0,26.25,26.25,26.25,26.5,27.0,28.75,29.25,27.25,26.25,26.5,26.25,27.0,27.75,29.75,29.25,27.25,26.75,26.25,26.75,27.0,27.25,28.0,28.25,27.5,26.75,26.75,25.5,26.75,27.25,26.75,27.75,27.75,26.25,26.0,26.25,26.25,26.0,26.75,27.0,26.5,26.0,25.75,26.0
47.0
26.5,26.75,26.75,26.5,26.75,26.75,26.75,27.0,27.0,26.5,27.0,26.5,27.0,26.25,26.5,26.0,26.75,27.0,27.0,27.25,26.75,26.5,26.5,26.5,26.75,27.25,28.75,29.0,27.25,26.5,26.75,26.5,27.25,27.5,29.75,29.0,27.5,26.75,26.5,26.25,27.0,27.5,28.0,28.5,28.25,27.0,26.25,26.25,26.75,27.0,26.75,27.75,28.0,26.5,25.75,26.0,26.75,26.5,26.5,26.75,26.25,26.25,26.25,27.0
48.0
26.75,27.0,26.25,26.0,26.75,26.5,27.25,27.0,26.5,27.0,26.75,26.75,26.75,26.5,26.25,26.5,27.25,26.75,27.5,27.0,27.0,27.0,26.75,26.25,26.25,27.25,28.75,28.75,27.0,26.25,26.5,26.75,27.0,27.5,29.25,29.0,27.0,26.75,26.5,26.75,26.75,27.75,28.25,28.5,28.25,27.0,26.25,26.25,26.75,27.0,27.0,27.25,27.75,26.75,26.5,26.75,27.0,26.5,26.75,27.0,26.75,26.5,26.0,27.0
49.0
27.0,26.75,26.75,26.25,27.0,26.25,27.0,27.25,26.75,26.5,26.5,26.75,26.75,26.5,26.75,26.5,27.0,26.75,27.25,26.75,27.0,26.5,26.5,26.5,27.0,27.25,29.25,28.75,26.75,26.75,26.5,26.75,27.25,27.75,29.5,29.25,27.5,26.75,26.75,27.0,27.25,27.25,28.0,28.25,28.0,27.25,26.25,26.25,26.75,27.25,26.75,26.75,27.5,26.75,26.0,26.25,26.75,26.5,27.0,26.75,26.5,26.0,26.25,26.75
50.0
26.5,26.5,26.75,26.75,26.75,26.25,27.0,27.25,26.75,26.75,26.5,26.75,27.0,26.5,26.5,26.5,27.0,26.75,27.25,27.0,26.75,26.75,26.5,26.75,26.75,27.75,29.0,28.5,26.75,26.75,26.75,27.0,27.0,27.5,29.0,29.25,28.25,27.25,26.5,26.75,27.0,26.75,28.25,28.0,28.0,27.25,26.0,26.25,26.75,27.0,26.5,26.5,27.0,26.5,26.0,26.75,26.5,26.5,26.5,27.0,26.25,26.25,26.0,26.75
51.0
26.5,27.0,27.0,26.5,26.5,26.5,27.0,27.0,26.75,26.75,26.75,27.0,27.0,26.5,26.25,27.0,26.75,26.75,28.25,27.25,27.0,27.0,26.5,26.5,26.5,27.75,29.25,28.75,28.0,27.0,27.0,26.5,27.25,28.0,28.5,28.5,28.25,27.5,26.5,27.0,27.25,27.5,27.75,27.25,27.0,26.75,26.5,26.0,26.5,26.5,26.75,26.25,26.75,26.75,26.5,26.25,26.25,27.0,26.75,26.75,26.25,26.0,25.75,26.5
52.0
26.5,26.5,26.5,26.25,26.5,26.25,27.25,27.25,26.5,26.25,26.75,26.5,27.0,26.25,26.5,26.5,26.75,26.75,27.75,27.0,27.0,26.75,26.75,26.25,26.25,27.25,28.75,28.5,28.0,27.25,26.5,26.75,27.25,27.5,28.5,28.5,27.75,27.25,26.75,26.25,27.0,27.25,27.25,27.75,26.75,26.5,26.25,26.25,26.75,26.75,26.5,26.5,27.0,26.25,26.5,26.25,26.5,26.25,26.25,26.25,26.0,25.75,26.5,26.5
53.0
26.5,26.75,26.75,26.5,26.5,26.25,27.5,26.75,26.75,26.75,27.0,27.25,27.0,26.25,26.5,26.5,27.25,26.5,27.75,27.25,27.0,27.0,26.75,26.5,26.5,27.5,29.0,29.0,29.0,28.25,26.75,26.75,27.0,28.0,28.5,28.75,27.75,27.25,26.5,27.0,26.5,27.25,27.25,27.75,27.0,26.5,26.0,26.25,27.0,27.0,26.5,26.75,26.5,26.75,26.0,26.0,26.5,26.75,26.75,26.5,26.5,26.25,26.0,26.5
54.0
27.0,27.0,27.0,26.25,26.75,26.5,27.75,26.75,27.0,26.75,26.75,26.75,26.75,26.5,26.75,26.25,27.0,27.25,27.5,27.5,27.5,27.5,26.75,26.5,26.75,27.5,28.75,29.5,28.75,27.75,27.0,26.5,27.25,27.75,28.75,28.75,27.5,26.75,26.5,26.5,27.25,27.25,27.5,27.25,27.0,26.75,26.25,25.75,27.25,27.5,26.75,26.5,26.75,26.5,26.0,26.25,26.75,27.0,26.25,26.5,26.25,26.5,26.5,26.0
55.0
26.25,27.25,27.0,26.5,26.5,26.5,27.25,27.25,27.0,27.0,27.0,27.0,27.0,26.75,26.75,26.75,27.25,27.0,27.25,27.25,27.5,27.75,27.0,26.75,26.75,27.0,28.75,29.0,29.25,27.5,26.75,26.75,27.25,27.5,28.75,28.75,27.75,26.75,26.25,26.75,26.75,27.75,27.75,27.25,27.0,26.75,26.25,26.5,27.0,27.25,26.5,26.5,26.75,26.5,26.25,26.5,26.75,26.5,27.0,26.5,27.0,26.5,26.0,26.5
56.0
26.75,26.75,26.75,26.75,26.75,26.5,27.0,27.0,26.75,27.0,26.75,26.75,26.75,26.75,26.5,26.25,26.5,26.75,27.25,27.25,28.0,27.5,26.5,26.25,26.75,27.5,28.75,29.25,28.5,27.0,26.75,26.75,27.0,28.0,28.75,28.75,27.75,27.25,26.5,26.25,27.0,27.5,28.0,27.25,26.75,27.0,26.25,26.25,26.75,27.0,26.75,26.5,26.75,26.5,26.0,26.75,26.5,26.5,26.25,27.5,26.0,26.25,26.25,26.0
57.0
26.25,26.75,26.75,26.75,26.5,26.5,27.0,27.25,26.25,26.75,26.75,27.0,27.0,26.5,26.25,26.25,26.75,26.75,27.5,27.25,28.0,27.25,26.25,26.25,26.25,27.25,28.5,29.25,28.0,26.5,26.25,26.5,27.25,27.25,28.5,28.25,27.25,26.75,26.5,26.5,27.0,27.5,28.0,27.0,26.5,26.75,26.25,26.25,26.75,26.75,26.75,26.25,26.75,26.5,26.25,26.75,26.0,26.75,26.25,26.25,26.25,26.5,26.0,26.25
58.0
26.75,27.25,26.75,26.75,26.75,26.75,27.25,27.0,27.25,26.75,27.0,26.75,27.25,26.75,26.75,26.5,27.25,26.75,27.75,27.25,28.5,27.25,27.0,26.5,26.75,27.75,28.75,29.5,27.5,26.75,26.5,27.5,27.0,27.75,28.5,28.25,27.25,26.75,26.5,27.0,27.5,27.25,28.0,27.5,26.5,26.75,26.25,26.0,26.75,27.25,26.5,26.5,26.75,27.0,26.25,26.5,26.5,26.25,26.5,26.75,26.5,26.5,26.0,26.75
59.0
27.25,26.75,26.5,26.75,26.75,26.75,27.0,26.75,26.5,26.5,26.75,27.0,27.0,26.75,26.5,26.75,27.0,27.0,27.5,28.25,28.0,26.75,26.75,26.5,26.75,27.5,28.75,29.0,27.5,26.75,26.5,27.0,27.25,27.5,28.75,28.75,27.0,26.75,26.5,26.75,27.25,27.5,28.0,27.75,26.5,26.75,26.25,26.25,27.0,26.75,27.0,26.5,26.5,26.5,26.25,26.5,26.75,26.75,27.25,26.75,27.0,26.25,26.25,26.25
60.0
27.0,27.0,26.75,26.5,26.75,26.5,27.5,27.0,26.75,27.0,26.75,27.25,26.75,26.5,27.0,26.75,27.0,27.0,27.5,28.75,27.75,27.0,26.75,26.75,26.5,28.25,28.75,28.75,26.75,26.5,26.5,27.0,27.25,27.75,29.0,28.25,27.0,26.5,26.75,26.75,27.5,27.5,28.5,27.5,26.5,26.5,26.0,25.75,26.75,27.0,27.0,26.25,26.75,26.5,26.25,26.5,26.5,26.75,26.75,27.0,26.25,26.0,25.25,26.75
