1.0
27.0,27.0,26.5,26.25,26.5,26.25,27.0,27.0,26.75,26.75,26.5,26.75,26.75,26.5,26.5,26.25,26.75,26.25,26.5,26.75,26.5,26.5,26.5,26.5,26.5,26.25,26.75,26.5,26.75,26.5,26.5,26.5,26.5,26.5,26.75,26.5,26.25,26.75,26.5,26.75,27.0,26.75,27.0,26.75,26.5,26.5,26.25,25.75,26.75,27.25,26.75,26.25,26.25,26.5,26.0,26.0,26.5,26.0,26.0,26.0,26.0,26.0,27.0,27.25
2.0
27.0,26.75,26.75,26.75,26.75,26.25,27.0,27.0,27.25,27.0,26.75,26.5,27.25,26.75,26.25,26.25,26.75,27.0,27.0,26.5,26.75,27.0,27.25,26.5,26.5,27.0,26.75,26.5,26.5,26.75,26.25,26.25,27.5,27.0,27.0,26.75,27.0,26.75,27.0,26.75,26.75,26.75,27.75,27.5,26.75,26.5,26.75,25.75,26.0,27.25,26.25,26.75,26.75,26.5,26.5,26.25,26.25,26.25,26.5,26.0,26.25,26.75,27.0,26.75
3.0
27.0,26.5,26.75,26.5,27.0,26.5,27.0,27.5,26.75,26.75,27.0,26.75,26.75,27.0,26.5,26.75,26.75,26.75,26.75,26.75,26.75,27.0,26.5,26.5,27.25,26.75,26.75,26.75,27.0,26.5,27.0,26.75,27.25,27.25,27.0,26.75,26.75,26.25,26.5,26.75,26.75,27.0,27.5,27.0,26.25,26.75,26.25,26.0,26.75,27.25,26.75,26.75,27.0,27.0,25.75,26.25,26.75,26.25,26.5,26.75,26.75,26.5,26.5,27.25
4.0
27.0,27.0,26.75,26.25,26.75,26.75,27.0,27.0,26.75,26.5,26.75,26.5,26.75,26.75,26.75,26.25,27.0,26.75,27.0,26.5,26.75,26.75,26.5,26.5,26.5,26.75,26.5,26.5,26.75,26.75,26.75,26.75,27.5,27.0,27.0,26.5,26.5,27.0,26.75,26.5,27.25,26.75,27.5,27.0,26.75,26.75,26.0,26.0,27.0,27.0,26.5,26.5,26.75,26.75,26.0,26.25,26.5,26.5,26.5,27.0,26.0,26.75,27.0,27.75
5.0
26.5,27.0,26.75,26.25,26.75,26.75,27.5,26.75,27.0,26.75,26.75,27.25,27.0,26.5,26.25,26.5,27.0,26.5,26.75,26.75,26.75,26.5,26.5,26.75,26.5,26.25,26.5,26.75,26.5,26.25,26.25,26.75,26.75,26.75,27.0,26.5,26.75,26.75,26.5,26.25,27.0,27.25,27.5,27.25,26.5,26.75,26.0,26.0,26.75,27.0,26.0,26.75,26.5,26.25,26.25,26.75,26.0,26.25,26.25,26.75,26.5,26.5,27.0,27.0
6.0
26.75,27.0,26.75,26.25,26.5,26.25,27.25,27.25,26.5,26.25,26.25,26.5,26.75,26.5,26.0,26.25,26.75,26.0,26.5,26.5,26.5,26.75,26.25,26.5,26.0,26.5,26.5,26.5,26.5,26.25,26.25,26.25,26.75,26.5,26.25,26.5,26.75,27.0,27.0,26.5,26.75,26.75,26.75,26.75,26.5,26.75,26.5,26.25,26.5,26.75,26.75,26.25,26.5,26.5,26.0,26.25,26.5,26.25,26.25,26.25,26.25,26.5,26.75,27.25
7.0
26.5,26.75,26.75,26.75,27.0,26.0,27.0,27.25,27.25,26.5,26.5,26.75,27.25,26.75,26.25,26.5,26.5,26.5,27.0,26.75,26.75,27.0,26.75,26.75,26.75,26.75,26.25,26.75,26.5,26.75,26.25,26.75,26.5,26.75,27.0,26.75,26.5,26.5,26.5,26.5,27.0,26.5,27.5,26.75,26.75,26.5,26.25,26.25,26.75,26.75,26.75,26.0,26.5,26.5,26.5,26.25,26.75,26.75,26.0,26.25,26.25,26.5,27.25,27.25
8.0
26.5,26.75,26.75,27.0,26.5,26.5,27.0,26.75,26.5,26.75,26.75,26.5,26.5,26.5,26.5,27.0,27.25,26.75,26.75,26.5,26.5,26.75,26.5,26.5,26.5,27.0,26.75,26.5,26.5,26.25,26.75,26.75,27.0,27.25,26.75,26.25,26.75,26.75,26.5,26.5,26.75,26.75,27.25,27.25,26.5,26.5,26.25,26.0,26.75,27.25,26.75,26.75,26.75,26.5,26.25,26.25,26.25,26.0,26.5,26.5,26.25,26.5,27.0,27.0
9.0
26.5,26.5,27.0,26.5,26.75,26.75,27.0,27.0,26.5,26.5,26.75,26.25,26.25,26.5,26.75,27.0,26.75,26.5,26.75,26.5,26.75,26.75,26.25,26.5,26.5,27.25,26.5,26.5,26.75,26.5,26.75,26.75,27.0,26.75,26.75,26.5,26.5,27.0,26.75,26.75,27.0,26.5,27.25,27.0,26.25,26.75,26.5,26.25,27.25,26.5,26.75,26.25,26.75,26.5,26.25,26.25,26.5,26.75,26.25,26.5,26.5,26.75,26.75,27.25
10.0
27.0,26.75,26.5,26.75,27.0,26.5,27.0,27.0,26.75,26.5,27.0,26.75,26.75,26.5,26.0,26.25,27.0,26.5,26.75,26.5,26.75,26.75,26.75,27.0,26.25,26.5,26.75,26.5,26.0,27.0,26.5,26.75,27.0,26.75,26.75,26.5,26.75,27.0,26.25,26.75,27.0,26.75,27.25,26.75,26.5,27.0,26.0,26.25,26.25,27.0,26.25,26.5,26.75,26.5,26.5,25.75,26.5,26.5,26.5,26.25,26.75,26.25,26.5,27.0
11.0
26.25,27.0,26.75,26.75,26.75,26.25,27.0,27.25,26.75,26.75,27.0,26.75,27.0,26.5,26.75,26.5,26.5,26.25,27.0,26.5,26.75,27.0,26.75,26.0,26.75,26.75,26.5,26.25,26.5,26.75,26.5,26.75,27.25,27.0,26.75,26.75,26.75,27.0,27.0,27.0,26.25,26.75,27.0,27.0,26.5,27.0,26.25,26.0,26.75,27.0,26.25,26.0,26.5,26.5,26.25,26.25,27.0,27.0,26.75,26.5,26.75,26.75,27.25,27.25
12.0
26.25,27.0,27.0,26.25,26.5,26.25,27.25,26.5,25.75,26.25,26.5,26.25,26.75,26.5,26.5,26.5,26.5,26.5,26.5,26.25,26.75,26.75,26.5,26.5,26.0,26.5,26.5,26.25,26.0,26.5,26.5,26.5,26.75,26.5,26.75,26.5,26.25,26.5,26.25,26.25,26.25,26.5,27.25,27.0,26.0,26.25,26.5,25.5,26.75,26.5,26.25,26.5,26.5,26.5,26.0,26.25,26.25,25.75,26.0,26.0,26.0,26.25,26.5,27.5
13.0
26.75,27.0,26.75,26.75,26.75,26.25,27.0,27.25,26.75,26.75,26.5,27.0,26.5,26.25,26.0,26.5,27.0,26.0,27.0,26.25,26.75,26.75,26.5,26.5,27.0,27.0,26.75,26.5,26.5,26.5,26.75,26.75,26.75,26.5,26.75,26.5,26.75,26.5,26.5,26.5,26.75,26.75,27.5,26.75,26.25,26.5,26.5,26.0,27.0,27.0,26.5,26.25,26.5,26.75,26.75,26.5,26.75,26.75,26.75,26.5,26.75,26.75,27.75,27.75
14.0
26.75,26.25,27.0,26.5,27.0,26.25,27.0,26.75,26.5,26.5,26.75,26.5,26.5,26.75,26.5,26.25,27.0,26.75,26.75,26.75,26.75,27.0,26.75,26.25,26.5,27.0,26.5,26.75,26.5,26.5,26.5,26.5,27.0,27.0,27.0,26.25,26.25,26.75,26.5,27.0,27.0,27.0,27.25,27.0,26.0,27.0,26.0,26.0,27.0,27.0,26.5,26.25,26.5,27.0,26.25,27.25,26.75,26.5,26.0,26.75,26.25,26.5,26.75,28.25
15.0
26.75,26.25,27.0,26.5,27.0,26.25,27.0,26.75,26.5,26.5,26.75,26.5,26.5,26.75,26.5,26.25,27.0,26.75,26.75,26.75,26.75,27.0,26.75,26.25,26.5,27.0,26.5,26.75,26.5,26.5,26.5,26.5,27.0,27.0,27.0,26.25,26.25,26.75,26.5,27.0,27.0,27.0,27.25,27.0,26.0,27.0,26.0,26.0,27.0,27.0,26.5,26.25,26.5,27.0,26.25,27.25,26.75,26.5,26.0,26.75,26.25,26.5,26.75,28.25
16.0
26.25,27.5,27.0,26.5,27.0,26.75,27.0,26.75,26.5,26.5,26.75,26.75,27.0,26.75,26.75,26.25,27.5,26.75,27.0,26.75,26.75,27.0,26.75,26.5,26.75,26.5,26.75,26.5,26.75,26.75,26.25,26.5,27.0,27.0,26.5,26.5,26.75,26.75,26.5,27.0,27.0,27.0,27.0,27.25,26.75,26.5,26.5,25.75,27.0,26.75,26.5,26.75,26.75,26.75,26.5,26.75,26.25,26.25,26.5,27.25,26.25,26.25,27.25,28.0
17.0
27.0,27.25,26.75,26.5,26.5,26.0,26.75,26.75,26.75,26.5,26.75,27.25,26.75,26.0,26.5,26.75,27.0,27.0,26.75,26.25,26.5,26.5,26.5,26.25,26.25,26.5,26.25,26.5,26.25,26.25,26.25,26.5,27.25,26.75,26.25,26.25,26.5,26.75,26.5,27.0,27.0,26.75,27.25,27.0,26.25,26.75,26.75,25.75,26.75,27.0,26.75,26.5,26.75,26.75,27.0,26.75,27.0,27.0,26.5,27.0,26.25,26.75,27.0,27.75
18.0
26.25,27.0,26.5,26.25,26.5,26.25,26.5,27.0,27.25,26.25,26.5,26.25,26.75,26.25,26.25,26.25,27.0,26.25,26.5,26.25,26.75,26.75,26.25,26.25,26.0,26.5,26.5,26.5,26.0,26.5,26.25,26.5,27.0,26.5,26.75,26.25,26.5,26.5,26.5,26.75,27.25,27.25,27.0,26.75,26.5,27.0,25.75,25.75,26.5,26.5,26.5,26.25,26.75,26.75,26.75,26.75,26.0,26.25,26.25,26.5,25.75,26.25,27.5,28.25
19.0
26.75,26.75,26.75,26.75,26.75,26.5,27.0,27.0,26.75,26.5,26.75,26.5,27.0,26.5,26.25,26.25,27.0,26.75,26.75,26.5,26.5,26.5,26.5,27.0,26.5,26.75,26.5,26.25,26.5,26.5,26.5,26.5,27.0,26.75,26.5,26.25,27.0,26.5,26.75,26.5,27.25,26.75,27.5,27.0,26.25,27.0,26.0,25.75,26.75,26.5,26.25,26.5,27.0,26.75,27.0,27.25,26.75,26.5,26.75,26.5,26.5,26.5,27.75,28.5
20.0
26.5,27.25,26.75,26.0,26.75,26.25,27.25,27.25,26.5,26.75,26.5,26.75,26.75,26.75,26.0,26.5,26.75,26.5,26.75,26.5,26.75,26.75,26.75,26.25,26.75,26.75,26.75,26.5,26.75,26.25,26.75,26.5,27.0,27.0,26.75,26.75,26.75,26.75,26.5,26.75,27.0,27.25,27.0,26.5,26.25,27.0,26.0,26.0,26.25,26.75,26.25,26.25,27.0,26.75,26.75,26.75,26.75,26.25,26.25,26.25,26.0,26.75,27.75,28.5
21.0
26.5,26.5,27.0,27.0,26.5,26.25,27.25,26.75,26.75,26.25,26.5,26.5,26.75,26.75,26.5,26.5,27.0,26.75,26.75,26.25,26.5,26.75,26.75,26.25,26.75,26.75,27.0,26.5,26.25,26.5,26.75,26.25,27.25,26.5,27.0,26.5,26.75,26.75,26.5,26.5,26.75,26.5,27.0,27.25,26.5,27.25,27.25,27.25,26.75,27.0,26.25,26.5,26.75,27.0,27.75,28.5,26.5,26.75,26.25,26.75,26.5,26.75,27.0,27.25
22.0
26.75,26.5,26.25,26.75,26.25,26.75,26.75,26.5,26.75,26.75,26.75,26.75,27.0,26.75,26.0,26.5,26.75,26.25,26.5,26.25,26.5,26.5,26.75,26.25,26.75,26.75,26.75,26.5,26.75,26.25,26.75,26.75,27.0,26.75,26.75,26.5,27.0,26.5,26.25,26.75,27.0,27.0,27.25,26.75,26.5,27.25,27.25,27.5,26.75,27.0,26.0,26.5,26.75,27.0,27.5,28.5,26.5,26.25,26.5,26.75,26.0,26.25,26.25,27.25
23.0
26.5,27.0,27.0,26.5,27.0,26.5,27.0,26.75,27.0,26.5,26.5,27.0,26.75,26.0,26.5,27.0,26.75,26.25,26.5,26.25,26.5,26.75,26.75,26.25,26.5,27.0,26.75,26.5,26.25,26.25,27.0,26.5,27.0,27.0,27.0,26.75,26.5,27.0,27.0,27.0,26.75,26.75,27.25,26.75,26.75,27.25,27.25,28.5,26.5,27.25,26.75,26.0,26.75,26.5,27.25,28.5,26.25,26.75,26.25,26.5,26.5,26.25,26.25,27.0
24.0
26.25,26.75,27.0,26.25,26.5,26.5,26.75,26.5,26.25,26.75,26.25,26.75,26.5,26.75,26.25,26.0,26.5,26.25,27.0,26.25,26.5,26.75,26.75,26.5,26.25,26.25,26.75,26.5,26.25,26.5,26.25,27.0,27.0,26.25,26.75,26.5,26.5,26.5,26.25,27.25,26.75,26.75,27.25,26.5,26.25,27.25,27.75,27.5,26.5,26.5,26.5,26.0,26.25,26.75,27.0,27.25,26.25,26.25,26.25,26.5,26.5,26.25,25.5,26.75
25.0
26.5,27.0,27.0,26.75,26.75,26.25,27.0,27.25,27.0,27.0,26.75,26.25,26.75,26.25,26.25,26.5,26.5,26.75,26.75,26.25,26.75,26.5,26.0,26.5,26.75,26.75,26.5,26.5,26.5,26.25,26.5,26.75,27.25,27.0,26.75,26.75,27.0,27.0,27.25,27.5,27.0,26.75,27.25,27.0,26.5,26.75,27.5,28.0,26.75,27.0,26.25,26.25,26.5,26.5,26.25,27.25,25.75,26.0,26.5,26.5,26.25,26.25,26.0,26.75
26.0
26.25,27.0,26.75,26.5,26.75,26.75,27.25,27.25,26.75,26.5,26.75,26.5,27.0,26.25,26.75,26.25,27.0,27.0,27.0,26.25,27.0,26.75,26.75,26.5,26.5,27.0,26.5,26.5,26.5,26.25,26.5,26.5,26.5,27.0,26.75,26.75,27.0,26.75,27.0,27.5,27.5,27.25,27.5,27.25,26.25,27.0,27.75,28.0,27.0,26.75,26.75,26.75,26.75,26.75,26.5,26.75,26.0,26.0,26.5,26.75,26.5,26.25,26.25,27.25
27.0
26.5,27.0,26.75,26.75,26.75,26.5,27.0,27.0,26.5,26.5,26.75,26.75,26.75,26.25,26.75,26.5,27.0,27.0,26.5,26.5,26.5,26.75,26.5,26.5,26.25,26.75,26.75,26.5,26.5,26.5,26.25,27.25,27.0,26.75,27.0,26.75,27.0,27.25,27.25,28.25,27.5,26.75,27.25,27.25,26.75,27.0,27.75,28.75,26.5,27.25,26.25,26.75,27.0,26.5,26.5,26.75,26.25,26.25,26.0,26.0,26.5,25.75,26.25,26.75
28.0
26.5,27.0,26.75,26.0,26.75,26.25,27.25,26.75,26.75,26.75,26.75,26.75,27.0,26.25,26.75,26.25,27.0,26.5,26.75,26.75,27.0,26.75,26.5,26.5,26.75,26.75,26.5,26.5,26.75,26.75,26.5,28.0,27.0,27.0,27.0,26.75,27.0,27.25,27.5,28.5,26.75,26.5,27.5,26.75,26.75,27.0,27.5,28.25,26.75,27.0,26.25,26.5,26.75,26.75,26.5,26.5,26.5,26.75,26.25,26.0,26.25,25.75,26.5,27.0
29.0
26.5,27.0,26.5,26.25,26.75,26.5,26.75,27.0,26.5,26.5,26.5,26.25,26.75,26.25,26.25,26.25,27.0,26.25,26.75,26.25,26.75,26.5,26.75,26.5,26.0,27.0,26.5,26.5,26.0,26.25,27.0,28.25,27.0,27.0,26.75,26.5,27.0,27.0,27.75,28.75,27.0,26.5,27.5,26.5,26.25,26.75,27.75,27.0,26.5,26.5,26.25,26.25,26.5,26.5,26.25,26.75,25.75,25.75,26.25,26.25,26.0,25.75,26.0,26.75
30.0
26.5,27.0,26.75,26.5,26.5,26.5,27.0,27.5,26.75,26.75,26.25,26.75,27.0,26.75,26.5,26.0,27.0,26.5,26.75,26.75,26.75,26.75,26.5,27.25,26.5,26.75,26.75,26.5,26.25,26.25,27.25,27.75,27.0,26.5,26.75,26.75,26.75,27.0,28.25,29.0,26.75,26.5,27.25,27.0,26.75,26.75,27.5,27.5,26.5,26.75,26.75,26.5,26.75,26.75,26.0,26.25,26.25,26.75,26.5,26.5,26.5,26.25,26.0,26.75
31.0
27.25,27.5,27.25,26.75,27.0,26.5,27.25,26.75,27.75,28.75,28.25,28.5,27.0,26.75,26.25,26.25,27.5,28.75,30.0,28.75,27.5,26.75,27.25,26.25,26.5,27.0,28.5,28.5,27.25,26.25,26.5,26.5,27.0,27.0,28.0,27.75,27.0,26.75,26.75,26.5,26.75,26.75,27.25,27.0,26.25,26.5,26.5,26.0,26.75,26.5,26.75,26.5,26.75,26.25,26.25,26.5,26.75,26.25,26.5,27.0,26.75,26.25,25.75,26.75
32.0
27.25,28.0,27.0,27.0,27.0,26.5,27.0,27.0,27.75,29.25,28.5,28.75,27.25,26.25,26.75,26.75,27.75,28.25,30.25,29.0,27.5,27.0,26.75,26.5,26.75,27.75,29.0,28.25,27.0,26.5,26.5,27.0,27.5,27.5,27.75,27.0,26.75,26.75,26.25,26.5,26.75,27.0,27.5,27.0,26.5,27.0,26.25,26.5,27.0,26.75,26.5,26.25,26.75,26.75,26.0,26.5,26.25,26.25,26.75,26.25,26.5,26.25,26.25,26.5
33.0
27.25,28.25,27.0,27.0,26.75,26.5,27.0,27.0,28.25,30.0,28.0,28.25,27.25,27.0,26.5,26.25,28.0,28.5,30.0,28.75,27.0,27.0,26.75,26.5,26.75,28.5,28.75,27.75,26.75,26.25,26.5,26.75,27.25,27.5,27.75,27.75,26.75,27.0,26.5,26.5,27.25,27.25,27.5,27.0,26.75,26.75,26.25,26.25,27.0,26.75,26.25,26.75,27.0,26.5,26.5,27.0,26.5,27.0,26.25,26.5,26.25,25.75,26.0,26.75
34.0
27.5,27.75,27.25,27.25,27.0,26.75,27.25,26.75,28.0,29.5,27.75,27.25,27.25,26.75,26.25,26.5,27.5,29.5,29.5,28.75,27.0,26.75,27.0,26.75,27.0,29.0,29.0,28.0,27.25,26.5,26.5,26.75,27.5,28.25,27.75,27.25,27.0,27.0,27.0,26.75,27.0,27.25,27.5,27.0,26.5,26.75,26.0,25.75,27.0,26.75,26.5,26.25,27.25,26.5,25.5,26.25,26.75,26.5,26.5,26.5,26.0,26.5,26.0,26.75
35.0
27.25,28.0,27.0,26.5,26.75,26.5,27.0,27.0,27.5,29.5,27.25,27.25,26.75,26.75,26.5,26.0,27.5,29.5,29.0,27.75,26.75,26.75,26.25,26.25,27.75,29.25,29.0,27.75,26.5,26.5,26.5,26.5,27.25,27.75,27.5,27.0,27.0,26.75,26.0,26.25,26.5,26.75,27.0,27.0,26.5,26.75,26.25,25.75,26.5,27.0,26.5,26.0,27.0,27.0,26.0,26.25,26.75,26.0,26.25,26.5,26.25,26.25,26.0,26.25
36.0
27.25,28.0,26.5,26.75,27.25,26.5,27.25,26.75,28.25,29.25,27.25,27.0,26.75,26.75,25.75,26.5,28.0,30.0,28.5,27.5,26.75,26.75,26.5,26.5,28.0,29.0,29.0,27.5,26.5,26.75,27.0,26.75,27.25,27.75,27.75,27.25,27.0,26.5,26.75,26.5,27.0,27.0,27.5,27.25,26.75,26.75,26.25,26.25,26.75,26.75,26.5,26.25,26.5,26.5,26.0,26.25,26.5,26.25,26.75,26.75,26.5,26.0,25.75,26.25
37.0
27.25,28.0,27.75,26.25,26.5,26.75,27.75,27.0,27.5,29.25,26.75,26.75,26.75,26.75,26.25,26.25,28.0,29.75,28.5,27.25,26.75,26.5,26.25,26.5,28.5,29.25,28.75,27.25,26.75,26.25,26.25,26.25,27.5,28.25,27.75,26.75,26.5,26.75,27.0,26.25,27.5,27.0,27.5,27.0,26.5,26.75,26.25,26.5,26.5,27.0,26.5,26.75,26.5,26.75,26.25,26.5,26.75,26.25,26.25,26.25,26.25,26.25,25.75,27.0
38.0
27.0,28.0,27.25,26.25,26.5,26.75,27.0,27.0,27.5,29.75,27.25,26.75,27.25,26.5,26.75,26.5,27.75,29.75,28.0,27.0,26.5,26.5,26.5,25.75,28.25,29.25,29.0,27.5,26.25,26.5,26.75,26.5,27.75,27.75,28.0,26.75,27.0,26.75,27.0,26.5,27.5,26.75,27.5,27.0,26.5,26.75,26.0,25.75,27.0,27.0,26.5,26.75,26.5,27.0,26.0,26.75,26.5,26.25,27.0,26.25,26.25,26.0,26.0,26.25
39.0
27.25,27.25,27.25,26.75,26.75,26.75,27.25,27.0,27.5,29.25,27.5,26.75,27.0,26.75,26.75,26.5,27.75,29.25,28.25,26.75,26.5,27.0,26.5,26.5,27.75,29.0,29.0,27.25,26.0,26.5,26.75,26.75,27.25,28.0,28.0,27.25,27.0,26.75,26.5,26.75,27.5,27.0,27.5,27.0,26.25,26.5,26.0,26.0,26.75,26.75,26.5,26.25,26.75,26.5,26.0,26.25,26.25,26.25,26.5,26.25,26.5,25.75,26.0,26.75
40.0
27.0,27.25,27.0,26.25,26.5,26.0,26.75,27.25,27.0,28.75,27.5,26.75,26.5,26.0,26.25,26.0,27.5,29.0,28.0,26.5,26.75,26.5,26.75,26.25,27.5,28.75,28.5,27.25,26.75,26.75,26.25,26.75,27.5,27.75,28.0,27.0,26.5,26.5,26.75,26.5,27.0,27.25,27.5,26.75,26.25,26.5,26.0,26.5,27.25,26.75,26.5,26.75,26.5,26.25,25.75,26.0,26.75,26.25,26.5,26.5,25.75,25.75,25.75,26.0
41.0
27.25,26.75,27.25,26.5,26.5,26.0,27.0,27.25,27.0,27.5,27.5,26.75,26.75,26.25,26.25,26.25,27.5,27.75,28.75,26.25,26.75,26.5,26.5,26.75,27.25,29.0,29.0,27.0,26.75,26.75,26.5,26.5,27.5,28.25,28.5,27.0,26.75,26.75,26.5,26.25,27.0,27.5,27.75,27.0,26.5,27.0,25.75,26.0,26.75,27.25,26.75,26.0,27.0,26.25,25.75,26.5,26.75,26.25,26.25,26.25,26.75,26.25,26.0,26.5
42.0
26.75,26.75,26.5,26.5,26.75,26.0,27.0,27.0,27.0,27.0,26.75,27.0,26.5,26.5,26.25,26.25,26.75,27.75,28.5,26.75,26.5,26.5,26.25,26.5,26.75,28.75,28.5,26.75,26.25,26.5,26.25,26.5,27.0,28.75,28.5,26.75,26.25,26.5,26.5,26.5,27.25,27.0,27.75,26.75,26.5,26.5,26.25,26.25,26.75,26.75,26.5,26.25,26.75,26.25,26.0,26.25,26.5,25.75,26.25,26.25,27.0,26.0,25.75,26.25
43.0
26.5,27.0,26.75,26.5,27.0,26.75,27.25,27.25,27.25,27.0,27.0,27.0,26.25,26.5,26.5,26.75,27.25,28.0,28.25,26.25,27.0,26.75,26.5,26.5,26.75,28.5,28.5,27.0,26.75,26.5,26.75,26.75,28.0,28.75,29.0,27.25,27.0,27.25,26.25,26.75,27.25,27.5,27.75,27.0,27.0,26.5,26.25,25.75,27.0,27.0,26.75,27.0,26.5,26.5,26.0,26.25,26.5,26.25,26.75,27.0,26.5,26.25,26.0,26.75
44.0
26.5,27.25,27.0,27.0,26.75,26.5,27.0,27.5,27.0,26.75,26.75,27.0,27.5,26.5,26.25,26.5,27.5,27.5,28.0,26.5,26.75,26.75,26.5,26.25,26.75,28.0,28.5,27.0,26.75,26.25,26.5,27.0,27.5,28.75,28.5,27.25,27.0,26.75,26.5,26.75,27.25,28.0,28.5,27.0,26.5,27.0,26.5,25.75,26.75,27.25,26.5,27.0,26.75,26.75,26.25,26.0,26.25,26.5,27.0,26.75,26.0,26.25,26.0,26.75
45.0
26.5,26.5,26.5,26.5,27.0,26.5,27.0,27.0,27.0,27.0,26.5,26.5,27.0,26.75,26.5,26.25,27.25,27.25,27.25,27.0,26.75,26.5,26.5,26.5,27.0,28.25,28.5,27.0,26.25,26.5,26.5,26.75,27.75,28.75,28.75,27.25,27.0,27.0,26.25,26.25,27.25,28.0,28.25,27.25,26.5,26.5,26.0,26.0,27.25,27.0,26.5,26.25,26.75,27.0,26.25,26.75,26.75,26.75,26.75,26.75,26.5,26.5,26.25,26.5
46.0
26.5,27.0,26.75,26.25,26.5,26.75,27.5,27.0,26.75,26.5,26.5,26.75,26.75,26.5,26.75,26.5,27.25,27.25,26.75,26.75,27.0,26.75,27.0,26.25,26.75,28.5,28.0,27.0,26.5,26.5,26.5,26.0,27.5,28.5,29.0,27.0,27.0,26.75,26.0,26.75,27.5,28.5,28.25,27.25,26.75,26.5,26.5,26.0,27.0,27.0,26.5,26.5,26.5,27.0,26.25,26.0,26.25,26.25,26.75,26.75,26.25,26.0,26.0,26.75
47.0
26.25,26.25,26.75,26.5,26.75,26.5,27.0,26.5,26.5,26.5,26.5,26.0,26.75,26.25,26.75,26.5,27.0,26.75,26.5,26.25,26.5,26.5,26.25,26.25,26.5,28.0,27.75,26.75,26.5,26.25,26.25,26.5,27.5,28.25,28.5,27.25,26.5,26.75,26.5,26.5,27.0,28.5,28.5,27.0,26.5,26.75,25.75,26.0,26.5,27.25,26.5,26.5,26.75,26.25,26.25,26.0,26.75,26.5,26.75,26.75,26.5,26.25,25.75,26.75
48.0
27.0,27.25,27.0,26.75,26.75,26.75,27.0,26.75,26.75,26.5,26.5,26.75,27.0,26.75,26.5,26.25,26.75,26.75,26.75,26.5,26.5,26.25,26.75,26.5,27.0,27.75,27.5,26.75,26.75,26.75,26.25,26.75,27.25,28.25,28.5,27.25,26.5,26.75,26.25,26.75,27.75,28.75,29.0,27.5,27.0,27.0,26.5,26.5,27.0,27.25,26.5,26.75,26.5,27.0,26.0,26.5,26.75,26.25,26.5,26.75,26.5,26.25,26.0,26.5
49.0
26.25,26.75,27.0,26.75,26.75,26.5,26.75,27.5,26.25,26.75,26.5,26.75,26.75,26.25,26.5,26.25,27.0,26.75,26.75,26.75,26.5,26.75,26.75,26.25,26.75,27.25,27.25,26.5,26.75,26.25,26.75,26.75,27.75,28.75,28.25,27.0,27.0,26.5,26.5,26.75,27.25,28.5,29.0,27.25,26.75,26.75,26.5,26.25,26.75,27.25,26.75,27.0,26.5,26.25,26.25,26.75,26.75,26.5,26.25,26.75,26.25,26.25,26.25,27.0
50.0
26.25,27.0,26.75,26.5,27.0,26.25,27.0,27.25,27.0,26.75,26.75,26.5,27.0,26.5,26.25,26.5,27.25,27.0,26.75,26.5,26.5,27.0,26.75,26.5,26.75,27.5,27.75,27.0,26.5,26.25,26.5,26.25,27.25,28.75,28.25,27.25,26.75,26.75,26.75,26.75,27.0,28.5,29.25,27.5,26.5,26.75,26.0,26.0,27.0,27.5,26.75,26.5,26.75,26.5,26.5,26.25,26.75,26.75,26.75,26.75,26.25,26.25,26.25,27.0
51.0
27.0,26.5,26.75,26.25,26.75,26.25,27.5,27.5,27.25,26.75,27.0,26.75,26.75,26.0,26.75,26.75,27.25,27.0,27.0,26.5,26.75,26.75,26.75,26.5,26.75,27.25,27.75,26.75,26.75,26.5,26.5,26.5,27.25,27.5,28.5,27.25,27.0,27.0,26.75,27.0,27.5,28.25,28.75,27.25,26.5,27.0,26.5,26.0,27.25,27.5,27.75,26.75,26.5,27.0,26.0,26.75,26.5,26.75,26.75,26.25,26.0,26.25,26.25,26.75
52.0
27.0,27.25,27.25,26.5,26.5,26.75,27.5,27.0,26.5,26.5,27.0,26.75,27.0,26.25,27.0,26.75,26.75,26.75,26.75,26.25,26.5,26.75,26.75,26.25,26.5,27.0,27.5,26.75,26.75,26.25,26.5,26.75,27.25,28.0,28.5,27.25,26.75,26.5,26.75,27.0,27.25,28.0,29.0,27.5,26.5,27.0,26.25,26.25,27.0,28.0,27.75,26.75,26.75,26.5,26.0,26.75,26.75,26.25,26.5,27.0,26.75,26.0,26.0,26.5
53.0
26.75,27.0,27.0,26.5,26.0,26.25,27.25,27.25,26.75,27.0,26.5,26.5,26.5,26.5,26.25,26.0,26.75,26.5,26.75,26.75,26.75,26.5,26.25,26.25,26.5,26.75,27.25,26.5,26.75,26.75,27.0,26.25,27.25,27.5,28.5,27.5,26.75,26.25,26.0,26.25,27.25,28.0,28.75,27.25,26.25,26.5,26.0,26.25,27.5,28.25,27.75,26.75,26.75,27.0,26.25,26.5,26.75,26.5,26.25,26.75,26.25,25.75,25.5,26.0
54.0
27.0,27.0,27.0,26.5,26.75,26.5,27.0,27.75,27.25,27.0,26.5,26.5,27.25,26.5,26.75,26.5,27.0,27.0,27.25,26.75,27.0,27.0,26.75,26.5,26.75,27.25,27.5,26.75,26.75,26.75,26.5,27.0,27.25,27.75,28.75,27.25,26.75,26.75,26.5,26.5,27.5,28.5,28.75,27.25,26.5,26.75,26.0,25.75,27.0,28.0,28.0,26.75,26.75,26.5,26.25,26.25,27.0,27.25,26.75,27.0,26.5,26.0,26.25,26.5
55.0
26.5,26.75,26.75,26.5,26.75,26.5,27.25,27.25,27.0,27.0,27.25,26.75,27.25,26.75,26.5,26.25,26.75,27.0,27.0,26.5,26.5,27.0,26.75,26.25,27.0,27.25,27.75,27.0,27.0,26.25,26.75,26.5,27.5,27.75,28.75,27.0,26.5,27.0,27.0,26.5,27.75,28.25,28.75,27.75,26.5,26.75,26.0,26.25,27.0,28.0,27.75,26.75,26.75,26.5,26.5,26.25,26.75,26.5,27.25,26.25,26.75,25.75,26.5,27.0
56.0
26.75,27.25,27.0,26.75,27.25,26.75,27.5,27.25,26.5,26.75,26.75,26.75,26.75,26.5,27.0,26.5,27.25,26.5,26.75,27.0,26.75,26.75,26.5,27.0,26.75,27.5,27.5,26.75,27.0,26.5,27.0,26.75,27.5,27.75,28.75,27.25,27.0,26.75,26.75,26.75,27.75,28.25,29.0,28.0,26.5,27.0,26.0,26.5,27.5,28.25,27.75,26.75,27.0,26.75,26.25,26.75,26.5,26.5,26.5,26.25,26.75,26.25,26.0,26.75
57.0
26.75,27.25,27.0,26.75,27.25,26.75,27.5,27.25,26.5,26.75,26.75,26.75,26.75,26.5,27.0,26.5,27.25,26.5,26.75,27.0,26.75,26.75,26.5,27.0,26.75,27.5,27.5,26.75,27.0,26.5,27.0,26.75,27.5,27.75,28.75,27.25,27.0,26.75,26.75,26.75,27.75,28.25,29.0,28.0,26.5,27.0,26.0,26.5,27.5,28.25,27.75,26.75,27.0,26.75,26.25,26.75,26.5,26.5,26.5,26.25,26.75,26.25,26.0,26.75
58.0
26.75,27.0,26.75,26.5,26.75,26.5,27.25,27.0,27.0,26.75,26.5,26.75,26.75,27.25,26.75,26.75,27.5,27.0,27.0,26.75,26.75,27.0,26.75,26.25,26.75,27.0,27.25,26.75,26.75,26.5,26.5,26.75,27.25,27.5,28.75,27.25,26.75,26.5,27.0,26.75,27.5,28.5,29.0,27.75,26.75,27.0,26.25,26.0,27.25,28.0,27.25,26.75,26.75,26.5,26.5,26.25,26.5,26.5,26.75,26.75,26.5,26.25,26.25,26.75
59.0
26.75,27.0,26.75,26.75,26.75,26.0,26.75,26.75,26.25,26.75,26.5,26.25,26.5,26.5,26.25,26.25,27.0,26.5,26.75,26.75,26.5,27.25,26.75,26.5,26.25,27.0,27.5,27.0,26.5,26.75,26.5,26.75,27.5,27.25,28.75,27.0,26.5,26.75,26.25,26.75,27.25,27.75,29.25,27.5,26.5,26.75,26.0,25.5,27.5,28.0,27.75,26.25,26.75,26.5,26.25,26.0,27.0,26.25,26.5,26.75,26.25,25.75,26.5,26.25
60.0
26.5,27.25,26.5,27.0,26.75,26.75,27.25,27.0,26.75,27.25,27.0,27.0,26.75,26.75,26.75,27.0,27.25,26.75,27.0,26.5,26.75,26.75,26.75,26.5,26.75,27.0,27.75,27.0,26.75,26.25,27.0,26.75,27.5,27.75,29.25,27.25,27.25,27.0,26.5,26.25,27.75,28.75,28.75,27.5,26.75,27.0,26.5,26.25,27.25,27.75,27.5,26.75,27.0,26.5,26.25,26.5,26.75,26.75,26.75,26.5,26.75,26.5,26.0,26.75
