1.0
26.25,26.75,26.75,26.75,26.5,27.0,29.0,29.5,26.75,26.25,26.0,27.0,26.75,27.25,28.5,28.5,26.5,27.0,26.5,26.75,26.75,27.25,27.5,27.0,26.5,27.5,26.75,26.5,26.5,26.5,26.5,27.0,28.25,28.25,26.5,26.5,26.75,26.75,26.5,26.5,28.75,29.0,27.25,27.0,26.5,26.25,26.25,25.75,28.75,27.75,26.75,26.75,26.75,26.0,26.25,26.25,27.5,26.75,26.75,26.25,26.5,25.75,25.75,27.0
2.0
26.5,27.0,27.0,26.75,26.75,26.25,28.5,29.0,27.0,26.5,26.75,27.0,26.75,27.25,28.0,28.0,27.0,26.5,26.5,26.5,26.75,27.25,27.5,27.0,26.25,27.0,26.5,26.5,26.25,26.25,26.75,27.0,28.75,28.5,26.75,26.0,26.75,27.0,26.25,27.0,29.0,28.75,27.25,27.0,26.5,26.75,26.0,26.25,28.75,28.25,26.5,27.25,26.5,26.75,26.25,26.5,26.75,27.0,27.0,26.5,26.5,26.0,26.0,26.5
3.0
26.0,26.75,26.5,26.5,26.75,26.5,28.75,29.25,26.75,26.75,26.75,26.5,26.75,27.25,27.75,28.5,26.75,26.25,26.5,26.5,26.25,27.5,27.5,27.5,26.25,26.75,26.75,26.75,26.5,26.5,26.75,26.75,28.0,28.0,27.0,26.0,26.25,26.25,26.25,26.0,28.5,28.5,27.25,27.25,26.5,26.75,26.5,25.5,29.25,28.25,26.75,26.25,26.75,26.0,26.0,26.0,26.75,26.25,26.5,26.75,26.0,25.75,26.0,26.0
4.0
27.0,27.25,26.75,26.5,26.75,27.0,28.5,29.0,27.0,26.75,26.75,26.75,27.0,27.25,28.0,28.5,27.0,27.0,26.75,26.25,27.0,27.5,27.75,27.25,26.5,27.0,26.5,26.5,26.5,26.75,27.0,26.75,28.0,28.25,26.25,26.0,26.5,26.75,26.5,26.75,28.75,28.75,27.25,27.25,26.25,26.5,26.75,26.25,29.0,28.0,26.5,26.25,26.5,26.25,26.25,26.75,26.75,26.25,26.5,26.75,26.5,26.25,26.0,26.5
5.0
26.5,27.0,27.0,26.75,27.0,27.5,28.75,29.75,26.75,26.25,26.75,27.0,26.75,27.0,28.25,28.75,26.75,26.5,26.75,26.25,26.75,27.5,28.25,26.75,26.5,26.5,26.5,26.25,26.5,26.75,26.75,26.5,28.25,28.5,26.75,26.0,26.75,26.5,26.75,26.0,29.0,29.0,27.0,26.75,26.25,26.5,26.5,26.0,29.0,28.0,27.25,26.75,26.5,26.75,26.25,26.5,27.0,27.0,26.5,26.5,26.5,26.0,26.0,26.0
6.0
26.75,27.0,27.0,26.75,27.25,28.0,29.25,29.25,26.75,27.0,27.0,26.25,27.0,27.5,28.25,29.25,26.5,26.75,26.75,26.25,26.75,27.75,28.25,26.5,26.5,27.25,26.5,26.25,26.5,26.75,26.75,26.5,28.25,28.25,26.25,26.25,26.5,26.5,26.25,26.75,28.75,28.75,27.0,26.5,26.5,26.5,26.0,26.75,28.75,28.0,26.5,27.0,26.75,26.5,26.25,26.25,27.25,26.0,26.75,26.5,26.5,26.0,25.75,26.0
7.0
26.75,27.0,26.75,26.5,27.25,28.0,29.25,29.5,26.75,26.75,26.25,26.75,26.75,27.25,28.75,28.75,26.5,26.75,26.75,26.75,26.75,27.5,27.75,27.0,26.5,27.0,26.75,26.25,26.5,26.75,26.75,27.25,28.0,28.0,26.75,26.5,26.25,26.5,26.75,27.25,28.75,28.75,27.0,26.75,26.5,26.5,26.0,25.75,28.75,27.75,27.0,26.5,26.75,26.25,26.0,26.5,27.0,26.5,26.75,26.25,26.0,26.25,26.0,26.25
8.0
26.25,26.75,26.5,26.75,26.75,27.75,29.0,29.25,26.5,26.5,27.0,27.0,26.75,27.25,28.5,28.5,26.25,26.5,26.75,26.25,26.25,27.25,28.0,26.5,26.5,26.75,26.5,26.25,26.5,26.5,26.25,26.0,28.25,28.0,26.5,26.25,26.5,26.25,26.5,26.5,28.75,28.75,26.75,27.0,26.5,26.75,26.5,26.25,28.75,28.0,27.0,26.75,26.5,26.0,25.75,26.25,27.0,27.25,26.5,25.5,26.5,25.75,26.0,26.5
9.0
26.75,27.0,27.0,26.75,27.0,27.25,29.0,29.25,26.75,26.5,26.5,26.75,26.75,27.75,28.0,28.75,27.0,27.0,27.0,26.75,26.75,27.5,28.0,26.5,26.5,27.25,26.75,26.5,26.25,27.0,26.5,26.25,28.25,28.0,26.75,26.25,26.5,26.75,26.75,26.5,28.75,28.75,27.25,26.75,26.5,26.75,26.25,26.5,29.0,28.75,27.25,26.25,26.5,26.25,26.0,26.25,27.0,26.75,26.75,26.75,26.5,26.25,25.75,26.5
10.0
26.25,27.0,26.5,26.5,26.75,26.75,28.75,29.5,27.25,26.5,26.5,26.5,26.75,27.0,28.5,28.75,26.75,26.5,26.75,26.5,26.75,27.5,28.0,28.0,26.25,27.0,26.5,26.5,26.25,26.75,26.25,26.75,28.0,28.25,26.75,26.25,26.75,26.5,26.25,26.25,29.0,28.75,27.25,27.0,26.5,26.5,26.5,26.0,29.0,28.0,26.5,26.75,26.5,26.0,26.0,26.5,27.0,26.75,26.25,26.75,26.5,25.75,26.25,26.25
11.0
26.25,27.0,27.0,26.75,26.75,26.5,28.25,30.25,26.75,26.5,26.5,26.5,26.75,27.75,28.5,29.25,26.75,26.75,26.5,26.5,26.5,27.75,28.0,28.75,26.5,26.75,26.75,26.75,26.75,26.5,27.25,27.25,28.25,28.25,26.75,26.25,26.5,26.25,26.5,26.75,29.0,29.0,27.0,27.0,26.25,26.5,26.5,26.0,29.0,28.25,26.75,26.75,26.75,26.5,26.25,26.25,26.75,26.5,26.5,26.5,26.5,26.25,26.25,26.75
12.0
26.5,27.25,26.75,26.75,26.75,26.5,28.25,30.25,27.0,26.5,26.75,26.75,26.75,27.75,29.0,29.75,27.25,26.25,26.75,26.25,27.25,27.75,28.25,28.25,26.25,27.0,26.25,26.25,26.25,27.5,27.25,26.75,27.5,28.0,26.75,26.5,26.0,26.5,26.0,26.25,29.0,29.0,27.25,26.5,26.25,26.5,26.75,25.75,29.0,27.5,27.0,26.25,26.75,26.25,26.0,26.0,26.75,26.5,26.75,26.75,26.25,25.75,26.0,26.5
13.0
26.75,27.0,27.25,26.5,26.5,26.5,29.25,30.25,26.75,26.75,26.5,27.25,27.0,28.25,29.0,29.25,26.75,26.25,26.75,26.5,27.5,28.25,28.75,27.5,26.25,27.0,26.5,26.25,26.75,27.5,26.75,27.0,28.0,28.5,26.75,26.5,26.5,27.0,27.0,27.25,29.25,28.75,27.25,26.75,26.25,26.5,26.0,25.75,29.25,28.5,26.5,26.75,26.5,26.5,25.5,26.0,27.0,26.75,26.75,26.5,26.5,26.5,26.5,25.75
14.0
26.5,26.75,27.0,26.5,26.25,27.5,30.25,29.25,26.5,26.5,26.75,27.0,27.25,28.0,29.25,28.5,27.25,26.5,27.0,26.5,28.0,28.75,28.5,27.0,26.25,27.0,26.75,26.5,26.5,26.75,26.75,26.75,27.75,28.0,26.75,26.25,26.5,26.75,26.75,26.25,29.0,28.5,27.5,26.75,26.25,26.75,26.5,26.0,29.0,28.25,26.75,26.5,26.75,26.25,26.0,26.25,26.75,26.25,27.0,26.25,26.25,26.0,26.0,26.5
15.0
26.5,26.5,27.0,26.75,26.5,27.5,29.75,28.25,26.75,26.0,26.75,26.5,27.25,28.25,29.25,27.75,27.0,26.5,26.5,26.5,28.0,28.75,27.5,26.5,26.0,27.0,26.5,26.25,26.25,26.75,26.5,26.5,27.75,28.25,26.0,25.75,26.25,26.5,26.5,26.0,28.5,28.25,27.0,26.75,26.5,26.5,26.25,25.75,28.75,27.75,26.5,26.5,26.5,26.25,26.0,26.25,26.5,27.0,26.75,26.75,26.25,25.5,26.25,26.0
16.0
26.5,27.25,26.75,26.75,27.25,28.75,29.75,28.5,27.0,26.75,26.5,26.75,27.75,28.25,29.25,27.25,26.5,26.75,26.75,26.75,28.5,28.75,27.5,26.75,26.75,27.0,26.5,26.75,26.5,27.0,26.5,26.75,28.0,28.0,26.5,26.25,27.0,27.0,26.25,27.0,29.0,29.0,27.0,26.75,26.5,26.5,26.25,26.0,28.75,28.5,26.75,27.0,26.75,26.25,25.5,26.75,27.0,26.75,26.5,26.5,26.75,26.25,26.5,26.5
17.0
26.25,27.0,27.0,27.0,27.75,29.25,30.0,27.75,26.5,26.75,26.5,26.75,27.5,28.75,29.0,27.0,26.25,26.5,26.75,26.5,28.5,28.75,27.25,26.25,26.25,27.25,26.25,26.25,26.75,27.25,26.75,26.75,28.25,28.0,26.75,26.5,26.5,26.75,27.0,26.5,28.75,28.75,27.25,26.75,26.5,26.25,26.0,26.0,28.5,28.0,27.0,26.5,27.0,26.5,26.0,26.25,26.75,26.25,26.75,26.75,26.0,26.25,25.75,26.0
18.0
26.5,27.0,27.25,27.0,28.25,29.5,29.75,27.75,27.0,26.5,27.0,26.75,28.5,28.75,28.0,26.5,27.0,26.25,26.75,26.5,28.25,28.5,27.25,27.0,26.5,26.75,26.5,26.25,27.25,26.75,27.0,26.5,28.0,28.25,26.75,26.5,27.0,26.75,26.75,27.0,28.5,28.75,27.25,27.0,26.5,26.5,26.25,26.0,29.25,28.0,27.0,26.5,26.75,26.25,26.0,26.25,27.25,26.5,27.0,26.75,26.25,26.5,26.25,26.5
19.0
26.5,27.25,27.0,27.25,29.0,29.5,29.5,27.25,26.75,27.0,26.75,27.0,28.5,29.0,28.25,26.5,27.0,26.75,26.75,26.5,27.75,28.5,26.75,26.75,26.5,27.0,26.5,26.5,26.75,26.5,26.5,27.0,28.0,28.0,26.75,26.25,26.75,26.75,27.0,27.0,29.0,28.75,27.25,27.0,26.5,26.75,26.0,25.75,29.25,28.0,27.0,26.5,26.5,26.5,26.0,26.5,26.75,27.0,26.25,26.75,26.5,25.75,26.0,26.75
20.0
26.5,27.25,27.0,27.5,28.75,29.75,29.0,27.0,26.5,26.5,26.75,27.75,28.5,29.25,27.5,26.5,26.75,26.5,26.5,26.75,27.75,28.25,27.0,26.0,26.5,27.0,26.5,26.75,26.5,26.5,26.75,26.5,27.5,28.0,26.25,26.25,26.75,26.75,26.75,26.5,28.75,28.25,27.25,26.75,26.5,26.75,26.25,25.5,28.75,27.75,26.5,26.25,26.5,26.25,26.5,26.25,27.0,26.0,26.75,26.5,26.25,25.5,26.0,26.0
21.0
27.25,26.5,27.25,28.0,29.75,27.25,27.0,26.75,26.75,26.75,27.0,28.5,30.0,27.5,26.5,26.25,26.5,26.5,27.0,27.75,28.5,27.0,26.5,26.25,26.5,26.5,26.5,27.0,26.75,26.25,26.25,26.25,28.0,28.0,26.5,26.5,26.5,26.25,26.25,26.5,28.25,28.5,27.25,27.0,26.5,26.75,25.75,25.75,29.25,28.25,26.75,26.25,26.5,26.5,26.0,26.25,26.5,26.5,26.75,26.75,26.25,25.75,26.25,26.75
22.0
26.5,27.25,27.25,29.0,29.75,26.75,27.0,27.5,26.75,27.0,27.25,29.25,29.5,27.25,26.75,26.75,27.0,26.5,27.0,28.25,27.5,26.75,26.5,26.5,26.5,27.25,26.75,26.75,26.75,26.5,26.75,26.75,28.25,28.75,26.75,26.75,26.5,26.5,26.75,26.75,29.25,28.5,27.25,27.0,26.5,27.0,26.5,26.0,29.25,28.25,27.0,26.5,26.5,26.5,26.0,26.0,27.0,27.0,26.5,27.0,26.25,26.0,25.75,26.25
23.0
26.5,27.5,28.0,29.5,29.5,27.0,27.25,27.0,27.25,27.25,27.25,30.25,29.5,26.75,26.75,26.5,27.0,27.0,27.5,28.5,27.25,27.25,26.75,26.5,26.75,26.75,27.25,26.75,26.5,26.75,26.75,27.0,28.0,28.25,26.75,26.25,26.75,26.25,26.5,27.0,29.25,29.0,27.25,26.75,26.5,26.75,26.0,26.0,28.75,28.5,27.25,26.75,26.75,26.25,25.75,26.75,26.75,27.0,26.25,26.75,26.5,26.0,26.25,26.0
24.0
26.75,27.5,28.25,30.0,28.75,27.25,27.25,27.25,27.0,27.0,28.0,30.0,28.5,26.75,26.25,26.25,27.5,26.75,28.25,28.75,27.25,26.75,26.25,26.25,26.75,27.25,26.75,27.0,26.5,26.25,26.5,26.75,27.75,28.5,27.0,26.5,26.5,26.75,26.75,26.75,29.0,28.75,27.5,26.75,26.25,26.75,26.5,25.75,29.25,28.25,26.75,26.75,27.0,26.5,26.0,26.75,27.25,26.75,27.0,26.5,26.5,26.25,25.75,26.25
25.0
26.75,27.75,29.0,29.75,27.75,26.75,27.25,26.75,27.0,27.25,28.75,29.75,27.75,26.5,26.5,26.5,26.5,27.25,28.5,28.5,27.25,27.0,26.25,26.25,26.75,27.0,26.75,26.75,26.5,26.5,26.5,26.75,28.25,28.25,27.0,26.5,26.75,26.75,26.5,26.5,29.0,29.0,27.25,27.25,26.75,26.5,26.0,26.0,29.25,28.0,26.75,26.5,26.75,26.25,26.0,26.25,26.75,26.5,26.75,26.25,26.75,26.0,26.25,26.5
26.0
27.25,28.0,29.5,29.0,27.25,26.25,26.75,26.75,27.25,27.0,29.5,29.25,27.25,26.0,26.75,26.0,26.75,27.0,28.25,28.0,26.75,26.75,26.25,26.0,26.75,27.0,26.75,26.75,26.25,26.25,26.25,26.5,27.75,28.25,26.5,26.25,26.75,26.75,26.25,26.25,29.0,28.5,27.25,26.75,26.25,26.5,26.5,25.75,28.75,28.0,26.5,26.5,26.75,26.5,26.25,26.25,26.75,26.5,27.0,26.75,26.25,26.25,26.0,26.5
27.0
27.25,28.25,29.75,28.5,27.25,26.75,27.5,27.0,27.5,27.75,29.75,28.25,26.75,25.75,26.25,26.25,27.0,27.0,28.75,27.75,27.0,26.75,26.75,26.5,26.75,26.75,27.0,27.25,26.5,26.5,26.5,26.25,28.25,28.0,26.75,26.75,26.75,26.5,25.75,26.75,28.75,29.0,27.25,27.0,26.5,26.5,26.5,26.0,29.25,28.25,27.0,26.75,26.5,26.5,25.75,26.75,26.75,26.75,26.5,26.5,26.25,26.5,25.75,26.75
28.0
26.75,28.5,30.0,27.5,27.0,26.5,26.5,27.0,27.25,28.5,29.5,28.0,27.0,26.5,26.5,26.5,27.25,27.25,28.75,27.5,27.0,26.75,26.25,26.25,26.75,27.0,27.5,27.0,26.25,26.25,26.25,27.0,28.25,28.5,26.75,26.5,27.0,27.0,26.25,26.5,29.0,29.0,27.25,26.75,26.25,26.25,26.25,26.0,29.25,28.0,26.5,27.0,26.75,26.5,26.0,26.25,27.5,27.0,26.75,27.0,26.75,25.5,26.25,26.5
29.0
26.75,28.5,30.0,27.5,27.0,26.5,26.5,27.0,27.25,28.5,29.5,28.0,27.0,26.5,26.5,26.5,27.25,27.25,28.75,27.5,27.0,26.75,26.25,26.25,26.75,27.0,27.5,27.0,26.25,26.25,26.25,27.0,28.25,28.5,26.75,26.5,27.0,27.0,26.25,26.5,29.0,29.0,27.25,26.75,26.25,26.25,26.25,26.0,29.25,28.0,26.5,27.0,26.75,26.5,26.0,26.25,27.5,27.0,26.75,27.0,26.75,25.5,26.25,26.5
30.0
27.0,28.75,29.5,27.0,27.25,26.5,27.0,27.0,27.0,28.25,29.0,27.0,26.75,26.0,26.25,26.25,27.25,27.25,28.75,27.25,26.5,26.75,26.75,26.5,26.25,27.25,27.25,27.0,26.5,26.5,26.75,26.75,28.0,28.25,27.0,26.25,26.5,26.5,26.25,26.75,29.25,29.0,27.25,26.5,26.75,27.0,26.5,25.75,29.25,28.0,26.75,26.75,26.75,26.25,26.0,26.25,27.0,27.0,26.5,26.5,26.5,26.25,26.25,25.75
31.0
29.75,29.0,27.25,26.75,26.5,26.5,26.75,27.5,28.5,29.0,27.25,27.0,26.25,26.25,26.25,26.5,27.25,28.75,27.75,26.5,26.75,26.75,26.5,26.25,26.75,27.5,27.0,26.25,26.5,26.25,26.5,26.75,27.75,28.25,26.75,26.5,26.75,26.75,26.25,26.75,29.25,29.0,27.25,27.0,26.25,26.5,26.25,26.25,29.0,28.25,27.0,26.75,26.75,26.25,26.25,26.25,27.25,27.0,26.75,26.75,26.25,25.5,25.75,26.25
32.0
29.5,28.75,27.25,26.75,26.75,26.25,27.0,27.25,29.25,28.5,27.25,26.75,26.25,26.5,26.5,26.5,28.0,28.5,28.0,26.75,26.5,26.5,26.75,26.5,27.25,28.0,27.0,26.25,26.75,26.5,26.75,26.5,28.25,28.25,26.75,26.75,26.5,26.75,26.25,26.75,29.0,28.75,27.5,26.75,26.75,26.25,26.0,26.25,29.25,28.25,27.0,26.75,26.5,26.25,26.0,26.25,26.75,26.75,26.25,26.5,26.25,26.25,26.0,26.5
33.0
29.25,27.75,27.0,26.5,26.75,26.25,26.75,26.75,29.0,28.5,26.75,26.75,26.25,26.25,26.25,26.0,28.75,27.5,27.5,26.25,26.25,26.5,26.5,26.5,27.0,27.25,26.75,26.25,26.25,26.0,26.5,26.25,28.0,28.25,26.0,26.25,26.5,26.75,26.0,26.75,28.75,29.0,27.0,26.75,26.5,26.25,26.25,26.0,28.75,28.0,26.5,26.75,26.75,26.0,25.5,26.0,26.75,26.5,26.5,26.75,26.5,26.5,25.25,26.25
34.0
29.25,27.5,27.0,27.0,27.0,26.0,27.25,26.75,29.0,27.5,26.5,26.75,26.75,26.25,26.5,26.5,28.75,28.0,27.5,26.75,26.5,26.75,26.5,26.5,28.0,27.75,27.0,26.5,26.75,26.25,26.75,26.25,28.0,28.5,26.75,26.25,26.75,26.5,26.5,26.0,29.25,29.25,27.5,26.75,26.0,26.5,26.5,26.0,28.75,28.0,26.75,26.25,26.25,26.25,26.0,26.0,27.25,27.0,26.75,26.75,26.0,25.75,26.0,26.75
35.0
28.5,27.0,26.75,27.0,26.5,26.5,27.0,27.0,28.75,27.0,27.0,26.75,26.5,26.0,26.25,26.0,29.0,28.0,27.5,26.5,26.25,27.0,26.25,26.5,27.25,27.5,27.0,26.0,26.5,26.25,26.5,26.25,27.75,28.5,26.75,26.5,26.75,26.25,26.5,26.25,28.75,28.75,27.25,26.75,26.25,26.75,26.25,26.0,28.75,28.25,26.5,26.5,26.5,26.5,26.0,26.5,26.75,26.75,26.75,26.25,26.5,26.0,26.0,26.5
36.0
28.0,27.5,27.0,26.75,26.25,26.5,27.25,27.25,28.25,27.0,26.75,26.75,26.5,26.25,26.0,26.0,29.0,28.0,26.75,26.5,26.5,27.0,26.5,26.5,27.0,27.5,26.75,26.25,26.25,26.25,26.5,26.5,28.0,28.5,26.75,26.25,26.5,26.5,26.75,26.5,28.75,28.75,27.5,27.0,26.5,26.75,26.0,25.75,29.0,28.5,26.5,26.5,26.5,26.75,26.0,26.25,27.0,26.5,26.75,26.5,26.25,26.0,26.0,26.25
37.0
28.0,27.0,27.0,26.25,27.0,26.5,27.5,27.0,28.0,27.0,26.75,26.75,26.75,26.5,26.5,26.5,28.0,27.25,26.75,26.25,26.75,26.25,26.25,26.25,26.75,27.25,26.75,26.5,26.25,26.25,26.0,26.75,27.75,28.25,26.75,26.25,26.75,26.75,26.75,26.5,29.0,28.5,27.25,26.75,26.5,26.25,26.5,26.0,29.0,28.25,26.75,26.75,26.75,26.25,25.75,26.0,27.0,26.75,26.75,26.75,26.75,25.75,26.0,26.5
38.0
26.75,27.0,27.0,26.25,26.5,26.5,26.75,26.75,27.5,26.75,26.25,26.25,26.0,26.25,26.25,26.25,28.5,26.75,26.5,26.25,26.5,26.25,26.25,26.5,26.75,27.25,26.5,26.25,26.25,26.25,26.5,26.25,27.75,27.75,26.5,25.75,26.25,26.5,26.25,26.25,29.0,29.0,27.0,26.75,26.5,26.75,26.25,25.5,29.25,27.75,26.75,26.25,26.75,26.0,25.75,25.75,26.75,26.5,26.75,26.25,25.75,25.75,25.5,26.25
39.0
27.0,27.5,27.0,27.0,26.75,26.5,26.75,26.75,27.25,26.75,26.75,26.75,26.5,26.25,26.75,26.25,28.0,26.75,27.0,26.25,26.75,27.0,26.5,26.25,26.5,27.5,26.75,26.5,26.0,26.0,26.5,27.0,28.0,28.0,26.5,26.25,26.25,26.25,26.25,26.5,29.0,28.75,27.0,26.75,26.5,26.75,26.25,26.25,28.75,27.75,26.5,26.75,26.5,26.25,25.75,26.25,27.25,27.0,26.75,26.5,26.5,26.25,25.25,27.25
40.0
26.75,27.0,27.0,26.5,26.75,26.25,27.0,26.5,27.5,26.75,26.75,26.75,26.5,26.5,26.5,26.25,28.0,27.25,26.75,26.25,26.25,26.25,26.25,25.75,27.0,27.25,26.25,26.5,26.75,26.25,26.25,26.5,28.0,28.25,26.5,26.25,26.5,26.25,26.25,26.5,28.75,28.75,27.25,27.0,26.25,26.75,26.5,26.0,28.75,28.75,26.75,26.75,26.5,26.5,25.75,26.0,27.0,26.75,26.5,26.75,26.25,26.0,26.0,26.5
41.0
26.5,27.0,26.5,26.5,26.5,26.5,26.75,26.75,26.75,27.0,26.75,26.75,27.0,26.75,26.5,26.25,28.25,26.75,27.0,26.5,26.25,26.5,26.25,26.5,27.5,27.0,26.5,26.0,26.25,26.0,26.25,26.5,27.75,28.25,26.5,26.0,26.5,26.5,26.5,26.5,29.0,28.75,26.75,27.0,26.25,26.25,26.0,25.75,29.0,28.0,26.5,27.0,26.75,26.5,26.5,26.25,27.0,26.5,26.5,26.0,26.25,26.0,25.75,26.0
42.0
27.0,27.0,26.75,26.5,27.0,26.0,27.25,27.0,27.0,26.5,26.25,26.75,26.25,26.0,26.25,26.25,27.75,26.25,26.5,26.5,26.5,27.0,26.5,26.25,27.0,27.0,26.25,26.25,26.25,26.25,26.75,26.5,28.0,28.25,26.25,26.5,26.75,26.25,26.5,26.5,29.0,28.75,27.25,26.75,26.25,26.75,26.0,26.0,29.25,28.5,26.75,26.25,26.5,26.25,25.75,26.25,26.75,26.5,27.0,26.25,26.25,26.0,26.0,26.75
43.0
27.25,27.0,26.75,26.25,26.25,26.0,27.0,26.75,27.0,26.75,26.5,26.5,26.75,26.25,26.0,26.75,28.0,26.5,26.5,26.25,26.5,26.5,26.25,26.5,26.75,27.0,26.5,26.5,26.5,26.25,26.25,26.5,27.5,28.0,26.5,26.25,26.5,26.5,26.5,26.5,29.0,29.0,27.0,26.5,26.25,26.25,26.0,26.0,29.25,27.75,26.5,26.5,26.5,26.5,25.5,26.25,27.25,26.75,26.75,26.25,26.25,25.5,26.0,26.75
44.0
26.5,26.75,26.75,26.5,26.75,26.0,27.0,26.5,26.75,26.75,26.75,26.5,26.25,26.5,26.25,26.0,28.0,26.75,26.5,26.25,26.75,26.5,26.5,26.25,27.0,27.0,26.25,26.0,26.25,26.25,26.5,26.5,28.0,28.0,26.25,26.0,26.5,26.0,26.0,26.75,28.75,29.0,27.25,26.75,26.5,26.25,26.0,25.75,29.25,28.25,26.75,26.5,26.75,26.25,26.0,26.25,27.0,26.5,26.5,26.75,26.5,26.25,25.75,26.25
45.0
26.25,27.0,26.75,26.25,26.25,26.0,26.75,27.0,26.25,26.5,26.5,26.25,26.25,25.75,26.25,26.0,27.5,26.5,26.5,26.5,26.0,26.5,26.25,26.5,26.5,26.75,26.25,26.5,26.25,26.0,26.0,26.5,27.75,27.75,26.25,26.0,26.5,26.25,26.0,25.75,28.75,28.5,26.75,26.5,26.25,26.25,25.75,25.5,28.75,28.0,26.75,26.5,26.0,26.25,25.75,26.0,26.5,27.0,26.5,26.5,26.25,25.75,25.75,26.25
46.0
26.25,27.5,27.25,26.5,26.5,26.5,27.0,27.0,26.75,26.5,27.0,26.5,26.75,26.0,26.0,26.5,27.5,26.25,26.25,26.0,26.5,26.25,26.25,26.0,27.0,27.0,26.5,26.5,26.75,26.0,26.75,26.25,27.75,28.0,26.25,26.0,26.5,26.25,26.25,26.25,29.25,28.5,26.75,26.5,26.25,26.5,26.25,26.0,29.0,28.0,26.5,26.75,27.25,26.25,25.75,26.25,26.75,26.5,26.5,26.25,26.5,25.75,25.75,26.0
47.0
26.75,27.0,26.75,26.75,26.75,26.25,27.0,27.0,26.75,26.5,26.25,26.75,26.5,26.0,26.25,26.25,27.75,26.5,26.75,26.25,26.5,27.0,26.75,26.25,26.75,27.0,26.5,26.5,26.5,26.5,26.25,26.5,28.0,28.0,26.25,26.25,26.25,26.5,26.5,26.25,28.75,28.75,27.0,26.75,26.5,26.0,26.0,26.0,28.75,28.25,26.75,26.5,26.5,26.25,25.75,26.25,27.0,26.75,26.25,26.75,26.25,25.75,25.75,26.25
48.0
26.75,26.75,26.75,26.75,27.0,26.5,27.25,26.5,26.75,26.5,26.25,26.75,26.5,26.5,26.25,26.0,27.25,26.5,26.75,26.25,26.5,26.5,26.25,26.25,27.0,26.75,26.25,26.25,26.5,26.0,26.5,25.75,28.25,28.0,26.5,26.5,26.5,26.5,26.5,26.5,28.75,28.75,27.0,26.75,26.5,26.5,26.0,25.5,29.0,28.0,26.75,26.5,26.75,26.0,26.0,26.0,27.0,27.0,27.0,26.5,26.25,26.25,26.25,26.0
49.0
27.0,26.5,27.0,26.5,26.5,26.25,26.75,26.75,26.75,26.0,26.5,26.75,26.75,26.5,26.5,25.75,26.75,26.75,26.5,26.25,26.5,26.5,26.25,26.75,27.0,27.0,26.25,25.75,26.5,26.25,26.5,26.75,28.0,28.0,26.75,25.75,26.75,26.25,26.5,26.5,29.0,28.75,27.0,26.75,26.0,26.25,26.0,26.0,29.0,27.5,27.0,26.75,26.5,26.5,26.25,26.25,26.75,26.5,26.25,26.25,26.5,26.25,26.0,26.25
50.0
26.25,26.5,26.25,26.5,26.5,25.75,26.75,26.75,27.0,26.25,26.25,26.0,26.5,26.0,26.5,26.0,26.75,26.5,26.25,25.75,26.25,26.5,26.25,26.0,26.75,27.0,26.5,26.25,26.25,26.0,26.5,26.5,27.5,28.5,26.25,25.75,25.75,25.75,26.25,26.5,28.5,28.25,27.0,26.5,26.25,26.75,25.75,25.5,29.0,27.75,26.75,26.25,26.0,26.0,25.5,26.0,27.0,26.0,26.25,26.5,26.25,25.75,25.75,26.25
51.0
26.25,26.75,27.25,26.5,26.75,25.75,26.5,26.75,26.5,26.5,26.5,26.25,26.5,26.5,26.0,26.25,27.0,26.5,26.5,26.25,26.25,26.25,26.0,26.25,26.5,27.0,26.5,26.25,26.25,26.25,26.0,26.75,27.75,27.75,26.25,26.25,26.25,26.25,26.25,26.75,29.0,28.5,26.75,26.5,26.5,26.25,25.75,25.5,28.75,28.0,26.75,26.75,26.0,26.0,26.0,26.0,27.0,27.0,26.5,27.0,26.5,26.0,26.25,26.75
52.0
26.5,26.5,26.5,26.25,26.75,26.0,26.5,26.5,26.0,26.25,26.25,26.75,26.25,25.75,26.25,26.25,26.5,26.5,26.5,25.75,26.5,26.0,26.0,26.25,26.5,26.75,26.0,25.75,26.0,25.5,26.25,25.75,28.0,27.5,26.5,26.0,26.25,26.25,26.0,26.0,28.75,28.0,27.0,26.5,26.0,26.0,25.5,25.5,29.0,28.0,26.5,26.25,26.25,26.0,25.25,26.0,27.0,26.5,26.25,26.25,26.0,25.5,25.5,26.25
53.0
26.75,27.25,26.75,26.75,26.5,26.0,26.75,26.75,26.75,26.25,26.75,26.5,26.5,26.0,26.5,26.25,26.5,26.0,26.25,26.0,26.25,27.0,26.5,26.0,26.5,26.5,26.25,26.0,26.5,26.5,26.0,26.5,27.75,28.0,26.5,26.0,26.5,26.5,26.5,26.5,29.0,29.0,27.25,27.0,26.0,26.5,26.0,26.0,29.0,28.25,27.0,26.25,26.5,25.75,26.25,26.5,27.0,27.0,26.25,26.75,26.0,25.75,25.5,26.25
54.0
26.75,27.0,26.75,26.5,26.0,26.25,26.5,26.75,26.75,26.5,26.25,26.5,26.5,26.25,26.25,26.25,26.5,26.5,26.75,26.0,26.5,26.5,26.5,26.25,26.75,27.0,26.25,26.25,26.0,26.0,26.0,26.75,27.75,28.0,26.75,26.25,26.25,26.75,26.5,26.5,29.0,28.75,26.75,26.25,26.5,26.5,26.0,26.0,29.25,28.25,26.25,26.25,26.5,26.75,25.75,26.25,26.75,26.75,26.5,26.5,26.75,26.0,26.0,26.5
55.0
27.0,26.75,27.0,26.25,26.5,26.25,27.0,27.25,26.5,26.5,26.5,26.0,26.5,26.25,26.25,26.5,27.0,26.5,26.75,26.25,26.0,26.75,26.5,26.0,26.5,26.75,26.25,26.25,26.25,25.75,26.5,26.0,28.0,28.0,26.25,26.25,26.5,26.25,26.5,26.5,28.25,28.75,26.5,26.5,26.0,26.5,26.0,26.25,28.75,28.0,27.0,26.5,26.5,26.25,25.75,25.75,27.0,26.25,26.5,26.25,26.5,25.5,25.75,26.25
56.0
26.75,27.0,26.5,26.0,26.0,26.5,27.25,26.75,26.5,26.5,26.75,26.5,26.75,26.25,26.25,26.5,26.5,26.5,27.0,26.25,26.5,26.25,26.25,26.5,26.75,26.25,26.75,26.0,26.25,26.25,26.5,26.5,27.75,28.25,26.5,26.25,26.25,26.75,26.5,26.25,29.0,29.0,26.75,26.75,26.25,27.25,26.0,26.0,29.25,28.25,27.25,26.25,26.5,26.25,25.75,26.0,27.0,26.5,26.75,27.25,26.5,25.75,25.5,26.25
57.0
26.0,26.5,26.25,26.25,26.5,26.0,27.25,26.75,26.5,26.25,26.25,26.75,26.25,25.75,26.0,26.0,26.5,26.25,26.25,26.0,25.75,26.25,26.25,26.0,26.5,27.0,26.5,26.25,26.25,25.75,26.25,26.25,27.5,28.0,26.25,25.75,26.0,26.25,25.75,26.25,28.75,28.5,26.75,26.75,26.5,26.5,26.0,25.25,28.75,27.75,26.75,26.25,26.5,26.25,26.0,26.0,26.75,26.25,26.75,26.5,25.75,25.5,26.0,26.0
58.0
26.25,26.75,27.0,26.25,26.5,26.5,26.25,27.0,26.75,26.5,26.75,26.0,26.25,26.25,26.25,26.25,27.0,26.25,26.5,26.25,26.25,26.5,26.5,25.75,26.5,26.5,26.25,26.0,25.75,26.5,26.5,26.5,27.75,28.0,26.75,26.25,26.5,26.5,26.25,26.75,29.0,28.5,27.25,26.5,26.25,26.75,26.25,25.75,29.25,27.5,26.75,26.5,26.75,26.0,25.75,26.0,26.5,26.75,26.25,26.5,26.5,25.75,26.0,26.0
59.0
26.0,27.0,26.75,26.25,26.75,26.0,26.75,26.5,26.25,26.5,26.5,26.25,26.25,26.25,26.0,26.25,27.0,26.5,26.25,26.25,26.25,26.5,26.0,26.25,26.75,27.0,26.25,26.25,26.5,25.75,26.5,26.5,27.75,27.75,26.5,26.25,26.25,26.5,26.5,26.25,29.0,28.5,26.75,26.5,26.5,26.25,25.75,26.0,29.0,28.0,26.75,26.0,26.75,26.5,26.0,26.5,27.0,26.75,26.5,26.25,26.25,26.0,26.0,26.0
60.0
26.5,26.5,26.25,26.25,27.0,26.25,27.25,27.0,27.0,26.75,26.75,26.5,26.75,26.0,26.25,26.0,26.75,26.5,26.5,26.0,26.25,26.5,27.0,26.0,26.75,26.75,26.25,26.0,26.5,26.0,26.25,26.5,27.5,28.25,26.75,26.0,26.0,26.0,26.0,26.5,29.0,28.5,27.0,26.75,26.5,26.0,26.25,26.0,28.75,28.0,26.75,26.5,26.25,26.0,25.75,26.0,27.0,26.25,26.75,26.75,26.25,25.75,26.0,26.0
