1.0
27.0,27.75,27.25,26.5,26.75,26.25,27.0,27.0,27.0,26.75,26.75,26.75,26.75,26.25,26.5,26.5,27.75,26.75,27.0,26.75,26.5,26.75,26.5,26.5,28.25,28.0,27.25,26.5,26.25,26.25,26.25,26.5,29.25,28.75,27.75,26.75,26.5,26.5,26.5,26.75,28.25,27.5,27.0,26.75,26.75,26.5,26.25,26.5,26.75,27.0,26.25,26.0,26.5,26.25,26.0,26.0,26.25,26.5,26.25,26.5,26.0,26.25,26.0,26.5
2.0
26.5,26.5,27.25,26.5,26.5,25.75,26.75,26.5,26.75,26.5,26.5,26.75,26.75,26.25,26.0,27.25,27.0,26.5,26.75,26.25,26.25,27.0,26.25,26.0,27.75,27.25,26.75,26.25,26.25,26.25,26.5,26.5,29.25,28.75,28.0,26.5,26.25,26.5,26.25,26.5,27.75,27.25,27.0,26.5,26.25,27.0,26.25,25.5,26.5,26.75,26.5,26.25,26.5,26.5,25.75,25.5,26.5,26.0,26.5,26.25,26.5,26.0,25.25,26.5
3.0
26.75,27.25,27.25,26.5,26.5,26.25,27.0,27.0,26.75,27.0,27.0,26.75,27.0,26.5,26.5,27.0,27.5,26.75,27.0,26.75,26.75,27.0,26.5,26.75,28.0,27.5,27.0,26.5,26.5,26.25,26.25,27.0,29.5,28.75,27.75,26.75,27.0,26.75,26.25,26.5,28.0,27.5,27.25,27.0,26.25,26.25,26.0,25.75,27.0,27.0,26.25,26.0,26.5,26.5,26.0,26.25,26.75,26.5,26.5,26.5,26.25,26.0,26.0,26.5
4.0
27.25,27.0,27.25,26.5,26.5,26.75,27.25,27.0,27.0,26.75,26.75,26.5,26.5,26.25,26.25,27.0,27.25,26.5,26.75,26.25,26.5,26.75,26.5,27.0,28.0,27.5,27.5,26.25,26.75,26.25,26.5,26.5,28.75,28.5,27.75,26.75,26.5,26.75,26.5,26.0,28.0,27.75,26.75,27.0,26.75,26.75,26.0,26.0,26.75,27.0,26.5,26.5,26.75,26.25,25.75,25.5,26.5,26.5,26.25,26.5,26.25,25.75,26.0,26.5
5.0
26.5,27.25,26.5,26.5,26.75,26.75,27.25,26.75,27.0,26.5,26.75,26.5,26.75,26.25,26.5,27.0,27.25,26.75,26.75,26.25,27.0,26.75,26.75,26.5,27.5,27.25,27.25,26.25,26.25,26.5,26.5,26.75,29.0,28.75,28.0,26.75,26.75,26.5,26.25,26.5,27.75,27.5,27.25,27.0,26.75,26.25,26.25,26.0,26.75,27.0,26.75,26.5,26.5,26.75,25.5,26.0,26.25,26.5,27.0,26.5,26.0,26.0,26.25,26.75
6.0
27.0,27.25,26.75,26.5,26.75,26.5,27.0,26.75,27.25,26.75,26.75,26.5,26.75,26.5,26.5,26.75,27.25,27.0,27.0,26.5,26.5,26.5,26.75,27.0,28.0,27.5,27.25,26.5,26.25,26.0,26.5,26.25,29.25,28.75,28.0,26.75,26.75,26.75,26.5,26.5,27.5,27.5,27.0,27.25,26.75,26.5,26.0,26.0,26.75,27.0,27.0,26.25,26.5,26.25,26.0,26.0,26.75,26.0,26.5,26.25,26.0,26.0,26.25,26.75
7.0
26.5,27.5,27.0,26.5,26.25,26.5,26.75,27.0,27.25,26.75,26.25,26.75,26.5,26.0,26.0,26.5,27.0,26.75,26.5,26.25,26.5,27.0,26.75,26.25,28.0,27.5,27.25,26.5,26.25,26.25,26.25,26.25,29.0,28.75,27.25,26.5,26.5,26.25,26.5,26.5,28.0,27.25,26.75,26.75,26.25,26.75,25.75,25.25,26.5,26.75,26.5,26.5,26.5,26.5,26.25,26.25,27.0,26.0,26.5,26.25,26.25,26.0,25.75,26.0
8.0
26.75,27.0,27.0,26.75,26.75,27.0,27.0,27.0,26.75,26.75,27.0,26.5,27.0,26.5,26.5,26.25,27.5,27.25,26.75,26.75,26.25,27.0,26.5,27.0,28.25,27.75,27.0,26.75,26.5,26.25,26.25,26.75,29.25,29.0,28.0,27.0,26.5,26.75,26.25,27.0,27.5,27.75,27.25,26.5,26.75,26.5,26.5,26.25,26.75,27.25,26.75,26.25,26.75,26.75,26.5,26.5,27.0,26.25,26.5,26.5,26.0,26.0,26.25,26.75
9.0
26.75,27.5,27.5,26.25,26.5,26.5,27.25,27.25,27.0,27.25,26.75,26.75,26.75,26.25,26.5,26.5,27.5,27.25,26.75,26.75,26.75,26.75,26.25,26.75,28.75,27.5,27.0,26.5,26.5,26.5,26.5,26.25,29.25,28.75,28.0,26.75,26.5,26.75,26.75,26.5,27.25,27.75,27.0,26.5,26.75,26.75,26.0,26.25,26.5,26.5,26.75,26.5,26.25,26.5,25.75,26.0,26.75,26.75,26.75,26.5,26.0,26.0,26.0,26.5
10.0
27.0,27.0,27.25,26.25,26.5,26.5,27.0,27.0,27.5,26.75,26.5,26.5,26.5,26.75,26.75,27.25,27.75,27.0,26.75,26.25,26.75,26.75,27.0,26.25,28.5,28.0,27.25,26.75,26.25,26.25,26.75,26.75,29.5,29.5,27.5,26.5,26.75,26.5,26.75,26.5,27.5,27.25,26.75,27.0,26.5,26.75,26.25,26.25,27.0,27.0,26.5,26.0,26.75,26.5,26.0,26.0,26.5,26.5,26.5,26.5,26.0,26.0,25.75,27.0
11.0
28.25,27.5,27.25,26.75,26.75,26.5,27.25,26.75,28.25,28.0,27.0,26.75,27.0,26.75,26.5,26.75,29.5,28.5,27.0,26.5,27.0,26.5,27.0,27.0,28.75,29.25,28.25,26.5,26.25,26.0,26.5,26.5,27.75,27.75,28.0,26.75,26.5,26.5,26.0,26.75,27.25,26.75,27.25,27.0,27.0,26.5,26.25,26.25,26.75,27.0,26.5,26.75,26.5,26.25,26.25,26.5,27.0,25.75,26.25,26.75,26.25,25.75,25.75,26.25
12.0
28.25,28.5,27.75,26.75,26.75,26.75,27.0,27.25,29.0,29.0,27.0,27.0,27.0,26.75,26.25,26.75,28.75,28.75,27.75,27.25,27.0,27.0,26.75,26.75,27.75,29.0,28.75,27.0,26.5,26.5,26.5,26.75,27.75,28.0,27.5,26.75,26.5,26.75,26.75,27.0,27.25,27.0,27.0,26.75,26.75,26.25,27.0,25.5,26.5,27.25,26.5,26.75,26.5,26.25,26.25,26.5,26.5,26.75,26.25,26.5,26.25,26.0,25.75,26.25
13.0
27.25,28.25,28.75,27.0,27.0,26.75,27.0,27.25,28.25,29.25,29.0,27.25,26.75,26.5,26.75,27.0,27.75,29.0,29.25,28.0,27.0,26.75,26.25,26.75,27.0,28.25,28.25,27.75,26.75,26.25,26.5,26.5,27.25,27.5,28.0,27.0,26.75,26.75,26.5,27.25,27.0,27.0,27.25,26.75,26.75,26.75,26.0,26.0,26.75,26.75,26.5,26.5,26.75,26.25,26.0,26.0,26.75,26.0,26.75,25.75,26.25,26.0,26.0,26.5
14.0
27.0,27.5,28.0,28.0,27.0,26.75,27.0,27.25,27.25,28.75,29.25,28.25,27.0,26.5,26.25,26.75,26.75,28.5,28.5,28.75,27.25,27.0,26.75,26.5,26.5,28.0,28.0,27.75,26.75,26.0,26.5,27.0,27.0,27.25,27.5,26.75,26.75,27.0,26.25,26.5,27.25,26.5,26.5,26.75,26.5,26.25,26.25,26.25,26.5,26.5,26.25,26.25,26.25,26.25,26.25,26.0,26.25,26.25,26.5,26.5,26.25,26.25,26.0,26.25
15.0
27.0,27.5,28.0,28.5,27.75,27.25,27.5,27.25,27.25,27.25,29.0,29.0,27.25,26.5,26.75,26.75,27.0,27.75,28.75,28.75,27.75,27.0,27.25,26.75,26.75,27.5,28.0,27.75,26.75,26.25,26.25,27.0,27.5,27.25,27.75,27.0,26.75,26.75,26.75,26.75,27.5,26.75,26.75,27.0,26.25,26.25,26.0,26.25,26.5,27.0,26.5,26.25,26.5,26.25,26.25,26.25,26.25,26.5,26.5,26.5,26.0,25.75,26.25,26.0
16.0
27.25,27.5,27.5,27.5,28.25,26.75,26.75,26.75,27.25,26.75,28.0,28.75,28.0,26.5,26.75,27.0,27.25,27.0,28.25,28.25,28.0,27.0,26.75,26.5,26.75,27.25,28.0,27.75,26.5,26.5,27.0,26.5,27.25,26.75,27.25,27.0,27.0,26.75,26.25,26.5,27.25,27.0,27.0,27.25,26.75,26.75,26.25,26.0,26.75,26.75,26.5,26.25,26.25,26.75,25.5,26.0,26.5,26.0,26.75,26.5,26.5,26.0,26.0,26.5
17.0
26.5,26.75,27.25,26.75,27.75,27.25,27.0,27.25,27.0,27.0,27.5,28.5,28.75,26.75,26.5,26.75,27.5,27.0,27.75,28.25,27.75,27.25,26.5,26.75,26.75,27.0,27.75,27.25,26.25,26.25,26.75,26.5,27.25,27.0,27.25,27.0,26.75,27.25,26.75,26.5,27.25,27.0,27.0,27.0,26.5,26.75,26.5,25.75,27.25,26.5,26.75,26.5,26.75,26.25,26.0,25.75,26.5,26.25,26.25,26.5,26.25,26.0,26.0,25.75
18.0
26.5,27.0,27.5,27.25,27.5,26.75,27.25,27.25,26.75,26.75,26.75,28.0,28.75,27.5,26.5,27.0,27.5,26.75,27.75,28.0,27.75,27.25,26.75,27.0,26.75,27.0,27.75,27.5,27.0,26.5,26.75,26.25,27.25,27.0,27.0,26.75,27.0,26.5,26.5,26.0,27.0,26.75,27.0,26.75,26.75,26.5,26.25,26.0,27.0,27.0,26.5,26.5,26.5,26.5,26.0,26.25,26.25,26.0,26.25,26.75,26.25,26.75,26.5,26.75
19.0
26.75,27.0,26.75,26.75,27.75,27.25,27.25,27.25,26.75,27.0,26.75,27.75,28.5,27.25,26.5,26.75,27.0,26.5,26.75,28.0,27.5,27.25,26.25,26.5,26.0,27.0,27.75,27.25,26.75,26.25,26.25,26.25,27.25,26.75,26.75,26.25,26.5,26.25,26.25,26.75,26.75,26.75,26.5,27.0,26.25,26.5,26.0,25.75,26.0,26.5,26.25,26.25,26.25,26.25,25.5,26.25,26.25,26.25,26.25,26.0,26.0,25.75,26.0,26.0
20.0
27.0,27.5,27.25,26.75,28.25,27.0,27.5,27.0,26.75,26.75,27.0,27.75,28.75,27.5,27.0,26.75,27.0,27.25,27.25,27.75,28.0,27.0,27.0,26.75,26.5,27.0,27.25,27.25,26.75,26.75,27.0,27.0,27.25,27.25,27.0,26.75,26.75,26.75,26.75,27.0,27.25,26.5,27.0,27.0,26.75,27.25,26.25,26.25,26.75,26.75,26.75,27.0,26.5,26.25,26.0,26.25,26.5,26.25,26.75,26.5,26.5,26.0,25.75,26.5
21.0
27.0,27.0,27.0,27.0,28.5,27.0,27.5,27.0,27.0,27.0,27.0,27.25,28.75,27.75,27.0,27.5,27.0,27.0,27.25,27.25,28.0,27.5,26.75,26.5,26.5,27.0,27.0,27.0,26.75,27.0,26.75,26.5,27.25,27.25,26.75,26.75,26.75,27.0,26.25,26.25,27.25,26.75,27.0,26.75,26.5,26.75,26.5,26.25,26.75,27.0,26.25,26.5,26.75,26.5,26.0,26.5,26.75,26.0,26.25,26.5,26.25,26.0,25.75,26.5
22.0
27.25,27.0,27.25,27.0,28.5,27.25,27.25,26.75,26.75,27.25,27.0,27.25,29.0,27.25,26.5,27.0,27.0,26.75,27.25,27.25,27.75,27.0,26.75,26.75,26.75,26.75,27.25,26.75,26.75,26.75,26.75,26.75,27.75,26.25,27.0,26.75,26.5,26.75,27.0,26.75,27.0,26.5,27.0,26.75,26.5,26.75,26.5,25.75,26.75,26.75,26.5,26.5,26.75,26.75,26.25,25.5,26.25,26.75,26.5,26.5,26.25,25.75,26.0,26.5
23.0
27.0,27.25,27.5,27.0,27.75,27.0,27.0,27.0,27.0,26.5,26.75,27.5,28.75,27.5,26.5,26.75,27.25,27.25,27.25,27.0,28.0,27.25,27.25,26.75,26.75,27.0,26.75,26.5,26.75,26.5,26.75,26.5,27.5,26.75,27.0,26.75,27.25,26.75,26.5,26.75,26.75,26.75,27.25,26.5,26.5,26.5,25.75,26.0,26.5,27.0,26.5,26.75,26.5,26.5,26.25,26.25,26.25,26.75,26.5,26.25,26.0,25.75,26.25,26.0
24.0
27.25,27.5,27.25,27.25,28.25,27.25,27.25,27.5,26.75,27.0,26.75,27.5,28.5,27.5,26.5,26.75,27.25,26.75,27.0,27.5,27.5,27.25,26.75,26.5,26.5,26.75,27.0,26.75,26.75,26.25,27.0,27.0,27.0,27.0,26.5,26.25,26.75,26.5,26.25,27.0,27.5,26.25,26.75,26.75,26.5,26.5,26.25,25.75,26.75,27.0,26.25,26.5,26.5,26.0,26.25,26.0,26.25,26.5,26.5,26.25,26.0,26.25,26.25,26.75
25.0
27.0,26.5,27.0,26.5,28.0,27.0,27.5,27.25,26.75,26.5,26.75,27.5,28.25,28.0,26.5,26.5,26.5,26.5,26.5,27.25,27.25,27.25,26.75,26.75,26.25,26.75,26.75,26.75,26.75,26.5,26.75,26.5,27.0,26.5,26.25,26.25,26.5,26.75,26.5,26.25,26.75,26.5,27.0,26.25,26.5,26.5,25.75,25.75,27.0,26.5,26.25,26.0,26.5,26.25,26.5,26.25,26.5,26.25,26.25,26.25,26.25,26.0,26.0,26.5
26.0
27.0,26.5,27.0,26.5,28.0,27.0,27.5,27.25,26.75,26.5,26.75,27.5,28.25,28.0,26.5,26.5,26.5,26.5,26.5,27.25,27.25,27.25,26.75,26.75,26.25,26.75,26.75,26.75,26.75,26.5,26.75,26.5,27.0,26.5,26.25,26.25,26.5,26.75,26.5,26.25,26.75,26.5,27.0,26.25,26.5,26.5,25.75,25.75,27.0,26.5,26.25,26.0,26.5,26.25,26.5,26.25,26.5,26.25,26.25,26.25,26.25,26.0,26.0,26.5
27.0
27.0,27.75,27.25,26.75,28.0,28.0,27.75,27.0,26.75,27.25,27.0,28.0,28.75,28.0,27.0,27.25,27.0,27.0,27.0,27.5,28.0,27.25,26.75,26.75,26.5,26.75,27.0,27.25,26.75,26.5,26.75,26.5,27.25,27.0,26.5,26.75,27.0,26.75,27.0,26.75,26.75,26.5,27.25,26.75,26.5,26.5,26.75,26.25,26.75,26.75,26.5,26.25,26.75,26.25,26.0,26.0,26.5,26.5,27.0,26.25,27.25,26.25,26.0,26.5
28.0
27.0,27.5,27.75,27.0,28.5,27.5,27.0,27.5,27.25,26.75,27.0,27.5,28.25,28.0,26.5,27.0,27.5,27.0,27.25,28.0,28.25,27.25,27.0,27.0,26.5,26.75,26.75,27.0,27.0,26.5,26.75,26.5,27.5,27.25,26.5,26.25,27.0,26.75,26.75,26.75,26.75,26.5,27.25,26.75,26.5,26.5,26.25,26.25,26.5,27.0,26.75,26.75,26.75,26.25,26.5,26.25,26.75,26.25,26.25,26.5,25.75,26.0,25.75,26.25
29.0
26.5,26.75,27.5,27.0,28.0,27.5,27.0,27.0,27.5,27.25,27.0,27.5,28.5,28.0,26.75,26.75,27.25,26.75,27.25,28.0,27.75,27.25,26.75,26.75,26.75,27.0,27.0,26.75,27.0,26.5,26.5,26.25,27.0,27.0,27.0,26.5,26.75,27.25,26.5,26.75,27.75,26.75,27.25,26.75,26.5,26.75,26.75,26.0,26.75,27.0,26.5,26.75,26.75,26.75,26.0,26.25,26.75,26.25,26.5,26.25,26.25,26.25,26.25,26.75
30.0
27.0,27.5,27.5,27.25,28.5,27.75,27.25,27.25,27.25,26.75,26.75,27.5,28.5,27.5,26.75,26.75,27.0,26.75,27.0,27.75,28.0,27.25,26.75,26.75,27.0,27.0,27.0,26.75,27.25,26.5,26.75,26.75,27.25,27.0,26.75,26.75,26.75,26.75,27.0,26.75,27.0,26.75,27.0,27.0,26.25,27.0,26.0,26.25,26.75,27.0,26.25,26.25,26.75,26.5,25.75,26.25,26.5,26.0,26.25,26.75,26.0,26.25,26.0,26.5
31.0
26.5,27.75,27.0,27.25,28.0,27.5,27.25,26.75,27.0,27.0,27.0,27.5,29.0,27.0,27.0,26.5,27.25,26.5,27.25,27.5,28.0,27.0,26.5,27.25,27.0,26.5,27.5,27.0,26.75,26.5,26.25,26.5,27.25,26.75,27.0,26.75,26.75,26.75,27.0,26.75,27.25,26.25,27.25,27.0,27.0,26.5,26.5,26.0,26.5,26.75,27.0,26.0,26.25,26.25,26.0,26.25,26.25,26.5,26.5,26.5,26.25,25.75,26.0,26.75
32.0
27.0,26.75,27.0,26.5,27.75,27.75,26.75,27.25,26.75,26.5,27.0,27.25,28.25,27.25,26.5,26.75,27.25,26.75,26.75,27.5,28.25,26.75,27.0,26.25,26.25,26.75,27.0,26.75,26.75,26.5,26.5,26.25,27.0,26.5,26.25,26.5,26.5,26.5,26.25,26.5,27.0,26.75,27.0,26.75,26.5,26.25,26.25,25.75,26.25,26.5,26.5,26.0,26.75,26.25,25.75,26.0,26.5,26.5,26.25,26.0,25.75,25.75,25.25,26.25
33.0
27.0,27.25,27.0,27.0,27.75,28.5,27.5,27.25,27.25,26.75,27.0,27.5,28.75,27.25,26.75,27.25,27.5,27.25,26.5,28.0,27.75,27.0,26.75,26.75,26.5,27.0,26.75,27.0,27.0,26.25,26.75,26.5,27.25,27.25,26.75,26.75,26.75,27.0,26.75,26.75,26.5,26.75,27.0,27.0,26.75,26.5,26.25,26.0,26.5,27.0,26.5,26.75,26.5,26.5,26.75,26.25,26.25,26.5,26.5,26.5,26.0,25.75,25.75,26.0
34.0
26.5,27.0,27.75,27.0,27.75,27.75,27.5,27.5,27.25,26.75,26.5,27.5,28.75,27.25,26.5,27.0,27.25,26.75,27.0,27.5,27.75,27.0,26.5,26.75,26.5,26.75,27.0,26.75,26.5,26.75,26.75,27.25,26.75,26.75,26.5,26.75,27.0,26.5,26.75,26.5,27.0,27.0,26.75,27.0,26.5,27.0,26.5,26.0,26.75,26.75,26.25,26.5,26.75,26.5,26.0,26.25,26.75,26.5,26.25,26.75,26.25,26.25,26.0,26.75
35.0
27.0,27.0,27.5,27.25,27.75,28.25,27.25,27.25,27.0,27.25,26.75,27.75,28.5,27.75,27.0,26.75,27.0,27.0,26.75,28.0,28.0,27.25,26.75,26.75,26.75,27.0,27.0,27.0,27.0,26.5,26.75,26.75,27.25,27.0,26.75,26.75,27.0,27.0,26.75,26.5,26.75,26.75,26.5,26.75,26.25,26.5,26.0,26.0,26.75,27.0,26.5,26.25,26.5,26.25,26.0,26.25,26.75,26.75,27.0,26.75,26.25,26.25,26.25,26.25
36.0
26.5,27.0,27.25,27.25,28.25,28.0,27.75,27.25,27.25,27.0,27.5,27.75,28.75,27.75,26.5,27.5,27.25,27.25,27.25,27.75,28.0,27.0,26.5,27.25,26.5,26.75,26.75,27.0,27.0,26.5,27.25,26.75,27.0,27.0,26.75,26.75,26.5,27.0,26.25,26.75,27.0,26.75,27.0,27.25,26.5,26.75,26.25,26.25,26.75,27.25,26.5,26.75,26.5,26.5,26.25,26.5,26.5,26.5,27.0,27.0,26.5,26.25,25.75,27.0
37.0
26.25,27.25,27.0,26.75,27.5,28.0,27.25,27.0,26.5,26.5,26.75,27.25,28.25,27.25,26.5,26.5,26.25,26.75,26.5,27.5,27.75,27.0,26.75,26.75,26.5,27.0,26.75,26.75,26.75,26.25,26.5,26.5,26.75,26.5,26.25,26.5,26.75,26.5,26.5,26.5,26.75,26.5,26.75,26.5,26.25,26.5,26.5,25.75,27.0,26.5,26.0,26.5,26.25,26.25,26.0,26.25,26.25,26.25,26.5,26.25,26.5,26.25,26.0,26.25
38.0
26.75,27.25,27.25,27.0,28.0,27.5,27.75,27.0,27.0,26.75,27.0,27.25,29.25,27.75,27.0,26.75,27.25,27.0,27.5,27.25,27.75,27.25,26.5,27.0,26.5,27.0,27.25,27.0,27.0,26.75,26.75,26.75,27.25,27.0,26.5,26.5,27.0,27.0,26.75,26.5,27.25,27.0,27.0,27.25,26.5,27.0,26.25,26.0,27.25,26.5,26.5,26.0,26.75,26.5,26.5,26.25,26.75,26.75,27.0,26.5,26.5,25.75,26.25,26.75
39.0
27.25,27.25,27.25,27.25,27.5,28.25,27.5,27.0,26.75,27.25,26.75,27.5,28.5,27.75,26.5,27.0,27.25,26.5,27.0,27.25,28.0,27.5,27.0,26.75,26.5,27.0,26.75,27.0,27.0,26.75,26.75,27.0,27.75,26.75,27.0,26.75,27.0,26.5,26.5,26.5,27.0,26.75,26.5,27.0,26.75,26.75,26.5,26.0,27.0,27.0,26.5,26.5,27.0,26.5,26.0,26.5,26.0,26.25,26.5,26.5,26.75,26.25,25.75,26.25
40.0
26.75,27.25,27.5,27.0,27.75,28.25,27.75,27.75,27.5,26.75,27.25,27.5,28.75,27.75,27.0,27.25,27.0,27.0,27.25,27.5,28.0,27.25,27.0,27.0,26.75,26.75,26.75,27.0,26.75,26.5,27.0,26.75,26.75,27.25,27.0,26.5,27.0,26.75,26.5,26.5,27.0,26.75,27.0,27.25,26.5,27.0,26.25,26.25,26.75,27.0,26.75,26.75,27.0,26.75,25.75,26.0,26.5,26.25,26.25,26.75,26.5,26.25,25.75,26.25
41.0
27.5,27.25,27.5,26.5,27.75,28.25,27.75,27.0,27.0,26.5,27.0,27.25,29.0,27.5,26.75,27.0,27.25,26.75,27.0,27.5,27.75,27.25,27.0,26.75,26.5,26.5,27.0,27.25,27.0,26.75,26.75,26.75,27.25,26.75,26.5,26.75,27.0,26.75,26.75,27.0,27.0,27.0,27.0,26.75,26.5,26.75,26.75,26.5,26.5,26.75,26.75,26.25,26.75,26.25,26.25,26.5,26.5,26.75,26.25,27.0,26.0,26.25,26.0,25.75
42.0
26.75,27.25,27.75,27.25,28.0,28.25,27.75,27.25,27.25,27.0,27.0,27.5,28.75,28.0,26.75,27.5,27.0,26.75,26.75,27.75,28.25,27.0,27.0,26.75,27.0,27.0,27.0,27.0,27.0,26.75,26.75,26.5,27.0,26.75,27.25,26.75,26.5,26.75,26.5,26.75,26.75,26.75,27.0,27.0,27.0,26.75,26.25,26.5,27.0,27.0,26.5,26.5,26.75,26.5,26.25,26.25,26.5,26.75,26.5,26.5,26.5,26.25,26.0,26.25
43.0
26.5,27.25,27.25,27.0,28.25,28.25,27.5,27.5,27.0,27.5,26.75,27.5,28.5,27.75,26.75,26.75,26.5,26.75,27.25,27.75,27.75,27.25,26.75,26.75,26.5,26.75,27.0,27.0,27.25,26.5,27.0,26.75,27.0,27.0,26.75,26.75,26.75,26.5,26.75,26.75,26.75,26.5,26.75,26.75,26.75,26.25,26.0,26.0,26.75,27.0,26.25,26.75,26.75,26.5,26.0,26.5,26.0,26.5,26.25,26.75,26.0,26.0,26.0,26.5
44.0
26.5,27.5,27.25,27.0,27.75,28.25,27.25,27.0,27.25,26.5,26.5,27.0,28.5,27.5,26.5,26.75,27.0,26.25,27.25,27.5,28.0,27.25,26.75,26.5,26.75,26.75,26.5,26.75,27.0,26.5,26.5,26.5,27.25,26.5,27.0,26.5,26.75,27.0,26.75,27.0,27.25,26.5,26.75,27.25,26.5,26.25,26.5,26.0,26.75,26.75,26.5,26.5,26.5,26.25,25.75,26.25,26.75,26.25,26.0,26.5,26.25,25.5,26.0,26.25
45.0
27.25,27.25,27.25,27.0,27.75,28.25,27.5,26.75,26.5,27.25,27.0,27.0,28.5,27.5,26.5,27.0,27.0,26.75,27.0,27.5,28.25,27.25,26.5,27.25,27.0,26.75,27.0,27.0,26.75,26.5,27.0,26.5,27.5,27.0,26.5,26.75,26.75,26.75,26.75,27.0,27.75,26.75,27.0,27.0,27.0,26.75,26.5,26.25,26.75,26.75,26.5,26.75,27.0,26.5,25.75,26.75,26.5,26.5,26.5,26.5,26.5,25.75,26.25,26.5
46.0
27.0,27.5,27.5,27.0,28.0,28.0,27.25,27.25,27.0,26.75,27.0,27.5,29.25,27.75,26.75,27.25,27.25,27.0,26.75,28.0,28.25,27.0,27.25,26.75,26.75,27.0,27.0,27.25,27.25,26.5,27.0,26.75,27.25,27.0,27.0,26.25,27.0,26.5,27.0,26.5,27.25,26.75,27.0,27.0,27.0,27.0,26.5,26.25,27.0,27.0,26.5,26.75,26.5,26.25,26.0,26.5,26.75,26.0,27.0,27.25,26.25,26.25,25.75,26.75
47.0
26.75,27.25,27.5,27.0,28.25,28.5,27.75,27.25,26.75,26.75,27.0,27.5,28.75,27.75,26.75,27.0,27.25,26.75,26.75,27.75,28.25,27.25,27.25,26.75,27.0,27.0,27.0,27.0,27.25,26.5,26.75,27.25,27.25,26.75,26.75,26.5,26.5,26.75,26.5,26.75,26.5,27.0,27.0,27.0,26.5,26.75,26.0,26.25,26.75,26.75,26.0,26.25,27.0,26.5,26.5,26.25,26.5,26.25,26.75,26.0,26.25,26.0,25.75,26.5
48.0
27.0,27.25,27.25,26.5,27.75,28.5,27.75,27.5,26.75,27.0,27.0,27.5,29.0,27.5,26.75,27.25,27.25,27.25,27.25,27.75,28.25,27.25,27.25,26.75,26.5,27.0,27.0,27.5,26.75,26.5,26.75,27.0,27.0,26.75,26.5,26.75,27.0,27.0,27.0,27.0,26.75,26.5,26.75,27.25,26.75,27.0,26.0,26.5,26.5,27.0,26.25,26.75,26.5,26.75,26.0,26.75,26.5,26.25,26.75,26.25,26.25,26.5,26.0,26.75
49.0
26.5,27.25,27.75,26.5,27.5,28.25,27.0,27.0,27.25,27.0,26.5,27.5,28.75,27.5,27.0,26.75,27.25,26.75,27.0,27.5,28.0,27.0,27.0,26.5,26.25,27.0,26.75,27.25,26.75,26.0,26.75,26.5,26.75,26.5,26.25,26.5,26.5,26.75,26.75,26.75,27.25,27.0,27.0,27.0,26.5,26.5,26.5,26.25,26.25,27.25,26.5,26.25,26.5,26.25,26.25,26.0,26.25,26.5,26.5,27.0,26.0,26.0,25.75,26.0
50.0
27.0,27.0,27.0,27.25,28.0,28.25,27.5,27.25,27.0,26.75,27.25,27.5,29.0,28.0,27.0,26.75,27.25,26.75,27.0,27.75,27.75,27.25,27.0,27.0,26.25,26.75,27.25,27.0,27.0,26.5,26.5,26.75,27.5,26.75,26.75,26.5,27.0,26.75,26.75,26.75,27.0,26.75,26.75,27.0,26.5,26.75,26.25,26.5,26.5,26.75,26.5,26.5,26.5,26.5,26.5,26.25,26.25,26.75,26.75,26.5,26.5,26.0,26.0,26.75
51.0
26.0,27.0,27.25,27.0,28.0,28.0,27.25,27.25,27.0,26.75,26.75,27.5,28.75,27.75,26.75,26.75,27.25,26.5,27.25,27.75,28.25,27.0,27.0,26.75,26.25,27.25,26.75,27.0,26.25,26.5,26.75,27.0,26.75,26.75,26.75,26.75,26.5,26.75,26.25,26.75,27.0,26.75,27.25,27.0,26.5,26.75,26.25,26.0,27.0,26.25,26.0,26.5,26.5,26.5,26.25,25.75,26.5,26.5,26.25,26.25,26.25,26.0,26.0,26.0
52.0
27.5,27.25,27.75,27.0,27.5,28.0,27.25,27.25,26.75,26.75,26.75,27.25,28.75,27.75,26.75,26.5,27.25,27.25,27.5,27.5,28.0,27.25,26.75,27.0,26.75,27.25,26.75,27.25,27.0,26.5,26.5,26.75,27.0,26.5,26.5,26.25,27.0,26.75,26.5,27.0,26.75,26.75,27.0,26.5,27.0,26.75,26.75,26.25,26.75,27.0,26.5,26.5,26.75,26.75,26.0,26.25,26.25,27.0,26.75,26.0,26.5,25.75,25.75,26.25
53.0
26.75,27.25,27.25,26.75,28.0,28.25,27.75,26.75,26.5,27.5,27.25,27.25,29.0,27.5,27.0,26.75,27.0,27.0,27.25,27.75,28.0,27.0,27.0,27.0,27.0,27.0,27.25,27.25,27.0,26.75,27.0,27.0,27.25,26.75,26.75,26.5,27.0,27.25,27.0,26.75,27.25,26.75,27.0,27.0,26.0,26.5,26.5,26.0,26.75,26.75,26.75,26.5,26.5,27.0,26.0,26.25,26.5,26.75,26.25,27.0,26.5,26.5,26.25,26.5
54.0
27.25,27.5,27.25,27.0,28.0,28.75,27.75,27.75,27.5,27.0,27.0,27.5,29.0,27.75,26.5,27.0,27.25,27.0,27.0,27.75,28.5,27.25,27.25,27.5,26.75,26.5,26.75,27.25,27.0,27.0,26.5,26.75,27.25,26.75,27.0,26.5,26.75,26.75,26.5,27.0,27.25,26.75,27.25,27.0,26.75,27.0,26.0,26.0,27.0,26.75,26.5,26.5,26.75,26.5,26.0,26.75,27.0,26.5,25.5,26.75,26.25,26.25,26.5,26.5
55.0
26.75,27.25,27.75,27.0,28.25,28.25,27.5,27.75,27.0,27.25,26.75,27.5,28.75,27.75,26.5,27.25,27.0,27.0,27.25,28.0,28.0,27.25,27.0,26.25,26.75,27.0,26.75,27.0,26.75,26.5,26.75,26.5,27.0,27.0,26.75,27.0,27.0,27.0,26.5,26.75,26.5,26.75,26.75,26.75,27.0,26.5,26.25,26.0,26.75,26.75,26.5,26.75,26.5,26.5,26.25,26.5,26.25,26.5,26.75,26.5,26.25,26.25,26.0,26.5
56.0
26.5,27.25,26.75,27.0,28.0,28.0,27.75,27.5,26.75,26.75,26.5,27.25,28.5,27.5,27.0,26.75,26.5,26.75,26.75,27.5,27.75,27.25,26.75,26.75,26.5,26.75,26.75,27.0,27.0,26.5,26.5,26.5,27.25,26.5,26.5,26.0,26.5,26.75,26.25,26.25,26.75,27.0,26.75,27.0,26.5,26.25,26.25,26.25,26.75,26.75,26.0,26.25,26.0,26.0,26.0,26.0,25.75,26.25,26.5,25.75,26.25,26.0,25.75,26.25
57.0
26.5,27.5,27.5,26.75,28.25,28.5,27.75,27.5,26.75,27.25,27.25,27.5,28.75,27.25,26.75,27.25,27.5,27.0,27.0,28.0,28.0,27.0,27.0,27.0,26.5,27.0,27.0,27.0,27.25,26.75,27.0,26.75,27.5,27.0,26.75,26.5,27.0,27.25,27.0,27.0,27.0,26.75,27.0,27.5,26.75,26.5,26.25,26.5,27.0,26.75,27.0,26.25,26.5,26.75,26.25,26.75,26.75,26.5,26.5,27.0,26.25,26.25,26.0,26.25
58.0
27.5,27.75,27.5,27.0,28.25,28.5,27.25,27.75,27.5,27.25,27.0,27.25,29.0,27.5,27.0,27.0,27.0,27.25,27.25,28.0,28.25,27.0,27.25,27.0,26.5,27.0,27.25,27.25,27.25,26.5,26.5,27.0,27.25,26.75,27.0,26.75,27.0,27.0,26.75,26.5,27.5,26.75,27.0,26.75,26.5,26.75,26.5,26.0,26.75,27.0,27.0,26.5,26.5,26.25,26.5,26.25,26.75,26.75,26.25,26.25,26.5,25.75,26.5,27.0
59.0
27.0,27.5,28.0,27.0,28.0,28.25,28.0,27.25,27.0,27.0,27.25,27.5,29.0,28.0,26.75,27.5,27.0,27.0,27.25,27.75,27.75,27.0,27.0,26.5,26.5,27.0,27.0,27.0,26.75,26.75,26.25,27.0,27.5,26.5,26.75,26.5,26.75,26.5,26.75,26.75,27.25,27.25,27.0,27.25,26.75,26.75,26.25,26.25,26.75,26.75,26.75,26.75,27.0,26.5,26.0,26.5,26.5,26.5,26.5,26.25,26.5,26.0,26.25,26.25
60.0
27.25,27.0,27.25,26.75,28.0,28.5,27.25,27.25,27.0,27.0,27.0,27.25,29.0,28.0,27.0,26.75,27.0,27.25,27.25,28.0,28.25,27.25,26.5,26.75,26.5,27.25,27.25,27.0,27.0,26.75,26.5,27.0,27.25,26.75,27.0,27.0,26.75,27.0,26.75,26.75,27.5,27.0,26.5,26.75,26.5,27.0,26.5,26.0,26.75,27.0,26.5,26.25,26.5,26.5,26.25,26.25,26.5,26.25,26.25,26.5,26.5,26.0,25.75,26.75
