1.0
26.75,27.25,26.75,26.5,26.5,26.5,27.25,27.0,26.75,26.75,26.5,26.75,26.5,26.75,26.5,26.5,27.0,26.75,26.75,26.75,26.75,27.0,26.5,26.5,27.5,28.0,27.5,26.75,26.25,26.5,26.5,26.5,28.0,29.0,28.5,27.25,26.75,26.75,26.0,27.0,27.25,28.25,28.0,27.25,26.75,26.75,26.25,26.0,27.25,27.25,26.5,26.25,26.75,26.25,26.0,26.0,26.25,26.75,27.0,26.75,26.25,26.0,26.0,26.75
2.0
26.5,26.75,27.0,26.75,27.0,26.5,26.75,26.5,27.0,27.0,26.75,26.75,26.75,26.75,26.5,26.5,27.5,26.5,26.5,26.0,26.75,26.5,26.25,26.5,28.0,28.75,27.75,26.75,26.25,26.5,26.25,26.75,27.75,29.5,28.25,27.0,26.75,26.5,26.0,26.75,27.5,28.0,27.75,27.0,26.5,26.5,26.0,26.25,27.0,27.25,26.5,27.0,26.75,26.5,26.0,26.25,26.5,26.75,26.5,26.5,26.25,26.0,26.0,27.0
3.0
26.5,27.0,26.75,26.75,27.5,26.25,27.0,26.75,27.25,26.5,26.75,26.25,26.5,26.75,26.25,26.5,27.0,26.5,26.75,26.75,27.0,27.25,26.5,26.5,27.5,28.0,27.75,26.5,26.75,26.5,26.5,26.25,28.25,29.0,28.75,26.75,26.5,26.75,26.5,26.25,27.75,28.0,28.0,27.25,26.5,26.75,26.25,25.5,27.0,27.0,26.75,26.75,26.5,26.25,26.0,26.5,26.5,26.75,26.75,26.25,26.25,26.25,26.0,26.25
4.0
26.5,27.0,26.25,27.0,27.0,26.5,27.25,27.25,27.0,27.0,26.75,26.5,27.0,26.75,26.5,26.0,26.75,26.75,26.75,26.25,26.75,26.0,26.25,26.5,27.5,28.5,27.75,26.75,26.5,26.25,26.5,26.75,27.75,29.25,28.5,27.0,26.5,26.5,26.5,26.5,27.75,28.0,28.0,27.25,26.5,26.25,26.0,26.0,26.75,27.5,26.75,26.25,26.5,26.5,26.0,26.75,26.75,26.75,27.0,26.5,26.75,26.0,25.75,26.5
5.0
26.0,26.5,26.5,26.75,26.5,26.0,26.5,26.75,26.75,27.0,26.5,26.75,26.25,26.25,25.75,26.25,27.0,26.75,26.75,26.25,26.5,26.25,26.75,26.25,27.25,28.0,27.75,26.25,26.0,26.0,26.25,27.0,27.5,28.5,28.75,26.75,26.5,26.75,26.25,26.5,27.5,28.0,28.25,27.0,26.25,26.5,26.25,25.75,26.75,27.0,26.75,26.5,26.5,26.25,25.75,25.75,26.25,25.75,26.25,26.5,26.25,25.75,26.0,26.5
6.0
26.25,27.0,26.5,26.75,26.5,26.5,26.75,27.25,27.25,26.75,26.5,27.0,26.75,26.5,26.5,26.75,27.25,27.0,26.75,26.25,27.0,26.75,27.0,26.5,27.5,28.5,28.0,26.5,26.75,26.5,26.5,26.25,28.25,29.5,28.75,26.5,26.75,26.75,26.75,27.0,27.75,28.0,28.25,27.25,26.75,26.5,26.25,26.25,26.75,27.5,26.75,26.75,26.5,26.75,26.0,26.5,26.75,26.5,26.5,26.75,26.25,26.0,26.0,26.5
7.0
26.25,27.0,26.5,26.75,26.5,26.5,26.75,27.25,27.25,26.75,26.5,27.0,26.75,26.5,26.5,26.75,27.25,27.0,26.75,26.25,27.0,26.75,27.0,26.5,27.5,28.5,28.0,26.5,26.75,26.5,26.5,26.25,28.25,29.5,28.75,26.5,26.75,26.75,26.75,27.0,27.75,28.0,28.25,27.25,26.75,26.5,26.25,26.25,26.75,27.5,26.75,26.75,26.5,26.75,26.0,26.5,26.75,26.5,26.5,26.75,26.25,26.0,26.0,26.5
8.0
27.25,26.75,26.75,26.5,26.75,26.5,27.0,26.75,26.5,27.0,26.75,27.0,26.75,26.25,26.5,26.75,27.25,27.0,26.75,26.25,26.5,26.5,26.25,26.5,28.0,28.0,27.5,26.75,26.5,26.75,26.5,26.75,28.5,28.75,28.75,27.0,26.75,26.5,26.25,26.5,28.0,28.0,28.0,27.25,26.75,26.75,26.5,26.0,27.0,27.0,26.75,26.5,26.75,26.5,26.0,26.25,26.5,27.0,26.5,26.25,26.0,26.0,25.5,26.25
9.0
26.5,27.25,26.75,26.75,27.0,26.5,27.5,27.25,27.0,26.75,27.25,26.75,26.75,26.25,26.5,26.75,27.0,26.5,27.0,26.5,26.5,26.5,26.75,26.5,28.25,28.5,27.75,26.75,26.5,26.75,26.5,27.0,27.75,29.25,29.0,27.0,27.0,26.75,26.75,26.75,27.5,28.0,28.0,27.0,26.5,26.25,26.25,25.75,26.75,27.0,26.75,27.0,27.0,26.75,26.5,25.75,27.0,26.5,26.5,26.5,26.5,26.0,26.0,26.75
10.0
26.5,27.0,27.0,27.0,27.0,26.75,27.0,27.25,26.75,27.0,26.5,26.75,26.75,26.25,26.25,26.25,27.25,26.5,26.75,26.5,26.75,26.75,26.5,26.5,27.75,28.75,28.0,27.0,26.5,26.5,26.75,26.75,28.25,29.0,29.0,27.0,27.25,27.0,26.5,27.0,27.75,28.25,28.25,27.0,26.25,26.75,26.25,26.0,27.0,27.25,26.75,26.75,26.5,26.5,26.25,26.25,27.0,26.75,26.0,27.0,26.25,26.25,25.75,26.75
11.0
27.0,27.5,27.0,26.75,27.0,26.75,26.75,26.75,27.25,27.25,26.25,27.0,26.75,26.25,26.25,26.25,28.5,28.25,27.25,26.25,27.0,26.5,26.5,26.5,28.25,29.75,28.5,26.75,26.5,26.5,26.5,26.5,28.25,29.0,28.5,26.75,26.25,26.75,26.75,26.75,27.75,27.75,27.25,27.0,26.5,26.5,26.25,26.0,26.75,27.0,27.0,26.5,27.0,26.5,26.5,26.0,26.5,26.75,26.5,27.0,26.5,26.25,26.0,26.5
12.0
26.5,27.0,26.5,26.5,26.25,26.0,26.75,27.0,27.25,27.25,26.75,26.75,26.5,26.25,26.0,26.25,28.0,29.25,27.0,26.5,26.75,26.5,26.75,25.5,28.75,29.5,28.25,26.25,26.25,26.0,26.25,26.25,28.0,28.75,28.25,26.75,26.5,26.5,26.5,26.5,27.0,28.0,27.0,26.75,26.5,26.75,26.0,26.0,26.75,27.0,26.75,26.5,27.0,26.75,26.25,25.5,26.75,26.25,26.25,26.75,26.25,26.0,25.75,26.5
13.0
27.25,27.5,27.0,26.75,26.75,26.75,26.75,26.75,28.0,28.0,27.0,26.75,27.0,26.25,26.25,26.75,28.25,29.0,27.25,26.75,26.75,26.75,26.5,26.0,28.75,29.5,28.5,26.75,26.75,26.5,26.75,26.75,28.0,28.75,28.25,26.75,27.0,26.5,26.25,26.5,27.5,28.0,27.75,27.25,26.25,26.75,26.0,25.5,26.75,27.25,27.0,26.25,26.5,26.5,25.75,26.75,26.5,26.25,26.75,26.5,26.5,26.25,26.0,26.25
14.0
27.25,27.5,27.0,27.0,26.5,26.75,27.25,27.25,28.75,28.0,26.75,27.0,26.75,26.0,26.75,26.5,28.5,29.0,27.5,26.5,26.5,26.5,26.5,26.75,29.0,29.5,28.75,26.75,26.5,26.25,26.75,26.5,28.0,29.0,28.5,26.75,26.5,26.5,26.5,26.5,27.75,27.5,28.0,27.25,26.5,26.25,26.5,26.5,26.75,27.0,26.75,26.75,26.5,26.5,26.25,26.0,26.25,26.5,26.25,27.0,25.75,26.25,26.25,26.75
15.0
27.0,27.75,27.0,26.5,27.25,26.5,27.0,27.25,28.25,28.25,26.75,26.75,27.0,26.5,26.25,26.25,29.0,28.5,27.25,26.25,26.75,26.75,26.5,26.75,28.5,29.75,29.0,26.75,26.75,26.25,26.25,26.5,28.0,29.0,28.25,27.0,26.75,26.75,26.5,26.75,27.5,28.0,27.5,27.5,26.25,26.5,26.0,26.25,27.25,27.5,26.75,26.5,26.75,26.75,26.25,26.0,26.0,26.75,26.25,27.0,26.25,26.25,26.25,27.0
16.0
27.5,27.25,26.75,27.0,26.75,26.25,27.0,27.25,28.25,28.25,26.75,26.75,27.0,26.25,26.5,26.25,29.5,28.5,27.0,26.5,26.75,27.0,26.5,26.0,29.25,29.5,28.5,26.75,26.5,26.25,26.5,27.0,27.75,28.75,28.0,26.75,26.75,27.0,26.5,26.5,27.5,27.5,27.5,27.5,26.75,26.5,26.25,25.75,27.25,27.25,26.5,26.25,26.5,26.75,26.0,26.25,26.75,27.0,26.5,26.25,26.0,25.75,26.0,26.75
17.0
27.25,27.0,26.5,26.25,26.25,26.25,26.5,27.0,28.75,28.0,26.75,26.75,26.75,26.25,26.25,26.0,29.25,28.0,27.25,26.25,26.0,26.25,26.5,26.25,29.0,29.5,28.25,26.5,26.0,25.75,26.25,26.25,27.75,28.5,27.75,26.75,26.25,26.5,26.5,26.5,27.5,27.75,27.5,27.0,26.25,26.25,26.0,26.25,26.75,26.75,26.5,26.0,26.75,26.5,26.0,25.5,26.5,26.25,26.25,26.25,26.0,26.25,26.0,26.5
18.0
27.75,27.5,26.5,26.5,27.25,26.5,27.0,27.25,28.75,28.5,26.75,27.0,27.25,26.75,26.75,26.5,29.75,28.0,27.0,26.25,26.75,26.5,26.75,26.0,29.25,29.25,28.5,26.75,26.25,26.75,26.75,26.5,28.25,28.75,28.25,27.0,26.5,26.75,26.5,26.5,27.5,27.75,27.75,26.75,26.5,26.5,26.0,25.75,27.0,27.5,26.5,26.25,27.0,26.25,25.75,26.25,26.5,26.0,26.5,26.75,26.0,25.75,26.0,26.25
19.0
27.25,27.25,27.0,27.0,27.0,26.25,27.0,27.0,28.5,28.5,26.5,26.5,26.75,26.25,26.5,26.5,29.75,28.25,27.0,26.5,26.75,26.5,26.25,26.5,28.5,29.5,28.0,26.5,26.5,26.25,26.5,26.25,28.0,28.25,28.25,26.75,26.5,26.75,26.25,26.0,27.75,27.5,27.75,26.75,26.5,26.75,26.0,26.25,26.75,27.5,26.5,26.75,26.5,26.5,26.0,26.0,26.75,27.0,26.75,26.75,26.5,26.0,25.75,26.5
20.0
27.5,28.0,27.25,27.0,26.5,26.5,27.25,27.25,28.75,28.75,26.75,27.0,26.75,26.25,26.25,26.25,29.5,28.75,27.0,26.5,26.25,26.75,26.75,26.25,28.25,29.25,28.25,27.0,26.0,26.5,26.5,26.75,28.0,28.75,28.0,26.5,26.5,26.75,26.75,26.5,27.25,27.75,28.0,27.0,26.25,26.5,26.25,26.0,27.0,27.25,26.5,26.5,26.75,26.25,26.0,26.5,26.5,26.5,26.25,26.25,26.5,26.25,25.75,26.75
21.0
27.0,27.75,27.75,27.0,26.75,26.75,26.75,26.25,27.25,28.0,29.25,27.0,26.5,26.5,26.5,26.25,28.0,29.75,29.0,27.0,26.75,26.5,26.75,26.25,27.25,29.0,29.5,27.5,26.75,26.5,26.5,26.75,27.5,28.0,28.25,27.25,26.75,26.75,26.5,26.5,27.5,27.25,27.5,27.0,26.5,27.25,26.5,25.75,27.0,27.0,26.75,26.75,26.75,26.0,26.5,26.25,26.5,26.25,26.5,26.5,26.0,26.0,26.25,27.0
22.0
27.0,27.5,28.0,27.75,27.0,26.25,27.0,27.0,26.75,27.75,29.0,28.25,27.25,26.75,26.0,26.5,27.5,29.5,30.25,27.25,26.75,26.25,26.5,26.25,26.75,28.25,29.75,28.25,26.5,26.25,26.25,26.25,27.0,27.25,28.5,27.25,26.5,26.5,26.5,26.75,27.0,27.5,27.75,27.0,26.25,26.75,26.0,26.0,26.75,27.5,26.5,26.5,26.25,26.5,26.0,26.25,26.25,26.75,26.5,26.75,26.25,26.0,26.25,26.5
23.0
26.25,27.75,27.5,28.0,27.5,26.5,27.0,27.0,27.25,27.5,28.0,29.0,27.25,26.25,26.75,26.25,27.25,28.5,30.0,28.5,26.75,26.75,26.75,26.25,26.5,27.5,29.0,29.0,27.0,26.0,26.25,26.5,27.5,27.5,28.25,27.5,27.25,26.75,26.75,26.25,27.5,27.5,27.0,27.25,26.25,26.75,25.75,26.0,27.0,27.5,26.25,26.25,26.75,26.25,26.25,26.0,26.75,26.75,26.0,26.25,26.5,25.75,26.0,26.0
24.0
26.25,27.25,27.0,27.0,27.75,26.25,26.75,27.0,26.5,26.75,27.75,28.25,28.5,26.25,26.25,26.75,26.5,27.0,29.0,29.25,27.25,26.5,26.25,26.25,26.75,27.25,28.5,29.25,27.75,26.25,26.25,26.5,27.0,27.0,27.75,27.5,26.75,26.75,26.25,26.5,27.25,27.25,27.5,27.0,26.5,26.75,26.0,25.75,27.25,26.5,26.25,26.25,26.5,26.25,25.5,25.75,26.5,26.5,26.25,26.75,26.25,26.0,25.75,26.75
25.0
26.75,26.75,27.25,26.75,27.75,27.0,27.0,26.75,26.75,27.0,27.25,27.5,28.75,27.25,26.5,26.5,27.0,26.75,29.25,29.5,28.5,27.25,26.75,26.25,26.75,27.0,28.25,29.0,28.75,26.5,26.25,26.5,27.25,27.5,28.25,27.75,27.25,27.0,26.25,26.75,27.25,27.5,27.75,26.75,26.5,26.5,26.5,26.0,26.75,26.75,26.5,26.75,27.0,26.5,26.25,26.25,26.25,26.5,26.75,26.5,26.25,26.0,26.0,26.5
26.0
27.5,26.75,26.75,26.75,27.5,27.25,27.25,27.0,26.5,26.75,27.25,27.75,28.75,28.0,26.75,26.25,27.0,27.0,28.25,29.25,29.25,27.25,27.0,26.5,26.25,27.0,27.75,28.75,29.0,26.75,26.25,26.25,27.25,27.25,28.0,27.75,27.25,27.0,26.5,27.0,27.25,27.0,27.5,27.25,26.75,26.75,26.0,26.25,27.0,27.5,26.75,26.25,26.5,26.0,26.25,26.0,27.0,26.0,26.75,26.0,26.25,26.0,25.75,26.75
27.0
26.0,27.25,27.0,27.0,26.5,26.75,27.0,27.5,27.0,26.75,27.0,27.5,28.0,28.0,27.0,26.5,27.0,26.75,27.5,29.0,29.5,28.0,26.75,26.75,26.5,26.75,27.25,28.5,29.0,26.75,26.75,26.5,27.0,27.25,28.25,28.0,27.25,26.5,26.25,26.5,27.75,27.0,27.5,27.25,26.5,26.5,26.0,26.25,26.5,27.25,26.25,26.25,26.5,26.25,25.5,26.25,26.75,26.25,26.25,26.25,26.25,26.25,25.75,25.75
28.0
26.5,27.25,26.5,26.25,27.25,26.75,27.0,27.0,26.75,26.5,27.0,27.0,27.25,27.5,26.75,26.5,27.25,26.5,26.75,28.25,29.25,28.25,26.75,26.5,26.75,27.0,27.25,28.25,28.75,27.5,26.75,27.0,27.25,27.25,27.5,27.75,27.25,27.0,26.5,26.75,27.25,27.5,27.25,27.25,26.75,26.5,26.0,26.25,26.75,27.25,26.25,25.75,26.5,26.25,26.0,26.75,26.5,26.25,26.75,27.0,26.25,26.25,26.0,26.75
29.0
26.5,26.75,26.5,26.5,26.5,26.5,27.0,26.5,26.5,26.25,26.25,26.5,26.75,26.5,26.5,26.25,26.5,26.25,26.25,27.75,28.5,28.5,26.5,26.5,26.25,26.5,27.0,28.0,28.5,28.0,26.5,26.5,27.0,26.75,27.0,27.25,26.75,26.75,26.25,26.25,27.0,27.25,27.5,26.75,26.75,26.25,25.75,25.75,26.5,27.0,26.25,26.5,26.25,26.25,25.75,26.25,26.25,26.75,26.25,26.5,26.0,25.75,25.25,26.5
30.0
26.25,26.5,26.5,26.75,26.75,26.0,27.25,26.5,26.25,26.75,26.75,26.75,26.25,26.25,26.5,26.75,27.0,26.75,26.75,27.0,28.25,28.0,27.75,26.75,26.5,26.75,26.75,27.75,28.5,28.25,26.75,26.5,27.25,27.0,27.0,26.75,27.25,27.0,26.5,26.75,27.25,27.0,27.5,26.75,26.5,26.25,25.75,25.75,27.0,26.5,26.75,26.25,26.0,26.5,26.0,26.0,26.25,25.75,26.25,26.0,26.0,26.0,25.75,26.25
31.0
26.25,26.75,26.75,26.5,27.0,26.25,27.25,26.75,26.25,26.25,26.25,26.5,26.5,26.25,26.5,26.5,26.75,26.0,26.5,26.0,27.25,27.25,27.25,26.5,26.25,26.5,26.5,27.0,27.75,28.5,28.25,27.0,26.5,26.75,26.75,26.5,27.0,27.5,26.75,26.5,26.75,27.25,27.25,26.75,26.25,26.25,26.0,26.5,26.5,26.75,26.0,26.0,26.75,25.75,26.25,26.0,26.0,26.25,26.25,26.25,25.75,25.75,25.75,26.25
32.0
26.0,26.75,26.75,26.5,26.5,26.5,27.0,27.0,26.25,26.25,26.5,26.75,26.75,26.75,26.25,26.0,27.0,26.75,26.5,27.0,27.25,27.25,27.5,26.0,26.0,26.75,27.0,27.5,28.25,28.25,28.0,27.0,27.0,27.0,26.75,26.75,27.25,27.5,27.0,26.5,27.5,27.25,27.5,26.75,26.5,27.0,26.25,26.25,26.75,27.0,26.5,26.0,26.5,26.25,25.5,26.75,26.75,26.5,26.5,26.75,26.25,26.25,26.0,26.5
33.0
26.5,27.0,26.5,27.0,26.75,26.5,27.75,27.5,26.75,26.75,26.5,27.0,27.0,26.75,26.5,26.75,26.25,26.5,26.75,26.5,27.25,27.0,27.5,27.0,26.25,26.75,26.75,27.25,28.0,28.25,27.75,27.25,27.25,26.75,27.0,26.25,27.25,27.75,27.0,26.5,27.5,27.25,27.25,26.75,26.25,26.75,26.0,26.25,27.0,26.75,26.25,26.25,26.75,26.0,26.25,26.25,26.75,26.5,26.25,26.75,26.75,26.25,25.75,26.5
34.0
27.0,26.75,27.0,26.25,27.0,26.5,26.75,27.0,26.5,26.5,26.25,27.0,26.5,26.25,26.75,26.25,27.0,26.75,26.75,26.5,26.5,27.25,27.25,27.0,26.0,26.5,27.0,27.5,28.25,28.25,28.25,27.25,26.75,27.0,27.0,26.25,27.0,27.5,26.75,26.5,27.5,27.0,27.5,27.25,26.5,26.5,26.25,26.25,26.75,27.0,26.75,26.5,26.75,26.75,26.0,26.25,26.25,26.75,26.25,26.75,26.25,26.25,25.75,26.75
35.0
26.25,26.5,26.5,26.5,26.5,26.75,27.0,26.5,26.75,26.25,26.5,26.75,26.75,26.75,26.5,26.75,26.75,26.5,26.25,26.5,26.5,27.5,27.5,26.75,26.25,26.5,26.5,27.25,27.5,28.0,28.0,26.75,27.0,27.0,26.75,26.75,27.25,27.5,27.0,27.0,27.25,27.25,27.5,26.75,26.5,26.75,26.25,26.0,27.0,26.75,26.75,26.5,26.25,26.25,25.75,26.5,26.5,26.25,26.75,26.25,26.5,25.75,25.5,26.25
36.0
26.25,26.5,26.25,26.5,26.0,26.0,27.0,26.75,26.5,26.5,26.5,26.0,26.5,26.5,26.25,26.5,27.0,26.75,26.75,26.5,26.75,27.25,27.0,26.5,26.25,26.75,27.0,27.25,28.0,28.5,28.25,27.0,26.5,26.75,26.75,26.5,27.0,27.75,26.75,26.25,27.0,26.75,27.5,26.75,26.25,26.5,26.0,25.75,26.75,27.0,26.0,26.5,26.5,25.75,26.25,26.25,26.25,26.0,26.5,26.25,26.25,25.75,26.0,26.0
37.0
26.5,26.5,26.75,27.0,27.25,26.25,26.75,27.25,26.75,26.75,26.75,26.5,26.5,26.5,26.25,26.5,26.5,26.75,26.75,26.5,27.0,27.0,27.5,26.75,26.5,26.75,27.25,27.75,27.75,28.0,28.5,27.0,27.25,27.0,27.25,26.75,27.25,27.5,26.75,26.75,27.25,27.5,27.75,26.75,26.5,26.75,26.5,26.0,27.25,27.25,26.25,26.25,27.0,26.5,26.25,26.25,26.25,26.5,26.5,26.75,26.0,25.75,26.0,27.0
38.0
26.75,27.0,26.5,26.5,26.5,26.25,26.75,27.25,27.0,26.5,26.5,26.5,26.75,26.25,26.75,26.25,27.0,26.5,27.0,26.75,27.0,26.75,27.0,27.25,26.75,26.25,27.0,27.5,28.5,28.0,28.5,27.0,27.0,27.0,27.0,26.5,27.0,27.5,26.75,26.75,27.0,27.5,27.25,26.75,26.25,26.5,26.25,25.75,26.75,27.25,26.5,26.5,26.5,26.25,26.0,26.25,26.5,26.25,26.25,26.5,26.25,26.25,26.0,26.25
39.0
26.75,26.75,26.75,26.75,26.75,26.25,27.0,27.0,26.75,26.5,26.75,27.0,27.0,26.75,26.25,26.75,27.0,26.5,26.5,26.5,27.0,27.5,27.5,26.75,26.25,26.25,26.75,27.5,27.75,28.0,28.5,26.75,27.0,27.25,27.0,26.25,27.0,27.25,26.75,26.75,27.75,27.5,27.75,27.0,26.5,26.75,26.0,26.0,27.0,27.0,26.5,26.5,26.75,26.5,25.75,26.25,26.5,26.75,26.75,26.25,26.5,26.25,25.75,26.75
40.0
26.5,27.25,26.5,26.5,26.75,26.75,27.0,27.0,26.5,27.0,26.75,27.0,26.5,26.75,26.5,26.25,26.5,26.5,26.5,26.5,27.0,26.75,27.25,27.0,26.5,26.75,26.75,27.5,28.0,28.25,28.25,27.0,27.0,27.5,27.0,27.0,26.75,27.5,26.5,26.75,27.0,27.5,27.5,26.75,26.5,26.75,26.25,26.0,27.0,26.75,26.5,26.25,26.25,26.5,26.0,26.25,26.0,26.75,26.5,26.25,26.25,26.0,25.75,27.0
41.0
26.5,26.75,26.75,26.5,26.25,26.0,27.0,27.0,26.25,26.5,26.5,26.75,26.75,26.5,26.5,26.25,26.25,26.5,26.5,26.25,27.0,27.0,27.0,26.75,26.25,26.5,26.75,27.5,28.25,28.0,28.0,27.0,27.0,27.0,27.0,26.5,27.0,27.5,27.0,26.75,27.0,27.25,27.0,26.25,26.5,26.5,26.25,25.5,27.0,27.25,26.25,26.5,26.25,26.5,25.75,26.75,26.5,26.25,27.25,26.0,26.0,26.25,26.0,26.5
42.0
26.25,27.0,26.75,26.25,26.0,26.0,26.5,26.75,26.25,26.5,26.5,26.5,26.5,26.5,26.25,26.0,27.0,26.5,26.5,26.25,27.0,26.75,27.0,26.5,26.0,26.5,26.75,27.0,27.5,28.0,28.25,26.75,26.5,26.5,26.75,26.75,26.75,27.25,26.5,26.25,27.25,26.75,27.5,26.75,26.5,26.5,26.25,26.25,26.75,26.25,26.25,26.25,26.5,26.25,25.75,26.0,26.5,26.25,26.75,26.0,26.25,26.0,25.75,26.25
43.0
26.25,26.75,26.5,27.0,26.5,26.5,27.5,27.25,26.5,27.0,26.5,26.75,26.75,26.75,26.25,26.0,27.25,26.25,26.5,26.5,27.0,26.75,27.5,26.5,26.75,26.75,27.25,27.5,28.25,28.25,28.0,27.25,27.5,26.75,27.0,26.5,27.0,27.5,27.5,27.0,27.0,27.25,27.25,26.75,26.25,26.75,26.0,25.75,26.5,27.25,26.25,26.5,26.25,26.5,25.75,26.0,26.25,26.25,26.5,26.75,26.5,26.25,26.0,26.75
44.0
26.5,26.5,26.5,26.5,26.75,26.75,27.0,26.75,26.5,26.75,26.75,26.75,26.75,26.75,26.25,26.5,27.0,26.25,26.75,26.75,26.75,27.0,27.75,26.75,26.25,26.75,26.75,27.75,28.0,27.75,28.25,27.0,27.25,27.0,27.0,26.75,27.0,27.25,26.75,27.0,27.75,27.25,27.0,26.75,26.75,26.75,26.0,26.25,26.75,27.25,26.25,26.5,26.5,26.5,26.25,26.0,26.75,26.75,26.25,26.5,26.25,26.0,25.75,26.25
45.0
26.5,26.5,26.5,26.5,26.75,26.75,27.0,26.75,26.5,26.75,26.75,26.75,26.75,26.75,26.25,26.5,27.0,26.25,26.75,26.75,26.75,27.0,27.75,26.75,26.25,26.75,26.75,27.75,28.0,27.75,28.25,27.0,27.25,27.0,27.0,26.75,27.0,27.25,26.75,27.0,27.75,27.25,27.0,26.75,26.75,26.75,26.0,26.25,26.75,27.25,26.25,26.5,26.5,26.5,26.25,26.0,26.75,26.75,26.25,26.5,26.25,26.0,25.75,26.25
46.0
26.5,26.75,26.5,26.25,26.75,26.25,27.0,27.0,26.75,26.5,27.0,27.0,26.75,26.5,26.75,26.25,26.25,26.5,26.75,26.25,27.0,27.25,27.5,26.5,26.25,26.25,27.0,27.5,28.0,28.0,28.25,27.0,27.0,27.0,27.0,26.5,26.75,27.0,26.75,26.5,27.5,27.5,27.25,27.0,26.25,26.75,26.25,26.0,27.25,27.25,26.25,26.75,26.5,26.5,26.0,26.0,26.75,26.25,26.75,26.5,26.25,26.25,25.5,26.75
47.0
26.5,27.0,26.75,26.75,26.75,26.0,27.5,27.5,26.5,26.5,26.5,26.5,27.0,26.5,26.0,26.25,26.75,26.5,26.75,26.5,26.5,27.0,27.5,26.75,26.75,26.75,27.0,27.25,28.0,28.0,28.25,26.25,27.25,26.75,26.75,26.25,27.25,27.25,26.75,26.75,27.5,27.0,27.25,27.0,26.25,26.75,26.0,26.0,26.25,27.0,26.25,26.25,26.5,26.25,26.0,25.75,26.5,26.5,26.75,26.5,26.25,26.25,26.5,26.5
48.0
26.0,26.5,26.5,26.25,26.75,26.25,26.75,26.5,26.75,26.5,26.5,26.5,26.5,26.0,26.5,27.0,26.75,26.5,26.5,26.25,26.75,26.75,27.25,26.5,26.75,26.75,27.0,27.5,28.0,28.0,28.0,27.0,26.75,26.5,26.75,26.25,27.0,27.5,26.5,26.75,27.0,27.25,26.75,26.5,26.5,26.5,25.75,26.0,26.25,26.75,26.5,26.0,26.0,25.75,25.5,26.0,26.25,25.75,26.0,26.75,26.0,26.0,25.5,26.25
49.0
26.75,26.5,26.75,26.75,26.5,26.5,27.5,27.0,26.25,26.5,26.25,26.75,26.5,26.75,26.5,26.75,26.75,26.25,26.75,26.5,27.0,27.25,27.25,26.75,26.75,26.75,26.75,27.25,28.25,28.25,28.25,26.75,27.5,27.0,27.5,26.5,27.0,27.25,26.75,26.75,27.0,27.25,27.5,26.5,26.5,26.5,26.25,26.0,27.0,27.5,26.5,26.0,26.75,26.25,26.0,26.0,27.0,26.25,26.75,26.25,26.25,26.25,25.75,26.25
50.0
26.5,26.75,26.75,26.25,26.75,26.5,27.0,27.0,27.0,27.0,26.75,27.0,26.75,26.5,26.25,26.25,27.25,26.5,26.75,26.5,26.75,27.25,27.5,27.25,26.5,26.5,26.5,27.5,28.25,27.75,28.25,26.75,27.5,27.0,27.0,26.5,27.0,27.75,27.0,27.0,27.5,27.25,27.5,27.0,26.5,26.5,26.0,26.0,27.0,27.0,26.75,26.5,27.0,26.75,26.0,26.5,26.75,26.5,26.5,26.25,26.5,26.0,26.25,26.75
51.0
26.75,27.25,26.75,26.75,26.75,26.5,27.25,27.0,26.75,26.75,26.75,26.75,26.75,26.25,26.75,26.75,27.0,26.25,26.75,26.5,26.75,26.75,27.75,26.75,26.5,26.25,26.75,27.25,28.0,28.0,28.5,27.0,27.25,26.75,27.0,26.75,27.0,27.5,27.0,27.0,27.25,27.0,27.0,27.25,26.75,26.5,26.25,26.25,27.0,27.0,26.5,26.5,26.5,26.5,26.25,26.0,26.0,26.75,26.5,26.75,26.25,26.0,26.0,26.75
52.0
26.75,27.0,27.0,26.5,26.75,26.75,27.0,27.25,26.75,26.75,26.75,26.75,26.75,26.5,26.5,26.25,27.25,26.75,26.75,26.75,27.0,27.0,27.25,26.75,26.25,26.75,27.0,27.75,28.25,28.25,28.5,26.75,27.0,26.75,27.0,26.5,27.25,27.75,26.75,26.5,27.25,27.25,27.5,27.25,26.25,26.75,26.25,26.25,27.0,27.0,26.5,26.0,26.75,26.25,26.0,26.25,26.25,26.75,26.75,26.75,26.5,25.75,26.0,27.25
53.0
26.5,27.25,27.0,26.5,26.75,26.5,27.0,26.5,26.25,26.75,26.5,26.75,27.0,26.5,26.25,26.75,26.5,26.25,26.75,26.5,27.0,27.0,27.5,26.5,26.5,27.0,27.0,28.0,28.0,28.25,28.5,27.0,27.5,27.0,27.25,27.0,27.0,27.5,26.5,26.5,27.25,27.25,27.5,27.0,26.25,27.0,26.25,26.0,26.75,26.75,26.5,26.25,26.5,26.5,25.75,26.0,26.75,26.5,26.0,26.5,26.25,25.75,25.5,26.5
54.0
26.5,26.75,26.75,26.5,26.75,26.25,26.75,26.75,26.75,26.25,26.5,26.25,26.75,26.25,26.5,26.25,26.5,26.25,26.25,26.75,26.75,27.0,27.5,26.75,26.0,26.5,26.5,27.25,28.0,28.0,27.75,27.25,26.75,26.75,27.0,26.5,27.25,27.75,27.0,26.5,27.5,26.75,27.25,26.5,26.25,26.5,26.5,26.0,26.75,27.0,26.25,26.25,26.5,26.25,26.0,26.0,26.0,26.0,26.0,26.25,26.0,26.0,25.5,26.25
55.0
26.5,26.75,26.75,26.5,27.0,26.25,26.75,26.75,26.75,26.75,26.75,26.5,26.25,26.25,26.75,26.5,26.75,26.25,26.5,26.25,27.0,26.75,27.25,26.5,26.5,26.75,27.0,27.5,28.0,27.75,28.5,27.0,27.25,26.75,26.75,26.25,26.75,27.75,27.25,26.75,27.0,27.25,27.25,26.75,26.5,26.5,26.0,26.5,26.75,26.75,26.25,26.25,26.5,26.5,26.0,25.75,26.5,26.0,26.0,26.25,26.0,25.75,26.0,26.5
56.0
26.5,26.5,26.5,26.25,26.5,26.25,27.25,26.75,26.25,26.75,26.75,26.75,26.25,26.5,26.75,26.5,26.5,26.5,26.75,26.5,26.5,27.0,27.25,26.75,26.5,26.75,26.75,27.5,28.25,27.75,28.25,27.0,27.25,26.5,26.75,26.75,27.0,27.25,26.5,27.0,27.0,27.75,27.5,27.0,26.25,26.5,26.0,25.5,26.75,27.0,26.5,26.0,26.5,26.25,25.75,26.25,26.5,26.5,26.25,26.25,26.0,26.0,25.75,26.0
57.0
27.0,27.25,27.0,26.5,26.75,26.75,27.25,27.0,27.0,27.0,26.5,26.5,26.25,26.75,26.5,26.5,26.75,27.0,26.5,26.25,26.75,27.0,27.75,27.0,26.0,26.75,27.0,27.5,27.75,28.0,28.25,27.0,27.25,27.0,27.25,26.5,27.25,27.75,26.75,26.5,27.0,27.25,27.25,26.75,26.5,26.25,26.0,26.0,27.0,26.75,26.5,26.25,26.5,26.25,25.75,26.0,26.75,26.5,27.0,26.5,26.0,26.25,25.75,26.75
58.0
26.5,26.75,27.0,26.75,26.5,26.75,27.0,27.0,26.75,26.5,26.75,27.0,26.75,26.25,26.0,26.75,26.75,26.5,26.75,26.5,26.75,27.25,27.0,27.0,26.0,27.0,26.75,27.5,28.25,28.25,28.5,26.75,27.25,27.0,27.0,26.5,27.0,27.5,27.25,26.75,27.25,27.25,27.25,26.75,26.5,26.5,26.0,26.0,26.75,27.25,26.25,26.5,26.75,26.25,26.25,26.25,26.75,26.5,26.75,26.0,26.25,25.75,25.75,26.5
59.0
26.5,26.75,27.0,26.75,26.75,26.25,26.75,27.0,26.25,26.5,26.5,26.75,27.0,26.5,26.0,26.25,26.5,26.25,26.5,26.25,27.25,26.75,27.0,26.5,26.5,26.5,26.75,27.5,28.0,28.0,28.25,26.75,26.75,27.0,26.75,26.75,27.25,27.5,27.0,26.5,27.25,26.75,27.25,27.0,26.25,26.0,26.25,25.75,27.0,26.75,26.0,26.25,26.5,26.25,25.75,26.25,26.0,26.25,26.0,25.75,26.0,26.0,26.0,26.25
60.0
26.75,26.75,26.25,26.25,27.0,26.5,27.0,26.75,26.25,26.5,26.5,26.75,26.75,26.75,26.0,26.5,26.75,26.75,26.75,26.0,27.25,27.25,27.5,26.5,26.5,26.75,27.0,27.25,28.0,28.0,28.25,26.75,27.0,26.75,27.25,26.5,26.75,27.75,26.75,27.25,27.25,27.0,27.25,26.5,26.25,26.75,26.0,25.5,26.5,26.75,26.5,26.25,26.5,26.25,25.75,25.75,26.5,26.0,26.5,26.25,26.25,26.0,25.75,26.0
