1.0
26.25,26.5,26.25,26.25,26.5,26.25,26.75,26.75,26.75,26.0,26.5,26.25,26.25,26.0,25.75,26.25,27.0,26.75,26.5,26.0,26.25,26.25,26.0,25.75,27.25,27.5,26.5,26.25,26.0,26.25,26.25,26.25,28.25,28.0,27.75,27.75,26.5,26.5,26.25,26.25,28.5,28.25,28.0,26.5,26.25,26.25,26.0,25.75,26.75,27.0,26.25,26.0,26.0,26.0,26.0,26.0,26.5,26.25,26.0,26.25,26.0,26.25,26.0,26.0
2.0
26.75,26.75,27.0,26.0,26.25,26.25,27.0,27.0,27.0,26.0,26.25,26.75,26.5,26.25,26.25,26.25,27.5,26.25,26.5,25.75,26.5,26.25,26.25,26.0,27.0,27.25,26.75,26.5,26.25,26.25,26.0,26.0,28.5,27.75,27.75,27.75,26.25,26.0,26.25,26.25,28.5,28.0,28.25,27.0,26.25,26.25,26.25,26.0,26.75,26.75,26.5,26.25,26.5,26.0,25.75,25.75,26.25,25.5,26.0,26.25,26.0,25.75,25.75,26.75
3.0
26.5,26.5,26.5,26.25,26.5,26.0,26.75,26.25,26.5,26.5,26.0,26.25,26.75,26.0,25.75,26.5,26.5,26.25,26.0,26.0,26.0,26.0,26.75,25.75,26.75,28.0,26.75,26.75,25.75,26.0,25.75,26.0,28.25,28.25,28.0,27.25,26.25,26.25,25.75,26.0,28.5,28.25,28.25,27.0,26.0,26.0,25.75,25.25,26.5,27.0,26.0,26.25,26.25,26.5,25.75,25.75,27.0,26.25,26.25,26.0,26.0,26.0,26.25,26.5
4.0
26.5,26.75,26.75,26.0,26.5,26.0,26.5,26.5,26.0,27.0,26.0,26.5,26.25,26.0,25.5,26.0,26.25,26.25,26.5,26.0,26.25,26.5,26.25,25.5,26.5,27.25,26.75,26.25,26.25,25.75,26.25,26.25,28.5,28.25,27.75,27.25,26.75,26.25,26.5,26.5,28.25,28.0,28.0,26.75,26.0,26.25,26.25,25.75,26.5,26.75,26.5,26.25,26.0,26.0,25.75,25.75,26.5,26.0,26.25,26.0,26.25,25.75,25.0,26.5
5.0
26.25,26.5,26.5,25.75,25.75,25.75,26.5,26.25,26.75,26.25,26.25,25.75,26.25,25.75,25.5,26.5,27.0,26.25,26.25,26.0,26.25,26.0,26.25,26.0,26.75,26.75,26.5,26.0,26.25,26.0,26.0,26.5,28.0,28.0,27.5,27.5,26.25,26.5,26.0,26.0,28.0,28.25,28.25,26.75,26.25,25.75,25.75,25.5,26.75,26.5,26.0,26.0,26.25,25.75,25.75,26.0,26.75,25.75,26.0,26.0,26.0,25.75,25.75,26.0
6.0
26.25,26.5,26.5,26.25,26.0,25.75,26.25,26.5,26.25,26.5,26.25,26.5,26.25,26.0,26.0,26.0,26.75,26.5,26.25,26.0,26.25,26.25,26.75,26.25,26.75,27.25,26.5,26.5,26.0,26.25,25.75,26.25,28.5,28.0,27.5,27.5,26.75,26.25,26.25,26.75,28.0,27.75,28.25,27.0,26.25,26.25,25.75,25.5,26.75,27.0,26.0,25.75,26.25,25.75,26.0,26.0,26.5,26.75,26.5,26.0,26.5,26.0,26.0,26.25
7.0
26.25,26.75,26.0,26.25,26.25,26.0,27.0,26.5,26.75,26.25,26.0,26.25,26.25,26.0,25.75,25.5,26.25,26.0,26.5,26.25,26.0,26.25,26.25,25.75,26.75,27.5,26.75,26.5,26.25,25.75,26.25,26.25,28.5,27.75,28.0,27.25,26.25,26.25,26.0,26.25,27.75,28.25,28.0,26.75,26.0,26.0,26.0,25.75,27.0,27.0,26.5,26.25,26.5,26.25,25.75,26.0,26.5,26.25,26.5,26.25,26.25,25.5,25.75,26.5
8.0
26.5,26.75,26.5,26.25,26.25,26.25,26.75,27.0,26.25,26.25,26.25,26.5,26.25,26.0,25.75,26.0,26.75,26.25,26.75,26.0,26.25,25.5,26.5,25.75,27.0,27.25,26.5,26.25,26.25,25.75,26.25,26.5,28.75,28.5,27.75,27.5,27.0,26.5,26.5,26.0,28.25,28.25,28.25,27.25,26.0,26.0,25.75,25.75,26.75,26.75,26.5,26.0,26.0,26.25,25.5,25.75,26.5,26.0,26.75,26.5,26.0,25.75,26.25,26.5
9.0
26.5,27.0,26.25,26.75,26.0,26.0,26.75,26.75,27.0,26.5,26.25,26.5,26.25,26.0,26.75,26.5,26.5,26.25,26.25,26.25,26.25,26.0,26.25,26.5,26.75,27.25,26.5,26.25,26.25,26.25,26.25,26.25,28.25,28.25,27.5,27.5,26.25,26.25,26.0,26.0,28.0,28.0,28.0,27.0,26.25,26.25,25.75,25.75,26.5,27.25,26.75,25.75,26.0,26.0,25.75,26.0,26.75,26.25,26.0,25.75,26.25,25.5,25.5,26.5
10.0
26.25,26.75,26.25,26.0,26.0,25.75,26.5,26.5,26.25,26.25,25.75,26.0,26.0,25.75,26.0,25.75,26.5,26.5,26.5,26.0,25.75,26.0,26.25,26.0,26.75,27.0,26.25,26.25,26.25,26.0,26.0,26.0,28.25,27.75,27.5,27.25,26.25,26.0,25.75,26.0,27.75,28.0,28.0,26.75,26.0,26.0,26.0,25.75,26.25,26.5,26.0,26.0,26.0,26.0,25.25,25.75,25.75,26.0,26.0,26.0,25.25,25.5,25.0,26.25
11.0
26.75,26.25,26.0,26.5,26.25,26.5,26.5,26.5,26.25,26.25,26.5,26.0,26.5,25.75,26.5,25.75,26.5,26.5,26.5,26.0,26.25,26.5,26.0,26.25,26.75,27.75,27.25,26.5,26.5,26.0,25.75,26.25,28.75,27.75,27.75,28.25,27.0,26.75,26.25,26.25,27.25,27.25,28.0,26.5,26.0,26.5,25.75,25.5,26.75,26.75,26.25,26.25,26.0,26.0,25.5,25.75,26.5,26.0,26.75,26.0,26.25,26.0,25.5,26.25
12.0
26.25,27.0,26.5,26.25,26.25,26.25,26.25,26.5,26.5,26.5,26.25,26.5,26.5,26.0,26.0,25.75,26.25,26.25,26.25,26.0,26.25,26.0,26.25,25.75,26.5,27.5,27.5,26.25,26.0,25.75,26.0,26.25,28.0,27.75,28.0,27.75,27.25,26.0,26.0,26.0,27.5,26.75,27.5,26.5,26.0,26.0,25.5,25.75,26.0,26.5,25.75,26.0,26.0,25.75,25.75,25.75,26.0,26.0,25.5,26.0,25.5,25.75,25.25,26.25
13.0
26.25,26.75,26.25,26.5,26.75,26.25,27.0,26.25,26.75,26.5,26.25,26.5,26.75,26.25,26.0,26.0,27.25,26.5,26.5,26.25,26.0,26.5,26.25,26.0,27.25,28.25,27.75,27.25,26.5,26.5,26.5,26.5,28.0,28.25,28.25,27.75,28.25,26.5,26.0,26.25,27.25,26.75,27.0,26.75,26.0,26.75,26.0,25.5,26.75,26.5,26.5,26.5,26.0,26.0,25.75,25.75,26.5,26.5,26.0,26.25,26.25,26.0,25.75,26.25
14.0
26.0,26.75,26.25,26.5,26.25,25.75,26.5,26.5,26.5,26.75,26.25,26.5,26.25,26.0,26.25,26.25,26.75,26.75,26.75,26.25,26.25,26.0,26.25,26.25,27.5,28.0,28.25,27.75,26.75,26.25,26.0,26.0,27.25,27.25,27.75,27.75,27.75,26.75,26.0,26.5,27.0,27.0,26.75,26.5,26.25,26.5,25.75,25.5,27.0,26.25,25.75,25.75,26.0,26.25,25.75,25.75,26.75,26.25,26.5,26.0,26.0,25.5,25.75,26.25
15.0
26.25,26.75,26.75,26.5,26.5,26.25,26.5,26.5,27.0,27.0,26.75,26.25,26.75,26.25,26.25,26.25,27.0,27.25,27.5,26.5,26.25,26.0,26.5,26.0,26.75,28.25,27.75,28.25,27.5,26.25,26.25,26.75,27.75,27.75,27.25,27.0,27.0,26.75,26.0,26.25,26.5,26.5,26.75,26.75,26.0,26.25,26.25,26.0,27.0,26.75,26.25,26.0,26.25,25.75,25.75,25.75,26.25,26.5,26.0,26.0,26.25,26.0,25.25,26.25
16.0
26.0,26.75,26.25,26.25,26.25,26.0,26.5,26.75,26.25,27.0,27.0,26.25,26.75,26.5,26.5,26.5,27.0,27.5,27.75,26.75,26.5,26.5,26.25,26.25,26.5,28.25,27.75,28.25,27.5,26.5,26.25,26.25,27.75,27.75,27.75,27.0,26.75,26.25,26.25,26.75,27.25,26.75,26.75,27.0,25.75,26.25,25.75,26.0,26.75,25.75,26.5,26.0,26.0,26.5,25.5,25.75,26.0,26.25,26.0,26.0,25.5,26.0,25.75,25.75
17.0
25.75,26.75,26.25,26.0,26.25,26.0,26.25,26.0,26.5,26.5,26.0,26.25,26.0,25.75,26.25,25.75,26.75,27.0,27.75,27.75,26.75,26.5,25.75,26.25,26.75,28.25,28.25,27.75,27.75,26.0,25.75,26.25,27.25,26.75,27.0,26.25,26.0,26.5,25.75,25.75,26.5,26.25,26.5,26.5,26.0,26.0,25.75,25.75,25.75,26.25,25.75,25.75,26.25,25.75,25.75,25.75,26.5,25.75,26.0,26.25,25.75,25.5,25.5,25.5
18.0
26.25,26.75,26.25,26.25,26.5,26.25,26.75,26.5,26.75,26.0,26.25,26.5,26.25,26.25,26.25,26.0,27.25,27.0,27.5,28.25,26.75,26.25,25.75,26.5,27.25,27.75,28.5,27.25,27.5,26.25,26.0,26.25,27.0,26.75,27.0,26.75,26.5,26.5,26.25,26.5,27.0,26.5,27.0,26.5,26.0,26.0,25.25,25.75,26.75,26.5,25.75,26.0,26.0,26.25,25.75,25.5,26.25,26.5,25.75,25.75,26.25,25.75,25.75,26.0
19.0
26.5,26.75,27.0,26.5,26.5,26.25,27.25,26.5,26.75,26.5,26.5,27.0,27.0,26.25,26.25,26.0,26.5,27.25,28.0,28.0,28.0,26.5,26.5,26.0,27.0,27.0,28.0,27.0,27.0,26.0,26.25,26.5,27.0,26.75,26.75,25.75,26.25,25.75,26.25,26.75,26.75,26.5,26.25,26.25,26.0,26.25,26.0,25.5,26.5,26.5,26.25,26.25,26.5,26.0,25.5,25.25,26.25,26.25,26.0,26.0,25.75,26.0,26.0,26.5
20.0
26.75,26.75,26.75,26.5,26.75,26.0,26.5,26.75,26.75,26.5,26.75,27.0,27.5,26.25,26.5,26.0,26.75,27.25,28.5,28.25,28.5,27.5,26.5,26.5,26.25,27.0,27.5,27.25,27.0,26.25,26.0,26.25,27.0,27.0,26.75,26.5,26.5,26.5,26.5,26.5,27.0,26.25,27.0,26.5,26.5,26.0,26.0,26.0,26.25,26.25,26.25,26.25,26.25,26.25,26.0,26.0,26.25,25.75,26.0,26.0,26.25,25.75,25.5,26.0
21.0
26.75,26.75,26.75,26.5,26.5,26.25,26.5,26.5,27.0,27.5,27.75,27.5,27.75,26.25,26.25,26.5,26.75,26.75,27.5,28.0,28.5,28.5,26.5,26.5,26.0,26.75,26.75,26.75,27.25,26.5,26.0,26.25,27.5,26.5,26.5,26.25,26.5,26.25,26.5,26.25,27.25,26.75,26.25,26.5,26.0,26.25,25.75,25.5,26.5,27.0,25.75,26.25,26.25,26.25,25.75,26.0,26.5,26.0,26.0,26.25,25.5,25.25,25.75,26.5
22.0
26.0,26.75,26.75,26.5,26.75,26.25,27.0,26.5,27.0,27.25,27.5,27.75,27.5,26.25,26.25,26.25,26.5,26.5,27.75,28.25,28.0,28.0,26.5,26.0,26.0,26.25,26.5,26.5,26.75,26.0,26.5,26.5,27.25,26.75,27.0,26.25,26.0,26.5,26.25,26.5,26.75,26.5,26.5,26.25,26.25,26.0,25.75,26.0,26.5,26.5,26.25,25.75,26.0,26.25,25.75,25.5,26.25,26.25,26.5,26.0,26.0,25.75,25.75,26.5
23.0
26.75,26.75,26.5,26.25,26.75,26.25,27.0,26.0,26.25,27.0,27.5,27.25,27.75,26.25,26.0,26.0,26.5,27.0,27.25,27.75,28.5,28.25,26.25,26.25,26.0,26.25,26.5,26.5,27.25,27.0,26.25,26.0,27.25,26.5,26.25,26.25,26.5,26.0,26.5,26.75,26.75,26.0,26.5,26.25,26.25,26.25,25.75,25.5,26.25,26.25,26.0,26.0,26.0,25.5,25.75,25.75,26.5,25.75,26.0,26.0,26.25,26.0,25.75,26.0
24.0
26.75,27.5,26.5,26.5,27.0,26.0,26.5,26.5,26.75,27.75,27.5,27.5,28.0,26.75,26.25,26.0,27.25,27.25,27.5,28.75,28.25,28.25,26.75,26.25,26.5,26.75,26.5,27.0,27.5,26.5,26.25,26.5,27.25,26.5,26.25,26.75,26.5,26.5,26.5,26.25,27.25,26.75,26.75,26.5,26.25,26.0,26.0,25.75,26.0,26.75,25.75,26.25,26.25,26.25,25.75,25.5,26.25,26.0,26.0,26.0,26.25,25.75,26.0,26.5
25.0
26.25,27.0,27.0,26.25,26.75,26.5,27.25,27.0,27.0,26.75,27.25,27.25,27.5,26.5,26.25,26.0,26.75,27.25,27.5,28.25,28.5,28.0,26.75,26.5,26.75,26.75,27.0,27.0,26.75,26.5,26.5,26.5,27.25,26.5,26.75,26.5,26.75,26.5,26.5,26.75,27.0,26.5,27.25,26.75,26.0,26.0,25.75,26.0,26.5,27.25,25.75,26.0,26.5,26.25,26.25,26.0,26.25,26.25,26.0,26.25,25.75,26.0,26.0,26.0
26.0
26.5,26.75,26.75,26.5,26.25,26.5,26.75,26.5,27.0,27.25,27.25,26.75,27.5,26.75,26.5,26.0,27.0,27.0,27.25,28.0,28.75,28.5,26.5,26.0,26.25,27.0,26.75,27.0,27.5,26.75,26.5,26.25,27.0,26.5,26.75,26.25,26.25,26.25,26.5,26.5,26.75,26.5,26.5,26.75,26.0,26.25,26.0,26.0,26.5,26.5,26.0,26.25,26.5,26.25,25.75,25.75,26.25,26.25,26.0,26.25,26.25,26.0,25.5,26.0
27.0
26.5,27.0,26.5,26.5,26.5,26.5,27.25,27.0,27.0,26.75,27.25,27.0,27.75,26.75,26.25,26.25,27.0,27.5,27.5,28.25,28.0,28.25,26.25,26.25,26.75,27.25,27.25,27.5,27.5,26.5,26.5,26.25,27.0,26.75,27.0,26.25,26.75,26.25,26.5,26.5,26.75,26.25,26.75,26.75,26.25,26.75,26.0,25.75,26.25,26.25,26.25,26.25,26.0,25.75,26.0,25.5,26.75,26.5,26.25,26.0,26.0,25.75,26.0,26.5
28.0
26.5,27.0,26.5,26.5,26.5,26.5,27.25,27.0,27.0,26.75,27.25,27.0,27.75,26.75,26.25,26.25,27.0,27.5,27.5,28.25,28.0,28.25,26.25,26.25,26.75,27.25,27.25,27.5,27.5,26.5,26.5,26.25,27.0,26.75,27.0,26.25,26.75,26.25,26.5,26.5,26.75,26.25,26.75,26.75,26.25,26.75,26.0,25.75,26.25,26.25,26.25,26.25,26.0,25.75,26.0,25.5,26.75,26.5,26.25,26.0,26.0,25.75,26.0,26.5
29.0
26.25,26.5,27.0,26.25,26.75,26.25,27.0,26.5,26.75,26.5,27.0,26.5,26.75,26.25,26.0,26.0,27.25,27.5,27.75,28.25,28.5,28.0,26.25,26.25,26.0,27.0,27.5,27.25,27.75,26.75,26.5,26.0,27.25,26.75,26.75,26.25,26.5,26.25,26.25,26.25,27.25,26.25,26.75,26.5,25.75,25.75,26.25,25.5,25.75,26.25,26.25,26.0,26.5,26.0,25.75,26.0,26.25,26.0,26.0,25.75,25.75,25.25,25.75,26.0
30.0
26.25,27.25,26.25,26.25,26.75,26.25,26.25,26.75,26.5,26.75,26.75,26.75,27.25,26.25,25.75,26.0,26.75,27.25,27.75,28.0,28.5,28.0,27.0,26.25,26.5,27.5,27.5,27.5,27.5,27.0,26.5,26.75,26.75,27.0,26.75,26.5,26.5,26.75,26.25,26.5,27.0,26.5,26.5,26.75,26.0,26.0,26.0,26.0,26.25,26.5,26.25,26.25,26.5,26.25,26.25,26.25,26.0,25.75,25.75,25.5,26.25,25.75,25.5,26.0
31.0
26.5,27.25,27.0,26.5,26.75,26.75,26.75,26.5,27.25,27.0,27.0,26.75,27.25,26.5,26.5,26.75,27.0,27.0,27.75,28.25,28.5,27.25,26.5,26.75,26.5,27.5,28.5,28.0,27.5,27.5,27.0,26.75,27.5,27.25,27.25,26.75,26.75,26.75,26.5,26.75,27.0,26.75,26.75,26.75,26.5,26.5,26.0,26.0,26.5,26.75,26.25,26.25,26.25,26.25,26.0,26.0,26.0,26.0,26.5,25.75,26.25,25.75,25.0,26.25
32.0
26.25,26.5,26.75,26.5,26.75,26.5,27.0,27.0,27.0,26.5,26.75,27.25,27.25,27.0,26.25,26.25,27.0,27.0,27.5,28.5,28.75,27.5,26.5,26.25,26.5,28.0,28.5,28.25,28.0,27.5,26.75,26.5,27.25,27.25,27.25,26.5,26.5,27.0,26.25,26.25,26.75,26.75,26.75,26.5,26.0,26.5,25.75,25.5,26.75,26.75,25.75,26.5,26.5,26.0,26.0,26.0,26.25,26.25,26.0,26.0,26.0,25.5,25.75,26.0
33.0
26.75,26.75,26.5,26.75,26.25,26.0,26.75,27.0,27.0,26.5,26.5,27.0,27.0,26.75,26.5,26.25,27.0,27.0,27.5,28.75,28.5,27.0,26.5,25.75,26.25,28.0,28.25,27.75,27.5,27.5,26.5,26.5,27.25,26.75,27.0,26.5,26.5,26.75,26.25,26.5,26.5,26.5,26.75,26.75,26.25,26.75,25.75,26.0,26.25,26.25,25.75,26.0,26.25,26.0,26.25,25.75,26.0,26.0,26.25,26.75,25.75,26.0,26.25,26.25
34.0
26.5,27.25,26.5,26.5,27.0,26.75,27.0,26.5,27.0,27.25,26.75,27.0,27.0,26.5,26.25,26.0,27.0,27.0,28.0,29.0,28.5,27.25,26.5,26.25,26.75,27.75,28.0,28.0,27.5,27.25,26.25,26.75,27.0,27.25,27.0,26.75,26.75,27.25,26.25,26.25,27.0,26.5,26.75,26.75,26.25,26.0,25.5,26.0,27.0,26.75,26.25,26.0,26.25,26.0,25.75,26.0,26.25,25.75,26.0,26.5,25.75,26.25,25.5,27.0
35.0
26.5,27.0,26.25,26.5,26.5,26.5,26.5,26.75,27.0,26.5,26.5,27.25,26.75,26.0,26.25,26.5,27.0,27.25,28.5,28.25,28.5,27.0,26.5,25.75,26.5,27.5,28.25,27.75,27.5,27.0,26.25,26.25,27.0,27.0,26.75,26.25,26.5,26.75,26.5,26.75,27.25,26.5,26.75,26.75,26.25,26.25,26.5,26.0,26.75,26.5,26.0,26.0,26.25,26.5,26.0,26.0,26.75,26.25,26.0,26.0,26.25,25.75,26.25,25.75
36.0
26.75,27.25,26.75,26.75,26.75,26.5,26.75,27.0,27.0,27.0,26.75,27.0,26.75,26.5,26.5,26.25,27.0,27.5,28.5,28.5,28.5,27.25,26.5,26.25,26.75,27.75,28.25,28.25,28.0,27.0,26.25,26.75,26.75,27.0,26.75,26.75,26.75,27.0,26.25,26.5,26.75,26.75,26.75,27.0,26.25,26.75,26.25,26.0,26.75,26.5,26.75,26.0,26.5,26.5,26.0,25.5,26.5,26.25,26.25,26.0,26.0,26.0,25.75,26.25
37.0
26.5,27.0,26.5,26.75,26.75,26.75,26.5,27.0,26.75,27.25,27.0,27.5,27.0,26.75,26.25,26.0,27.5,27.25,28.25,28.25,28.5,27.0,26.25,26.25,26.75,27.5,28.0,27.75,28.0,27.75,26.75,27.0,27.25,27.0,27.0,26.75,26.5,26.75,26.75,26.75,27.25,26.75,26.75,27.0,25.75,26.75,26.25,25.75,26.25,27.0,26.5,26.25,26.0,26.0,26.25,26.5,26.75,26.25,26.25,26.5,26.25,26.0,25.5,27.0
38.0
26.5,26.75,26.5,26.75,27.0,26.25,27.0,26.5,26.75,26.5,27.25,27.25,26.75,26.25,26.25,26.75,27.5,27.5,28.0,28.25,28.5,27.5,26.75,26.75,26.5,28.25,28.25,28.25,28.25,27.5,26.75,26.5,27.5,27.25,27.25,26.75,26.5,27.0,26.25,26.75,26.75,26.5,26.75,27.25,26.0,26.5,25.75,25.75,27.0,26.75,26.5,26.25,26.5,26.25,26.0,26.25,26.5,26.0,26.0,25.75,25.75,26.25,25.75,26.25
39.0
26.5,27.0,26.75,26.75,26.5,26.5,27.0,26.75,27.0,26.75,27.0,27.25,27.25,26.25,26.0,26.0,27.0,27.25,28.5,28.5,28.25,27.25,26.75,26.25,26.5,27.5,28.25,28.0,28.0,27.25,26.5,27.0,27.0,27.0,26.75,26.75,26.25,26.75,26.5,26.5,26.5,26.75,26.5,27.0,26.25,26.5,25.75,26.0,26.5,26.75,26.5,26.25,26.25,26.5,25.75,26.25,26.75,26.0,26.0,26.25,26.75,26.0,25.75,26.25
40.0
26.25,26.5,26.75,26.5,27.0,26.25,26.75,26.25,27.0,26.5,26.75,27.0,26.75,26.5,26.25,25.75,27.25,27.25,28.75,28.0,28.5,26.5,26.5,26.0,26.5,27.25,27.75,27.5,27.5,27.25,26.75,26.25,27.25,27.0,26.75,26.5,26.5,27.0,26.75,26.0,26.25,26.5,26.75,26.75,26.25,26.5,25.75,26.0,26.25,26.25,26.0,25.75,26.0,26.0,25.75,25.5,26.0,26.0,26.0,26.0,25.75,25.75,25.75,26.0
41.0
26.75,27.5,27.25,26.75,27.0,26.5,27.0,26.75,26.75,26.75,27.0,27.5,27.25,26.5,26.5,26.5,27.75,27.75,28.75,28.25,28.75,27.5,26.5,25.75,27.0,27.5,28.0,28.0,27.75,28.0,26.25,26.75,27.25,27.0,26.75,26.25,27.0,26.75,26.5,26.5,26.75,26.5,26.75,26.75,26.5,26.5,26.0,25.25,26.5,27.0,25.5,26.25,26.5,26.5,26.0,26.5,25.75,26.25,26.25,26.25,26.25,25.75,25.75,26.25
42.0
27.0,27.0,26.75,26.5,26.75,26.0,26.75,26.5,26.25,26.5,26.75,27.25,27.0,26.25,26.0,26.25,27.75,27.5,28.5,28.75,28.5,27.25,26.75,26.25,26.75,27.5,27.75,27.75,28.0,27.5,26.5,26.25,27.0,26.75,27.0,26.75,26.75,26.5,26.25,26.5,26.75,27.0,26.25,27.0,26.25,26.75,26.25,26.25,26.75,26.5,26.0,26.25,26.25,26.25,26.0,26.0,25.75,26.25,26.25,26.25,26.0,25.5,25.75,25.75
43.0
27.25,27.25,27.0,27.0,27.0,26.5,27.0,26.75,26.75,27.0,27.0,27.5,27.25,26.25,26.25,26.5,27.75,27.5,28.25,28.5,28.5,27.25,26.5,26.75,26.5,27.5,28.0,28.0,28.0,27.25,26.75,26.25,27.25,27.0,27.0,26.25,27.0,27.0,26.5,26.5,27.0,26.5,26.75,26.5,26.5,26.5,26.25,26.0,26.5,26.75,26.5,26.0,26.75,26.25,26.0,26.5,27.0,25.75,25.75,26.0,26.5,26.25,25.75,26.25
44.0
26.5,27.25,27.0,26.5,26.5,26.0,26.5,26.5,27.25,26.5,27.25,27.25,26.75,26.75,26.75,26.25,27.75,27.75,28.5,28.25,28.75,27.25,26.75,26.5,26.75,28.0,28.0,28.25,28.0,27.75,26.5,26.75,27.0,27.0,27.0,26.75,26.75,26.75,26.25,26.5,27.0,26.5,27.0,26.75,26.5,26.5,26.25,26.25,26.75,26.75,26.25,26.25,26.25,26.25,26.0,26.25,26.75,26.5,25.75,26.0,26.0,26.0,25.75,26.5
45.0
27.0,27.5,26.25,26.5,27.25,26.5,27.25,26.75,27.0,26.75,26.75,27.5,27.0,26.75,26.75,26.25,27.25,27.75,28.25,28.5,28.75,27.25,26.5,26.5,27.0,27.25,28.25,28.0,28.0,27.75,26.75,26.75,27.0,26.5,27.0,26.5,26.5,26.5,26.75,26.75,27.0,26.75,27.0,26.5,26.25,26.0,26.25,26.0,26.5,26.75,26.5,26.25,26.0,26.25,26.0,26.0,26.25,26.25,26.25,26.25,26.25,26.25,25.5,26.5
46.0
27.25,27.25,27.0,26.5,27.0,26.5,27.25,27.0,27.0,26.75,27.5,26.75,26.75,26.75,26.5,26.25,27.5,27.5,28.25,28.75,29.0,27.5,26.5,26.5,27.0,28.25,28.5,28.25,27.75,27.5,26.5,26.5,27.5,27.0,27.25,27.0,27.25,27.0,26.75,27.0,26.75,26.75,27.0,26.75,26.25,26.75,26.25,26.0,26.75,26.5,26.25,26.5,26.5,26.25,25.75,26.0,26.25,26.5,26.25,26.25,26.0,25.75,26.0,26.5
47.0
26.5,27.25,26.75,26.5,26.5,26.5,26.75,26.75,26.75,26.75,27.25,26.75,27.0,26.25,26.5,26.0,27.5,27.25,28.0,28.5,28.5,27.0,26.25,26.25,26.75,27.25,28.0,28.0,27.75,27.75,26.25,26.25,27.5,27.0,26.75,26.5,26.75,26.5,26.25,26.5,26.75,27.0,27.0,26.75,26.0,26.5,26.25,26.0,26.0,26.25,26.25,26.25,26.5,26.5,26.0,26.25,26.75,26.5,26.25,25.75,26.5,25.75,26.0,26.0
48.0
26.5,27.75,27.0,26.25,27.0,26.25,27.0,27.25,26.75,27.0,26.75,27.5,27.25,26.75,26.75,26.75,27.75,28.0,28.25,28.5,28.5,27.0,26.5,26.25,27.0,28.0,28.5,28.0,27.75,27.75,27.0,27.0,27.25,27.25,26.75,26.75,26.75,26.75,26.5,26.75,27.0,26.75,27.25,27.25,26.5,26.75,26.25,25.75,26.75,26.5,26.5,26.25,26.5,26.5,26.25,26.25,26.5,26.0,26.0,26.75,26.0,26.25,26.0,26.75
49.0
27.25,27.5,27.25,26.5,26.5,26.75,27.0,27.25,27.0,26.75,27.0,27.25,27.0,26.5,26.5,26.75,27.5,27.75,28.75,28.5,28.5,27.25,26.5,26.5,27.25,27.5,28.0,27.75,27.75,27.75,26.5,26.5,27.5,27.0,27.0,26.75,26.5,26.75,26.25,26.5,27.0,26.5,26.75,26.75,26.5,26.5,26.5,25.75,27.0,26.75,26.25,26.0,26.25,26.25,26.0,26.0,26.25,26.25,26.75,26.5,26.25,26.5,26.0,26.75
50.0
27.0,27.25,26.75,26.5,26.75,26.5,27.5,26.75,27.0,27.0,27.25,27.5,27.25,26.25,26.5,27.0,27.5,27.5,28.25,28.75,28.5,27.0,27.25,26.5,27.0,28.0,28.0,28.25,28.25,28.0,26.75,26.75,27.25,27.0,27.25,27.0,26.75,27.0,26.5,26.25,27.25,27.0,26.75,26.5,26.25,26.75,26.0,26.0,26.75,26.5,26.5,26.0,27.0,26.25,26.0,26.25,26.5,26.5,26.5,26.25,26.0,25.75,25.75,26.25
51.0
26.75,27.0,27.0,26.25,26.5,26.25,27.25,27.0,27.0,26.75,26.75,27.5,27.25,26.75,26.5,26.75,27.25,27.5,28.0,28.75,28.75,27.0,26.75,26.25,26.75,28.25,28.25,28.0,28.0,27.75,26.25,26.5,27.25,27.25,27.5,26.75,27.0,27.25,26.5,26.5,26.75,26.75,27.0,26.75,26.5,26.5,26.25,26.25,27.0,26.75,25.75,26.25,26.75,26.25,26.0,26.0,26.25,26.0,26.5,26.75,26.0,26.25,25.5,26.75
52.0
26.75,26.75,27.0,26.5,26.75,26.5,26.75,26.25,27.0,26.75,27.25,27.0,27.0,26.5,26.0,26.25,27.25,27.75,28.75,28.5,28.75,27.5,26.25,26.25,26.75,27.75,28.5,27.75,28.25,27.75,26.5,26.5,27.25,27.25,27.25,26.75,27.0,26.75,26.25,26.5,27.0,27.25,27.25,26.75,26.5,26.75,26.25,26.25,26.25,26.5,26.5,26.5,26.25,26.5,26.25,26.25,27.0,26.0,26.5,26.75,26.0,26.0,26.0,26.25
53.0
27.0,27.25,26.5,26.5,26.75,26.0,27.0,27.0,27.0,26.75,27.0,27.0,27.0,26.5,27.0,26.0,27.0,27.75,28.5,28.75,29.0,27.5,26.5,26.5,26.75,27.75,28.25,28.0,28.0,27.75,26.5,26.5,27.25,26.75,27.25,26.5,26.75,27.0,26.25,26.75,27.25,26.5,26.75,27.0,26.5,26.5,26.25,26.5,26.75,27.0,26.25,26.75,26.25,26.5,25.75,26.0,26.25,26.5,26.25,26.25,26.5,26.25,25.75,26.25
54.0
26.5,27.5,27.25,26.5,26.75,26.25,27.0,26.75,26.75,27.0,27.0,26.75,26.25,26.25,26.0,26.25,27.5,27.5,28.5,29.0,28.5,27.25,27.0,26.5,26.75,28.0,28.0,28.0,28.0,27.5,26.5,26.75,27.0,26.75,27.0,26.25,26.5,26.75,26.75,26.25,27.0,26.5,27.0,26.5,26.5,26.5,26.0,26.0,26.75,26.25,26.25,26.25,26.5,26.5,26.0,26.0,26.25,26.25,26.25,26.0,26.5,25.75,25.5,26.25
55.0
26.5,27.5,27.25,26.75,26.75,26.5,26.75,26.25,26.75,26.75,26.75,27.5,27.25,26.75,26.25,26.75,27.0,27.75,28.25,28.75,29.0,27.5,26.75,26.25,26.75,28.0,27.75,28.25,28.5,28.0,26.75,26.5,27.5,27.5,27.0,26.75,26.75,27.0,26.5,26.75,27.0,27.0,26.5,26.5,26.5,26.5,26.25,26.0,27.0,26.75,26.25,26.5,26.5,26.25,26.0,26.0,26.0,26.25,26.25,26.5,26.25,25.5,25.75,26.5
56.0
26.5,27.0,27.0,26.5,27.25,26.5,27.0,26.75,27.0,26.75,27.0,27.0,27.25,26.5,26.25,26.25,27.25,27.5,28.5,28.5,28.75,27.25,26.75,26.25,26.75,27.5,28.0,28.25,28.0,27.75,26.5,27.0,27.25,27.0,27.0,26.75,26.75,26.75,26.25,26.5,27.0,26.75,27.25,26.75,26.5,26.25,26.5,25.5,26.75,26.75,26.25,26.75,26.5,26.5,26.5,25.75,26.25,26.75,26.25,26.5,26.0,26.5,25.5,26.5
57.0
27.0,27.25,27.0,26.75,26.75,26.25,27.0,27.25,27.0,27.0,27.0,27.25,27.0,26.25,26.5,26.0,27.25,27.5,28.5,28.75,29.0,27.25,26.75,26.0,27.0,28.0,28.5,28.0,28.25,28.25,26.75,26.75,27.25,27.0,26.75,26.0,27.0,27.0,26.75,26.75,27.0,26.5,27.0,26.75,26.25,26.5,26.0,26.0,26.75,26.75,26.25,26.0,26.25,26.25,26.0,26.75,26.25,26.25,26.25,26.5,26.0,26.0,26.0,26.5
58.0
26.5,27.0,26.75,26.75,26.5,26.5,27.25,27.0,26.75,27.25,26.25,27.0,27.25,26.25,26.5,26.5,27.5,27.5,28.5,28.5,28.75,27.5,26.5,26.25,27.0,27.5,28.0,28.25,28.0,27.75,26.25,26.25,27.5,26.75,27.0,26.75,27.0,26.75,26.75,26.5,27.25,26.5,26.5,26.5,26.5,26.5,26.25,26.0,26.75,27.0,26.25,26.25,26.25,26.75,25.75,26.0,26.25,26.0,26.25,26.5,26.0,25.5,26.0,26.75
59.0
26.5,26.5,26.75,26.5,26.5,26.0,27.0,26.25,27.25,26.5,26.75,26.75,27.0,26.75,26.25,26.25,27.25,27.0,28.25,28.75,28.75,27.25,26.5,26.25,26.75,27.75,28.25,27.75,28.0,28.0,26.75,26.0,27.0,27.0,27.0,26.5,26.5,26.75,26.25,26.5,27.0,26.75,26.75,26.75,26.0,26.5,26.0,26.0,26.5,26.5,26.75,26.25,26.25,26.5,26.0,26.25,26.0,26.0,26.25,26.25,26.0,26.25,26.25,26.0
60.0
26.75,27.25,26.75,26.75,26.75,26.75,27.0,27.0,27.0,27.0,27.25,27.0,27.25,26.5,26.5,26.0,27.0,27.75,28.5,28.75,28.75,27.25,27.0,26.25,26.75,27.75,28.0,28.0,28.0,28.0,27.0,26.5,26.75,27.0,27.0,26.5,26.75,26.75,27.0,26.5,27.0,26.75,26.5,27.0,26.5,26.5,26.25,26.0,26.5,26.75,26.0,26.5,26.25,26.75,26.0,26.5,26.75,26.75,26.25,26.5,26.5,26.5,26.25,26.0
