1.0
26.25,27.0,26.75,26.5,26.25,26.5,27.75,27.25,27.0,26.5,26.5,26.5,26.75,26.75,27.0,27.75,27.5,27.0,26.75,26.75,26.5,26.5,26.75,27.25,26.75,27.25,27.75,26.75,26.75,26.25,26.5,26.75,28.5,28.75,28.5,27.0,26.75,27.0,26.75,27.25,27.5,28.75,29.0,27.5,26.5,27.0,26.25,26.0,27.25,27.5,27.0,26.75,26.75,26.5,26.25,26.0,27.25,26.5,26.75,26.75,26.5,26.0,26.0,26.5
2.0
26.75,26.5,26.5,26.5,27.0,26.5,27.0,27.25,26.5,27.25,26.75,26.75,26.5,26.5,26.75,27.5,27.25,27.0,27.0,26.5,26.75,27.0,26.75,27.0,26.75,27.25,27.5,27.0,26.5,26.75,26.5,27.0,27.5,28.5,29.0,27.25,27.0,26.75,26.25,26.25,27.75,28.5,29.25,27.5,26.75,26.5,26.5,26.25,26.75,27.25,27.0,26.75,26.5,27.0,26.5,26.25,27.0,26.75,27.0,27.0,26.25,26.0,26.0,26.5
3.0
26.5,26.5,26.75,26.5,27.0,26.5,27.25,27.25,27.0,27.0,26.75,26.75,26.5,26.5,26.5,27.5,27.0,27.0,26.75,26.5,26.75,26.75,26.75,27.25,27.0,27.5,27.25,26.75,26.25,26.0,26.5,26.5,28.0,28.5,28.25,27.25,26.5,26.75,26.75,27.0,27.75,28.75,29.25,27.0,26.5,27.0,26.25,26.25,27.0,27.5,27.0,27.0,27.0,26.75,26.25,26.0,26.75,27.25,27.0,27.0,26.5,26.25,26.0,27.0
4.0
26.25,27.25,26.25,26.5,26.5,26.5,27.0,27.25,26.75,26.5,27.0,26.75,26.25,26.25,26.75,27.0,27.0,26.25,26.75,26.5,26.5,26.5,26.5,26.75,26.5,27.0,27.25,26.75,26.5,26.25,26.25,26.75,27.25,28.5,28.0,27.0,26.5,26.5,26.75,26.75,27.75,28.5,29.5,27.25,26.5,26.75,25.75,26.0,26.75,27.25,26.75,26.5,26.5,26.0,26.0,26.25,26.5,26.25,26.25,26.0,26.5,25.75,25.75,26.75
5.0
26.25,27.25,26.25,26.5,26.5,26.5,27.0,27.25,26.75,26.5,27.0,26.75,26.25,26.25,26.75,27.0,27.0,26.25,26.75,26.5,26.5,26.5,26.5,26.75,26.5,27.0,27.25,26.75,26.5,26.25,26.25,26.75,27.25,28.5,28.0,27.0,26.5,26.5,26.75,26.75,27.75,28.5,29.5,27.25,26.5,26.75,25.75,26.0,26.75,27.25,26.75,26.5,26.5,26.0,26.0,26.25,26.5,26.25,26.25,26.0,26.5,25.75,25.75,26.75
6.0
27.0,27.5,26.75,26.5,26.75,26.5,27.25,27.25,26.75,27.25,26.75,26.5,26.75,26.75,26.5,27.25,27.25,26.75,27.0,26.5,26.5,26.75,26.75,27.25,26.75,27.5,27.5,26.5,26.5,26.5,26.75,26.5,28.0,28.5,28.25,27.25,26.75,27.0,26.5,26.5,27.75,28.75,29.25,27.25,26.75,26.75,26.5,25.75,27.25,27.0,27.0,26.25,26.75,26.5,26.0,26.25,27.0,27.0,26.75,26.5,26.75,25.75,26.25,27.0
7.0
26.75,26.75,26.25,26.5,26.5,26.5,27.5,26.75,27.0,27.0,26.75,27.0,26.5,26.75,27.0,27.25,27.25,27.25,27.0,26.5,26.75,26.75,26.5,27.25,26.25,27.5,27.5,26.75,26.5,26.5,27.0,26.75,27.5,28.75,28.5,27.25,26.75,27.0,26.25,26.5,27.5,29.0,29.5,27.5,26.75,27.5,26.25,26.25,26.75,27.25,26.5,26.5,27.25,26.25,26.25,26.0,26.5,27.0,26.75,27.0,26.5,26.25,26.25,26.75
8.0
26.75,27.0,27.0,26.75,27.0,26.5,27.5,27.25,27.25,27.25,27.0,26.75,26.75,26.5,26.75,27.5,27.0,27.0,27.0,26.75,27.0,26.75,26.75,27.5,26.75,27.5,27.75,26.75,26.75,26.75,26.75,27.0,28.5,29.0,28.75,26.75,26.75,27.0,26.5,27.25,27.75,29.0,29.25,27.5,26.5,26.5,26.5,26.25,27.25,27.5,26.75,27.0,26.5,27.0,26.0,26.25,26.75,25.75,26.75,26.5,26.0,26.5,26.25,26.75
9.0
26.5,26.75,27.0,27.0,26.75,26.75,27.0,27.0,27.0,27.0,27.25,26.75,26.75,26.5,26.75,27.25,26.75,26.75,27.0,26.75,26.5,26.75,26.75,27.25,27.0,27.5,27.25,26.75,26.5,26.75,26.75,26.5,28.25,28.5,28.75,27.5,27.0,26.75,27.0,26.5,27.75,28.75,29.0,27.5,26.75,27.0,26.5,26.0,27.0,27.5,27.0,26.5,27.0,26.5,26.0,26.5,26.5,26.75,27.25,26.75,26.5,26.75,26.0,26.5
10.0
26.25,26.5,27.0,26.5,26.5,26.5,26.75,27.25,27.0,26.75,26.25,26.25,26.5,26.5,26.5,27.75,27.0,26.75,26.75,26.25,26.5,26.5,26.5,27.25,26.5,27.5,27.75,27.0,26.5,26.5,26.5,26.75,27.5,28.5,28.5,27.0,26.75,26.5,26.5,26.5,27.5,28.75,28.75,27.25,26.75,26.5,26.5,25.75,27.0,27.5,26.25,26.5,26.5,26.5,26.25,25.5,26.75,26.5,26.5,26.25,26.5,26.0,26.0,26.25
11.0
26.5,26.75,26.5,26.5,26.25,26.75,27.0,27.25,26.5,26.75,26.75,26.5,26.5,26.25,26.25,27.25,27.75,28.25,27.5,26.5,26.75,27.0,26.75,27.5,26.5,28.75,27.75,26.75,25.75,26.75,26.5,26.25,27.75,28.5,29.0,26.75,26.75,26.75,26.25,26.75,27.5,27.5,27.75,27.0,26.75,26.75,26.25,26.25,27.0,26.75,26.75,26.5,26.75,26.5,26.25,26.0,26.5,26.5,26.75,26.5,26.25,26.0,25.5,26.5
12.0
26.5,27.0,26.75,26.75,26.75,26.5,27.25,27.5,26.75,27.0,26.75,27.0,26.75,26.5,26.75,27.75,27.5,28.5,28.0,26.75,26.75,26.5,26.5,27.25,27.25,29.0,28.0,27.0,26.75,26.25,26.5,27.0,27.75,29.25,29.0,27.0,27.0,26.75,26.5,27.0,27.25,27.5,28.0,27.25,26.75,26.75,26.25,26.0,26.75,27.5,26.5,26.75,26.5,26.5,26.25,26.5,26.75,26.5,26.75,26.75,26.5,26.0,26.0,27.25
13.0
27.25,27.25,27.0,27.0,27.25,26.5,27.0,27.5,27.0,27.5,27.0,26.5,27.0,26.5,26.75,27.75,27.5,28.5,28.0,26.75,26.75,26.5,26.5,27.5,27.75,29.5,28.25,26.5,27.0,26.75,26.75,26.75,27.5,29.0,28.5,27.25,26.75,27.0,26.5,26.5,27.75,27.75,28.25,27.5,27.25,27.0,26.25,26.0,26.75,27.5,26.75,26.75,26.5,26.75,26.25,26.25,26.75,26.25,26.75,26.75,26.25,26.25,26.0,26.75
14.0
26.75,27.0,26.75,27.0,26.75,26.5,27.25,27.5,27.0,27.5,27.25,27.0,27.0,26.75,26.75,27.75,27.5,28.5,28.0,26.75,26.75,26.75,26.5,27.25,27.5,29.75,28.5,27.25,26.5,26.5,26.25,26.75,28.25,29.0,28.75,26.75,27.0,26.75,26.5,26.5,27.75,28.0,28.5,27.25,26.5,26.75,26.5,26.0,27.25,27.25,27.0,26.5,27.0,26.75,26.25,25.75,27.0,26.25,26.25,26.75,26.75,26.5,26.0,26.5
15.0
27.0,27.0,27.0,26.5,26.75,26.75,27.25,27.0,27.5,28.0,27.75,27.0,27.0,26.75,26.5,27.5,27.25,28.0,28.0,26.5,27.0,26.75,27.0,27.25,27.75,29.5,29.0,27.25,26.5,26.25,26.75,26.75,27.75,29.0,28.75,26.75,26.75,26.75,26.5,27.0,27.75,27.75,28.25,27.5,26.5,26.75,26.25,26.0,27.0,27.25,26.75,27.0,26.5,26.75,26.25,26.75,26.5,26.75,27.0,27.25,26.75,26.25,26.0,27.0
16.0
26.75,27.0,27.25,26.75,26.5,26.25,27.5,27.25,26.75,28.25,27.5,26.75,26.5,26.75,26.5,27.25,27.25,28.0,28.5,26.75,27.0,27.0,26.75,26.75,27.25,29.5,28.5,26.75,26.75,26.25,26.5,26.5,27.25,29.0,28.5,27.0,26.5,27.0,26.5,26.25,27.25,28.0,28.25,27.5,26.5,27.0,26.5,25.75,27.0,27.0,26.5,26.25,26.5,26.0,25.75,26.25,26.5,26.5,26.25,26.5,26.25,25.5,25.75,26.25
17.0
27.25,27.0,26.75,27.0,26.75,27.0,27.0,27.25,27.25,28.0,28.75,27.0,27.0,26.5,26.5,27.25,27.5,29.0,28.5,26.5,27.0,26.75,26.75,27.25,27.5,29.25,29.0,27.0,26.75,26.5,26.75,27.0,27.75,29.0,28.75,27.25,27.0,26.75,27.25,27.0,27.25,27.75,27.75,27.25,27.0,26.75,26.25,26.5,27.25,27.25,26.75,26.5,27.0,26.75,26.0,26.75,27.25,26.75,26.75,26.75,26.25,26.75,26.0,26.75
18.0
27.25,27.25,27.5,27.0,27.0,26.5,27.25,27.5,26.75,27.75,28.75,27.25,27.25,26.75,26.25,27.5,28.25,28.75,28.5,27.0,26.5,26.75,26.75,27.0,27.5,29.75,29.0,27.5,27.25,26.5,27.0,27.0,27.5,29.25,29.0,27.25,26.75,27.0,26.5,26.5,27.5,27.25,27.75,27.25,26.75,27.0,26.5,26.25,26.75,27.25,27.0,27.0,26.75,26.5,26.0,26.75,27.0,26.75,26.75,26.75,26.25,26.25,25.75,27.0
19.0
26.5,27.5,27.5,26.75,26.75,26.75,27.25,27.5,27.25,28.25,28.5,27.0,26.75,27.0,26.75,27.5,28.25,29.0,29.0,27.0,26.5,26.75,27.25,27.5,27.75,29.25,29.5,27.5,27.0,26.5,26.75,27.0,28.0,29.0,28.5,27.0,27.0,26.75,26.5,26.5,27.25,28.0,28.5,27.5,26.75,27.25,26.75,26.0,27.0,27.25,26.75,27.0,26.75,26.5,26.0,26.5,27.0,27.0,26.5,26.5,26.75,26.25,26.25,26.5
20.0
27.25,27.25,27.75,27.25,27.0,26.25,27.25,27.5,27.5,27.5,28.75,27.25,27.25,27.0,26.75,27.5,28.0,29.5,28.75,27.0,26.5,27.25,27.0,27.25,27.25,29.5,29.25,27.75,26.75,26.75,26.75,26.75,28.0,28.75,28.0,27.25,27.0,26.75,26.25,26.25,27.5,27.5,28.25,27.0,26.75,26.5,26.5,26.0,27.0,27.25,26.75,26.5,26.75,26.5,26.25,26.25,26.75,26.25,26.75,26.5,26.75,26.25,26.25,26.5
21.0
27.25,27.25,28.25,28.0,26.75,27.0,27.25,28.0,27.5,28.25,29.25,28.25,27.0,27.0,26.75,27.25,27.75,29.5,29.5,27.75,27.0,27.0,27.0,27.25,27.25,29.0,29.25,28.25,26.75,26.25,26.75,26.75,27.5,28.0,28.5,27.75,27.0,27.0,26.75,26.75,27.5,27.5,27.75,27.25,26.75,26.75,26.25,26.25,27.0,26.75,26.5,26.75,26.75,27.0,26.25,26.25,26.5,26.75,27.0,26.75,26.5,26.0,25.75,26.25
22.0
27.75,27.5,28.0,28.25,27.25,26.75,27.25,27.25,27.25,28.5,29.75,28.75,27.0,26.5,26.75,27.75,27.5,29.5,29.75,28.0,27.25,27.0,26.75,27.75,27.25,29.0,29.25,28.25,27.25,27.0,27.0,27.25,27.25,28.25,28.25,27.0,26.5,26.75,26.75,26.5,27.25,27.5,28.0,27.25,27.0,27.25,26.25,25.75,27.25,26.75,26.75,26.75,27.0,26.5,26.5,26.5,27.25,26.75,27.0,27.0,26.5,26.25,26.25,27.0
23.0
27.0,27.0,27.75,28.25,27.0,26.5,27.0,27.25,27.0,28.0,28.75,28.75,27.25,26.5,26.75,27.0,27.0,28.75,29.25,28.75,27.0,26.5,26.75,27.0,27.0,29.0,28.75,28.0,27.0,26.5,27.0,27.0,27.75,27.75,28.25,27.25,27.25,26.75,26.5,26.25,27.75,27.5,28.0,27.0,26.75,27.0,26.25,26.25,26.75,27.25,26.75,26.5,26.75,26.75,26.25,26.25,26.75,26.0,26.75,26.5,26.5,26.5,26.0,26.75
24.0
27.25,27.5,27.5,28.5,28.25,27.25,27.5,27.0,27.5,28.0,29.25,29.5,27.5,26.75,26.75,27.5,27.25,28.5,29.75,29.5,27.0,27.25,26.75,27.75,26.75,28.75,29.0,28.5,26.75,27.0,26.5,26.75,27.75,27.75,28.25,27.5,26.75,27.0,27.0,27.0,27.75,27.5,28.25,27.5,26.75,27.0,26.5,26.25,27.0,27.5,26.25,26.75,27.0,26.75,26.0,26.25,26.75,26.75,26.75,26.75,26.5,26.75,26.25,26.5
25.0
26.75,27.5,27.5,27.75,28.75,27.0,27.0,27.5,27.25,27.75,29.25,30.0,28.25,27.0,26.75,27.25,27.75,27.75,30.0,29.25,27.75,27.5,26.75,28.25,27.0,27.75,29.25,28.5,27.5,26.75,26.75,27.0,27.75,27.5,28.25,27.5,27.5,26.5,26.5,27.0,27.5,27.5,27.75,27.5,27.0,27.25,26.0,26.0,27.0,27.25,27.0,26.25,26.5,26.75,26.0,26.5,27.0,26.25,26.5,26.5,26.75,26.5,26.75,26.5
26.0
27.25,27.5,27.5,27.5,28.5,27.5,27.25,27.5,27.25,27.25,28.75,29.5,29.25,27.25,26.5,27.25,27.25,27.75,29.5,29.75,28.25,27.25,27.0,27.25,27.0,27.75,29.25,29.0,27.75,26.75,26.75,27.0,27.5,27.75,28.75,27.25,27.0,27.0,26.75,26.25,27.5,27.5,28.25,27.25,26.75,26.5,26.5,26.25,27.25,27.5,27.0,26.5,27.25,26.75,26.25,26.75,26.5,26.25,26.5,27.0,26.25,26.25,26.25,26.75
27.0
27.25,27.0,27.25,27.25,28.0,27.5,27.5,27.5,27.25,27.25,28.0,28.75,29.0,28.25,27.0,27.75,27.0,27.5,28.75,29.75,29.25,27.25,26.75,27.5,27.0,27.5,29.0,29.0,29.0,27.0,27.0,26.75,27.25,27.5,28.25,28.0,27.5,27.25,26.75,27.0,27.75,28.0,28.5,27.5,27.25,27.0,26.75,26.5,27.0,27.25,26.75,26.75,26.75,27.0,26.25,26.0,26.75,26.5,25.75,26.75,26.5,26.25,25.75,26.75
28.0
26.75,27.25,26.75,27.0,27.25,27.25,27.75,27.5,26.75,27.0,27.25,27.75,28.0,28.5,27.25,27.25,26.75,26.75,28.25,29.25,29.25,28.0,27.5,27.0,26.5,27.25,28.5,28.75,29.0,27.0,26.75,26.5,26.75,27.5,28.0,28.0,28.0,27.0,27.0,27.0,27.25,27.25,28.0,27.25,26.75,26.75,26.25,26.25,27.0,27.0,26.5,26.5,26.25,26.5,26.0,26.0,26.5,26.75,26.5,26.75,26.25,26.0,26.0,26.5
29.0
26.5,27.5,27.0,27.25,26.75,26.25,27.5,27.75,27.25,27.0,27.5,27.25,27.75,28.25,27.25,27.5,27.5,27.25,27.25,29.0,29.75,28.5,27.5,28.0,26.25,27.5,28.25,29.0,29.25,27.75,26.5,27.0,27.5,27.75,28.25,28.0,28.0,27.5,26.75,26.75,27.0,27.5,28.0,27.5,26.75,27.25,26.5,26.0,27.25,27.25,26.75,27.0,27.0,26.75,26.5,26.25,26.75,26.5,26.0,26.75,26.5,26.25,26.0,26.75
30.0
27.25,27.5,26.75,27.0,27.0,26.75,27.5,27.75,27.0,27.0,26.75,27.5,27.25,27.5,27.75,28.0,27.25,26.75,27.5,28.5,29.25,29.0,27.75,27.5,27.0,26.75,27.5,28.75,29.0,27.75,27.25,26.75,27.75,27.5,27.5,27.75,27.75,27.5,26.75,26.5,27.75,27.25,27.75,27.25,26.75,27.0,26.75,26.5,26.75,27.25,27.0,26.75,27.25,26.5,26.5,27.0,26.75,26.5,26.5,26.5,26.5,25.75,26.25,26.25
31.0
26.5,27.5,27.0,26.75,27.25,26.5,27.75,27.25,27.0,26.5,26.75,27.0,27.25,27.0,27.0,27.5,27.5,27.0,26.75,26.75,27.25,28.5,28.0,28.0,27.0,26.75,26.75,27.25,28.75,29.0,28.25,27.25,27.75,27.5,27.25,27.0,27.25,28.0,27.25,27.0,27.5,27.25,28.0,27.25,26.75,27.25,26.25,26.0,27.0,26.75,26.75,26.5,27.0,26.25,26.5,26.5,27.0,26.75,27.0,26.75,26.75,26.5,26.25,26.5
32.0
26.75,26.75,27.25,26.5,27.0,26.75,27.0,27.75,27.0,26.75,26.75,26.5,27.0,27.0,27.0,27.75,27.25,26.75,27.0,26.75,27.5,27.75,28.0,27.5,26.5,27.0,26.75,27.25,28.25,29.0,28.5,27.75,27.25,27.25,27.5,26.5,27.75,27.75,27.5,27.0,27.25,27.0,28.0,27.0,27.0,26.75,26.75,26.0,27.0,27.25,26.75,26.5,26.75,26.5,26.5,26.5,26.75,26.5,27.0,26.25,26.5,26.5,25.75,27.0
33.0
27.25,27.0,27.5,26.75,27.5,27.0,27.5,27.25,27.0,26.5,27.0,27.0,27.25,26.75,27.0,27.75,27.25,26.75,26.75,26.5,27.75,27.5,28.0,27.75,26.5,27.0,26.75,27.0,28.0,28.5,28.5,27.5,27.0,27.5,27.25,27.0,27.25,27.75,27.25,26.75,27.0,27.5,27.75,27.25,26.75,26.75,26.75,26.5,26.75,27.25,26.75,26.75,26.5,27.0,26.25,26.75,27.0,26.75,26.5,26.25,26.5,26.5,26.5,26.5
34.0
27.0,27.25,27.0,27.0,26.5,26.75,27.75,27.75,26.75,27.0,26.75,26.75,26.75,27.0,27.25,27.75,27.25,26.75,26.75,27.0,27.25,27.5,27.75,27.75,26.75,26.75,26.75,27.25,28.25,28.5,28.75,27.5,27.0,27.25,27.5,27.0,27.5,27.75,27.75,27.0,27.0,27.25,28.25,27.25,27.0,26.75,26.5,26.5,27.25,27.5,27.0,26.75,27.0,26.75,26.25,26.75,26.75,26.5,26.5,27.25,26.25,26.25,26.0,27.0
35.0
26.75,26.75,27.0,26.75,26.5,26.5,27.0,26.75,26.75,26.5,26.75,27.0,27.0,26.5,26.75,27.5,27.25,27.0,26.5,26.5,27.0,27.25,27.5,28.0,26.5,26.75,27.0,27.0,28.0,28.25,28.5,27.5,27.0,27.25,27.25,27.0,27.0,27.5,27.25,27.0,27.75,27.0,27.75,27.0,26.5,27.0,26.25,26.25,26.75,26.75,26.5,26.25,26.5,26.5,26.25,26.25,26.5,26.5,27.0,26.75,26.25,26.0,26.0,26.5
36.0
26.75,27.25,27.25,27.0,26.75,26.75,27.75,27.5,26.25,27.25,27.0,26.75,27.25,26.75,26.5,27.25,27.25,26.75,26.75,26.75,27.25,27.5,27.75,27.75,26.75,26.75,27.0,27.25,28.0,28.75,29.0,27.25,27.25,27.75,27.5,27.0,27.5,27.75,27.25,27.25,27.25,27.5,27.75,27.0,26.5,27.0,26.75,26.25,27.25,27.25,26.75,26.75,27.0,26.75,26.25,26.75,27.0,26.5,26.75,26.75,26.5,26.0,26.5,27.0
37.0
26.75,27.25,27.5,26.5,27.0,27.0,27.5,27.25,27.0,27.25,27.0,27.0,27.25,27.0,27.0,27.5,27.25,27.0,27.0,26.75,27.25,27.5,27.75,28.0,26.25,27.0,27.0,27.25,28.25,28.5,28.5,27.75,27.25,27.25,27.25,26.75,27.5,28.0,27.25,26.75,27.5,27.0,28.25,27.25,27.0,26.75,26.25,26.25,27.25,27.5,26.75,26.75,27.0,26.5,26.75,26.5,27.0,27.0,26.75,26.75,26.5,26.25,26.25,27.0
38.0
26.5,27.0,26.75,26.25,27.0,26.75,27.25,27.5,27.0,26.75,26.5,27.0,27.25,27.0,27.25,27.25,26.5,27.25,26.75,27.0,27.25,27.5,27.5,27.75,27.0,26.5,27.0,27.25,28.5,28.25,29.0,27.25,27.75,27.5,27.25,27.25,27.25,28.5,27.75,27.0,27.5,27.5,28.0,27.25,27.0,27.0,26.25,26.25,27.0,27.25,27.0,26.75,26.75,26.75,26.5,26.75,27.0,26.75,26.75,26.25,26.5,26.5,25.75,26.75
39.0
26.75,27.5,27.0,26.75,27.25,26.75,27.25,27.75,26.75,26.75,27.0,26.75,27.25,26.75,27.0,27.25,27.0,26.5,26.5,27.0,27.0,27.5,27.5,28.0,26.5,27.0,27.0,27.25,28.5,28.25,28.5,27.75,27.5,27.25,27.0,27.5,27.25,28.0,27.75,26.75,27.25,27.5,28.0,27.5,27.0,26.75,26.5,26.0,26.75,27.0,26.75,26.5,26.75,26.75,26.75,26.25,26.75,26.25,26.5,26.75,26.75,25.75,26.5,26.5
40.0
26.25,27.25,26.5,26.25,27.0,26.75,27.5,27.25,26.5,26.75,26.75,26.75,27.25,26.5,26.5,27.75,27.5,26.5,26.5,26.75,26.75,27.25,27.25,27.5,26.5,27.0,26.25,27.0,28.25,28.25,28.25,27.75,27.0,26.75,27.0,26.75,27.25,27.75,27.5,26.5,26.75,27.25,27.5,27.25,26.75,26.75,26.5,26.5,26.75,27.0,26.75,26.5,26.5,27.0,26.5,26.0,26.75,26.5,26.5,26.5,26.0,26.25,25.75,26.75
41.0
26.75,26.75,26.5,26.5,26.5,26.25,27.25,27.25,27.0,26.5,27.0,26.5,26.75,26.5,27.0,27.5,26.5,26.75,26.5,26.5,27.0,27.0,27.25,26.75,26.25,26.75,26.75,27.0,28.0,28.5,28.0,27.75,26.75,27.25,27.0,27.0,27.0,27.75,27.75,27.0,27.0,27.0,27.75,27.0,26.5,27.0,26.25,26.0,26.75,27.25,26.5,27.0,26.5,26.5,26.25,26.25,26.5,26.5,26.25,26.5,26.0,26.0,25.5,26.25
42.0
26.75,27.25,27.0,26.75,27.0,26.75,27.25,28.25,26.75,27.0,26.5,27.0,27.25,27.0,27.0,27.75,27.0,26.5,27.0,26.5,27.0,27.5,27.5,27.25,26.5,27.0,26.5,27.5,28.25,28.5,28.75,27.75,27.25,27.25,27.25,27.25,27.25,28.0,27.5,27.0,27.0,27.25,27.75,27.25,26.75,27.0,26.5,26.0,27.0,26.75,26.5,26.5,26.75,26.5,26.25,26.25,27.0,26.75,26.5,26.75,27.0,26.5,26.25,26.75
43.0
26.75,27.25,27.0,26.75,27.0,26.75,27.25,28.25,26.75,27.0,26.5,27.0,27.25,27.0,27.0,27.75,27.0,26.5,27.0,26.5,27.0,27.5,27.5,27.25,26.5,27.0,26.5,27.5,28.25,28.5,28.75,27.75,27.25,27.25,27.25,27.25,27.25,28.0,27.5,27.0,27.0,27.25,27.75,27.25,26.75,27.0,26.5,26.0,27.0,26.75,26.5,26.5,26.75,26.5,26.25,26.25,27.0,26.75,26.5,26.75,27.0,26.5,26.25,26.75
44.0
26.5,27.25,26.5,26.5,26.75,26.75,27.5,27.75,26.75,26.75,26.75,26.75,27.5,26.5,26.75,27.5,27.25,26.75,27.0,26.5,26.75,27.75,27.5,27.5,26.75,27.25,26.75,27.0,28.0,28.25,28.25,27.5,27.0,27.75,27.25,27.5,27.25,28.0,27.5,27.0,26.75,27.25,28.0,27.25,26.75,26.75,26.75,26.5,26.75,27.0,26.5,26.75,26.5,27.0,26.0,26.25,26.5,26.75,26.75,26.5,26.25,26.25,26.5,26.75
45.0
26.75,26.75,26.5,27.0,26.75,26.75,27.25,27.5,26.5,27.25,27.0,26.5,26.75,26.5,27.25,27.75,27.25,26.5,26.75,26.75,27.25,27.5,27.25,27.25,27.0,27.0,26.75,27.25,28.25,28.25,28.25,27.75,27.5,27.5,27.5,27.25,27.25,28.0,27.5,27.0,27.0,27.5,27.75,27.5,26.5,26.75,26.5,26.25,26.75,27.25,27.0,26.25,26.5,26.5,26.5,26.0,26.25,27.0,26.5,26.75,26.75,26.5,26.25,26.5
46.0
26.75,27.0,27.0,26.75,26.75,26.5,27.5,27.75,27.25,26.75,27.0,26.75,27.25,26.75,26.75,27.75,27.25,26.5,26.75,26.75,27.0,27.25,27.75,27.0,26.5,27.0,26.75,27.25,28.0,28.25,28.25,27.25,27.0,26.75,27.5,27.25,27.0,27.75,28.0,26.75,27.25,27.0,27.25,27.25,26.5,27.0,26.75,26.5,27.25,27.25,26.75,26.5,26.75,27.0,26.0,26.0,26.5,26.75,26.75,26.25,27.0,26.25,26.25,26.25
47.0
26.25,26.75,26.75,26.5,26.5,26.25,26.75,28.0,26.75,26.75,26.25,26.75,26.5,26.25,26.75,27.5,27.25,26.5,26.75,26.25,26.75,27.25,27.0,26.75,26.25,26.75,26.75,27.25,28.25,28.0,28.5,27.25,26.75,27.5,27.0,27.25,27.25,27.75,27.75,27.0,26.75,27.5,27.75,26.75,26.75,27.0,26.25,26.5,26.75,27.25,26.25,26.5,26.5,26.5,26.0,26.0,26.0,26.25,26.5,27.0,26.25,26.0,25.75,27.0
48.0
26.5,27.75,27.0,26.75,26.5,26.5,27.5,28.0,26.75,26.75,26.75,26.75,27.25,27.0,26.75,27.75,27.0,27.25,26.75,27.0,27.0,27.25,27.25,27.75,27.0,26.75,26.5,27.25,28.25,28.5,28.75,27.5,27.75,27.0,27.0,27.0,27.0,27.75,27.5,27.0,27.0,27.0,27.75,27.25,26.75,27.0,26.75,26.25,27.25,27.25,27.0,26.5,27.0,26.5,26.25,26.0,26.75,26.5,26.5,26.25,26.5,26.5,26.25,26.75
49.0
26.5,26.75,26.75,26.5,26.75,26.75,27.25,28.0,26.75,26.5,26.5,26.75,26.5,26.5,26.5,27.75,27.25,27.0,27.0,26.75,26.75,27.75,27.5,27.5,26.75,27.0,26.75,27.25,28.0,28.25,28.75,27.5,27.25,27.0,27.5,27.25,27.25,28.0,27.25,26.75,27.0,26.75,27.25,27.25,26.75,26.75,26.0,26.5,27.25,27.25,27.0,26.25,26.75,26.75,26.5,26.25,26.75,26.5,27.0,26.5,26.0,26.0,26.25,27.0
50.0
26.5,27.0,26.75,26.75,26.75,26.25,27.5,28.0,27.0,27.0,26.5,26.75,26.75,27.0,27.0,27.75,27.0,27.0,27.0,26.25,27.25,27.0,27.25,27.25,26.75,26.75,26.75,27.25,28.5,27.75,28.75,27.5,27.25,27.5,27.0,27.25,27.25,27.75,27.25,26.75,27.5,27.0,27.75,27.25,26.75,27.0,26.5,26.5,27.0,27.25,27.0,26.75,26.75,27.25,26.5,26.75,26.75,26.75,26.5,26.75,26.75,26.5,26.0,27.25
51.0
26.5,27.0,27.0,27.25,27.25,27.25,27.25,28.25,26.75,27.0,26.5,26.5,27.25,26.75,27.0,27.0,27.0,26.75,26.75,26.75,27.25,27.75,27.5,27.5,26.5,27.0,27.0,27.0,28.25,28.25,28.75,27.5,27.25,27.25,27.25,27.0,27.25,27.75,27.75,26.75,27.0,27.25,27.75,26.75,26.5,27.0,26.5,26.25,27.0,27.25,26.75,26.5,26.75,26.25,26.25,26.25,26.5,26.25,26.5,26.75,26.5,26.5,25.75,27.0
52.0
26.75,27.0,27.0,26.75,27.0,26.25,27.25,27.75,27.0,27.0,26.5,27.0,27.25,26.5,27.25,27.0,27.0,26.5,26.75,26.75,27.0,27.5,27.0,27.5,26.75,27.0,26.75,27.5,28.0,28.75,29.0,27.25,27.25,27.0,27.25,27.0,27.25,28.25,27.25,27.0,27.0,27.25,27.75,27.5,26.75,27.0,26.5,26.0,26.75,26.75,26.75,26.75,26.75,26.75,26.25,26.25,26.75,26.75,26.25,26.75,26.25,26.25,26.0,26.75
53.0
26.75,27.25,26.75,26.25,26.5,26.5,27.25,27.75,27.25,27.0,26.75,26.5,27.25,26.5,27.5,27.25,26.5,26.5,27.0,26.5,26.75,27.0,27.0,26.5,26.75,26.75,26.5,26.75,28.5,28.25,28.25,27.25,27.25,27.25,27.0,27.0,27.0,27.75,27.75,27.0,27.25,27.0,27.25,27.0,26.5,26.75,26.5,26.0,27.0,26.75,26.5,26.75,26.75,26.75,26.0,25.75,26.75,26.25,26.75,26.5,26.25,26.5,25.75,26.75
54.0
26.5,27.0,27.0,26.75,26.5,26.5,27.5,28.0,27.0,26.75,26.5,26.75,27.0,27.0,27.5,27.0,27.0,26.5,26.5,26.25,26.75,27.5,27.5,27.25,26.75,27.25,26.75,27.0,28.25,28.25,28.75,27.5,27.5,27.25,27.25,26.75,27.0,27.75,27.75,27.0,27.5,27.25,27.75,27.0,26.5,26.75,26.5,26.25,27.25,27.0,26.75,26.5,26.75,26.75,26.5,26.25,26.25,27.0,27.0,26.75,26.5,26.5,26.0,26.5
55.0
27.0,27.25,26.75,26.5,26.25,26.5,27.75,28.25,26.75,26.75,27.25,26.5,27.0,27.0,27.5,26.75,26.5,26.25,27.0,26.75,26.75,27.5,27.25,27.0,26.25,27.0,27.0,27.25,28.5,28.25,28.75,27.75,26.75,27.25,27.5,26.75,27.25,27.75,27.75,27.0,27.25,27.25,27.5,27.25,27.0,26.75,26.75,26.25,27.0,27.25,26.75,26.5,27.25,26.75,26.0,26.75,26.5,26.75,26.5,26.5,26.5,26.25,26.0,26.75
56.0
26.75,27.25,27.0,26.5,27.0,27.0,27.25,28.0,27.0,27.0,26.75,26.5,27.25,26.5,28.0,26.75,27.25,26.75,27.5,26.5,26.75,27.25,27.0,27.0,26.75,27.0,27.0,27.5,28.25,28.25,28.5,27.75,27.75,27.0,27.25,27.25,27.25,28.0,27.75,27.0,27.25,27.5,27.75,27.5,26.5,27.5,26.5,26.0,27.25,27.25,26.5,26.75,26.75,26.75,26.5,26.5,26.75,26.5,26.25,26.5,26.5,26.25,26.0,26.5
57.0
26.5,27.0,26.5,26.75,26.5,26.5,27.5,28.25,27.0,26.75,27.25,26.75,26.75,26.75,27.5,27.25,27.25,26.25,26.25,26.25,27.0,27.25,27.25,27.0,26.5,27.0,26.75,27.25,28.25,28.25,28.25,27.5,27.0,27.0,27.5,27.25,27.0,27.75,27.5,27.0,27.25,27.25,28.0,27.25,26.5,26.75,26.25,26.0,26.75,27.0,26.25,26.5,26.75,26.5,26.25,26.5,26.5,26.75,26.75,26.75,26.75,26.5,26.0,27.0
58.0
26.5,27.0,26.75,26.0,26.75,26.25,27.75,27.5,27.0,26.5,26.75,26.5,27.0,26.75,27.25,26.75,26.5,26.75,26.5,26.5,27.0,27.5,26.75,27.25,26.5,27.0,27.0,27.0,28.0,28.0,28.5,27.25,27.0,27.25,27.0,27.25,27.0,28.0,27.5,26.75,26.75,27.0,27.5,27.25,26.5,26.75,26.25,26.25,26.75,26.75,26.5,26.25,26.75,26.5,26.0,26.25,26.25,25.75,26.5,26.75,26.5,26.0,25.75,26.25
59.0
26.5,27.0,26.75,27.0,27.0,27.5,28.0,27.75,27.0,26.75,26.75,26.5,26.75,27.25,27.75,26.75,27.0,26.75,27.0,26.5,27.0,27.75,27.25,27.0,26.75,27.0,26.5,27.25,28.25,28.5,28.75,27.75,27.25,27.5,27.0,27.0,27.0,27.5,27.5,27.25,27.75,27.25,27.75,27.0,27.25,27.0,26.0,26.0,27.0,27.25,26.75,26.5,27.0,26.5,26.0,26.0,26.75,26.75,26.75,26.25,26.5,26.0,25.75,26.25
60.0
26.5,27.0,26.75,27.0,27.0,27.5,28.0,27.75,27.0,26.75,26.75,26.5,26.75,27.25,27.75,26.75,27.0,26.75,27.0,26.5,27.0,27.75,27.25,27.0,26.75,27.0,26.5,27.25,28.25,28.5,28.75,27.75,27.25,27.5,27.0,27.0,27.0,27.5,27.5,27.25,27.75,27.25,27.75,27.0,27.25,27.0,26.0,26.0,27.0,27.25,26.75,26.5,27.0,26.5,26.0,26.0,26.75,26.75,26.75,26.25,26.5,26.0,25.75,26.25
