1.0
27.5,27.25,27.5,26.75,27.0,26.75,27.5,27.5,27.0,26.75,27.0,26.5,26.75,26.75,26.75,26.75,27.25,27.0,27.0,27.0,27.0,26.75,27.0,26.25,27.25,28.0,28.5,27.75,27.0,26.75,26.75,27.0,27.5,29.0,29.0,27.75,26.75,27.0,26.5,27.0,27.25,28.75,29.0,27.25,27.0,26.75,26.5,25.75,27.25,27.5,26.75,27.0,26.75,26.75,26.0,26.5,26.5,26.75,26.5,27.0,26.5,26.25,26.25,26.25
2.0
26.5,26.5,26.75,26.5,27.0,27.0,27.0,27.25,27.0,26.5,26.75,27.0,26.5,26.5,26.75,26.75,26.75,26.75,27.0,27.0,26.75,26.75,27.0,26.5,27.0,28.25,28.25,27.75,26.75,26.5,26.5,26.75,27.5,28.75,28.75,27.5,26.75,27.25,26.75,26.75,28.0,28.75,28.75,27.5,27.0,26.75,26.5,25.75,27.0,27.0,26.5,26.0,26.75,26.25,26.0,26.0,26.5,26.5,26.75,26.5,26.0,26.25,26.0,26.25
3.0
27.25,27.5,26.75,26.75,26.75,27.5,27.5,27.75,27.25,27.0,26.75,27.0,26.75,26.5,26.75,26.75,27.0,27.0,27.0,26.75,27.0,27.25,26.5,27.0,27.0,28.5,28.5,28.0,26.75,26.25,26.75,26.25,28.0,29.0,29.25,27.5,26.75,26.75,27.25,26.25,27.75,28.75,28.75,27.25,26.75,27.0,26.25,26.25,27.0,27.75,27.0,27.0,26.5,26.5,26.0,26.0,26.5,27.25,26.75,26.75,26.0,26.0,26.0,26.5
4.0
26.75,27.0,26.75,26.5,26.75,26.5,27.5,26.75,26.75,27.0,27.0,26.5,27.0,26.75,26.75,26.75,27.25,26.75,27.0,26.75,26.5,26.5,26.5,26.5,27.0,28.25,28.5,27.25,26.25,26.5,26.5,26.75,27.5,29.0,28.75,27.5,27.0,26.75,26.75,26.75,27.75,28.75,28.75,27.25,26.25,27.0,26.0,26.0,27.0,27.25,26.5,26.75,26.75,26.5,26.25,26.0,26.5,26.5,26.75,26.75,26.75,25.75,25.75,26.5
5.0
26.75,27.25,27.25,26.75,26.75,26.5,27.25,27.25,27.25,27.25,27.0,27.0,27.0,26.5,26.5,26.5,27.75,27.0,27.0,26.75,26.5,26.75,26.75,26.75,27.25,28.75,28.5,27.5,27.0,26.25,26.75,26.75,28.0,29.0,29.0,27.75,26.75,27.0,26.5,27.25,27.5,28.75,28.5,27.75,27.0,26.75,26.5,26.0,27.25,27.75,27.0,27.0,26.75,26.75,26.25,26.0,26.5,26.5,26.5,26.5,26.25,26.0,25.5,26.5
6.0
26.75,27.0,26.75,26.75,27.0,26.75,27.5,27.25,26.75,26.5,27.0,27.0,26.75,26.75,26.25,26.25,27.0,27.0,27.0,26.5,26.75,26.75,26.25,26.5,27.25,28.0,28.25,27.5,26.75,26.75,26.5,26.75,27.5,28.75,29.0,27.5,27.0,27.0,26.75,26.5,27.75,28.25,28.75,27.25,26.5,27.0,26.25,25.75,27.0,27.25,26.5,26.75,26.75,26.5,26.25,26.25,26.5,26.5,26.75,27.25,26.25,25.75,26.25,26.5
7.0
26.25,26.75,26.75,26.0,26.75,26.5,27.0,27.0,26.75,26.75,26.5,26.5,26.5,26.5,26.25,26.0,27.0,26.75,27.0,26.75,26.5,26.75,26.25,26.5,26.75,28.25,28.0,27.75,26.75,26.5,26.5,26.75,27.5,29.0,28.75,27.5,26.5,26.5,26.5,26.5,27.0,28.25,28.5,27.0,26.75,26.75,26.0,25.75,26.75,27.25,26.75,26.25,26.25,26.25,26.0,25.75,26.0,26.0,26.5,26.5,26.75,26.0,26.0,26.5
8.0
27.25,27.25,27.25,27.0,26.75,26.5,27.0,27.5,27.0,26.75,26.75,26.75,27.25,26.75,26.75,26.5,27.0,27.0,27.0,27.0,26.75,27.0,27.0,26.5,27.25,28.25,28.5,27.75,27.0,26.75,26.75,27.25,27.75,29.0,29.25,27.75,27.0,27.0,26.75,26.5,27.5,28.5,29.0,27.25,26.25,26.75,26.5,25.75,27.0,27.0,27.0,26.25,26.75,26.5,26.25,26.5,27.0,26.75,27.0,27.0,26.5,26.0,26.0,26.5
9.0
27.25,27.0,26.25,26.5,27.0,26.75,27.25,27.5,27.5,26.75,26.75,26.5,26.75,26.5,26.5,26.0,26.75,27.0,27.5,26.75,27.0,27.0,26.75,26.75,26.75,28.25,28.25,27.5,26.75,26.25,26.25,26.75,27.75,29.0,29.25,27.5,27.0,26.75,26.75,26.5,27.5,28.5,28.75,27.25,26.5,26.25,26.0,25.75,26.75,27.5,27.0,26.75,26.75,26.75,26.0,26.25,26.5,27.0,26.5,26.75,26.25,26.0,26.5,26.5
10.0
26.5,27.0,27.25,26.75,26.75,26.75,26.75,27.25,26.5,27.0,26.75,26.75,27.0,26.5,26.5,26.5,27.25,26.75,26.75,26.5,27.0,27.0,26.5,26.25,27.0,27.75,28.5,27.75,26.75,26.5,26.75,26.25,27.75,29.0,28.75,27.75,26.75,27.0,26.5,26.75,27.5,28.5,29.0,27.25,26.5,26.5,26.0,25.5,26.75,27.0,27.0,26.5,27.0,26.75,26.0,27.0,26.25,26.5,26.75,26.25,26.25,26.0,26.0,26.5
11.0
27.0,27.5,26.75,26.75,26.5,26.5,27.5,26.75,27.25,27.0,27.0,26.75,26.75,26.5,26.75,26.75,27.5,28.25,27.5,27.25,27.0,26.75,26.5,27.25,27.25,29.5,28.75,27.5,26.75,26.25,26.5,26.75,27.25,28.5,28.75,27.0,26.75,26.75,26.75,26.25,27.0,27.75,27.75,27.25,26.25,26.75,26.25,25.75,26.75,27.0,26.5,26.5,26.75,26.25,26.25,26.0,26.0,26.25,26.5,26.25,25.75,26.0,26.0,27.0
12.0
27.0,27.5,26.75,26.75,26.5,26.5,27.5,26.75,27.25,27.0,27.0,26.75,26.75,26.5,26.75,26.75,27.5,28.25,27.5,27.25,27.0,26.75,26.5,27.25,27.25,29.5,28.75,27.5,26.75,26.25,26.5,26.75,27.25,28.5,28.75,27.0,26.75,26.75,26.75,26.25,27.0,27.75,27.75,27.25,26.25,26.75,26.25,25.75,26.75,27.0,26.5,26.5,26.75,26.25,26.25,26.0,26.0,26.25,26.5,26.25,25.75,26.0,26.0,27.0
13.0
27.25,27.25,27.0,27.0,26.5,26.5,27.5,27.25,27.0,27.25,27.0,26.75,26.5,26.5,26.25,26.5,27.25,28.75,27.5,26.75,26.75,27.0,26.5,26.5,27.25,29.0,29.0,27.25,27.0,26.5,26.0,26.75,27.25,28.5,28.25,27.25,26.75,26.75,26.25,26.5,27.25,27.5,27.75,27.25,26.25,26.75,26.5,26.0,26.5,27.0,27.0,26.25,26.5,26.25,26.25,25.75,26.25,26.25,27.0,27.0,26.25,25.75,25.75,26.75
14.0
26.5,27.0,27.0,26.75,26.75,26.5,26.75,27.0,27.0,27.75,27.25,26.5,26.75,26.25,26.5,26.75,27.5,29.0,27.5,26.75,27.25,26.75,26.75,26.5,27.0,29.25,29.0,27.25,26.25,26.25,26.75,26.25,27.5,28.25,28.75,27.25,26.75,26.75,26.0,26.5,27.0,27.5,28.25,27.25,26.25,26.25,26.5,26.0,26.75,27.0,26.75,26.25,26.25,26.5,25.75,26.0,25.75,26.25,26.0,26.5,26.25,26.5,25.75,25.75
15.0
27.0,27.5,26.5,26.75,27.5,26.75,27.25,27.5,27.25,28.5,27.5,27.0,27.0,27.0,26.25,26.75,27.5,29.0,28.0,27.0,26.5,26.5,26.25,26.5,27.25,29.5,29.25,27.0,26.25,26.5,26.75,26.75,27.25,28.75,28.25,27.5,26.75,26.5,26.5,26.75,27.0,27.5,27.75,27.25,26.5,26.5,26.25,26.0,26.75,27.0,27.0,26.5,26.5,26.75,25.75,25.75,27.0,26.5,26.5,26.75,26.25,26.5,25.75,26.75
16.0
27.25,27.25,27.25,26.5,26.75,26.0,27.0,27.0,27.75,28.5,27.0,27.0,26.75,26.75,26.5,26.5,28.0,29.25,28.75,27.0,27.0,27.25,26.25,26.25,27.5,29.25,28.75,27.75,26.25,26.25,26.25,26.5,28.0,28.5,28.0,27.25,26.5,27.25,26.75,26.5,27.0,27.75,28.25,27.5,26.75,27.0,26.5,26.0,27.25,27.0,26.75,26.5,26.75,26.25,26.0,25.75,26.5,26.5,26.25,26.75,26.25,26.25,25.5,26.5
17.0
27.0,28.0,27.25,26.75,26.75,26.75,27.5,27.0,27.5,29.0,27.0,27.25,26.75,26.5,26.5,26.75,29.0,29.75,28.5,26.25,26.75,26.5,26.25,26.5,27.75,29.5,28.75,27.25,26.5,26.5,26.5,26.75,28.0,29.0,28.25,27.25,26.75,26.75,26.75,26.75,27.5,27.75,28.0,27.25,26.75,26.75,26.75,26.0,26.75,27.0,26.75,26.5,26.75,26.5,26.0,26.0,26.5,26.25,26.75,26.5,26.25,26.25,25.5,26.5
18.0
27.25,27.75,27.25,26.25,26.75,26.5,27.5,27.25,28.0,29.0,27.0,27.0,27.0,26.75,26.5,26.5,29.25,29.25,28.75,26.75,26.5,26.75,26.0,26.5,28.75,29.25,28.75,27.25,26.5,26.75,26.5,26.5,27.75,28.75,28.25,27.25,27.0,26.75,26.5,26.5,27.25,27.0,28.0,26.75,27.25,26.75,26.5,26.0,27.0,26.75,26.5,26.25,26.75,26.25,26.0,26.25,26.5,26.5,26.75,26.5,26.25,26.0,25.75,26.5
19.0
27.75,27.25,26.75,26.5,26.75,26.25,26.75,26.75,29.0,28.0,27.0,26.5,26.5,26.5,26.25,26.25,29.5,29.5,28.25,26.25,26.75,27.0,26.5,26.5,28.75,29.25,28.75,26.75,26.5,26.5,26.5,26.75,28.25,28.75,28.25,27.0,26.5,27.0,26.5,26.5,27.25,27.5,28.0,27.0,26.5,26.5,26.0,25.75,26.75,27.25,26.5,26.75,26.25,26.25,26.25,25.75,26.25,26.25,26.5,26.75,26.0,25.75,26.0,27.25
20.0
28.0,27.25,27.0,26.5,26.75,26.25,27.0,26.75,29.0,28.0,27.25,27.0,26.75,26.5,26.25,27.0,29.75,29.25,28.0,26.5,26.75,27.0,26.75,26.75,29.0,29.25,28.5,27.25,26.5,26.5,26.5,26.5,28.5,28.75,28.25,27.25,26.75,26.5,26.5,26.75,27.25,27.5,27.75,27.5,26.5,27.0,26.0,25.75,27.0,27.25,26.25,26.5,27.25,26.25,25.75,26.5,26.0,26.75,26.75,27.25,26.0,26.5,26.25,26.5
21.0
26.5,27.25,27.5,28.5,28.25,27.0,27.25,27.5,27.5,27.5,29.0,29.75,28.25,26.5,26.75,26.5,27.25,27.5,29.0,29.5,28.5,26.5,26.75,26.25,26.25,27.25,29.0,28.0,27.0,26.25,26.75,26.5,27.0,27.25,28.0,27.0,27.25,27.0,26.75,26.75,27.25,27.25,28.0,26.75,26.5,26.75,26.25,25.75,27.0,26.75,26.5,26.25,26.75,26.25,26.0,25.5,26.5,26.75,26.75,26.75,26.5,26.5,26.0,26.25
22.0
27.25,26.75,27.25,27.25,27.5,26.25,27.5,26.5,26.5,27.0,27.0,28.5,28.75,26.75,26.75,26.5,26.75,26.75,28.0,28.75,29.5,27.75,26.5,26.5,26.5,26.75,28.25,28.5,27.0,26.25,26.25,26.25,27.0,27.25,27.25,27.0,26.5,26.5,26.25,26.75,27.25,27.0,28.0,26.75,26.5,26.25,26.5,25.5,26.75,26.75,26.5,26.25,26.75,26.75,25.75,25.75,26.5,26.0,26.0,26.5,26.0,25.75,25.5,27.0
23.0
27.25,26.75,26.5,27.0,27.0,27.25,27.25,27.25,26.75,27.0,26.75,27.0,28.75,28.0,27.0,26.5,27.0,27.0,27.75,28.5,29.0,28.25,27.0,26.75,26.75,27.0,28.25,28.5,28.25,26.75,26.75,26.5,27.25,27.5,27.5,27.0,27.0,26.75,26.75,26.75,27.0,27.5,28.0,27.0,26.75,27.0,26.0,26.25,27.0,27.0,26.5,26.5,26.5,26.25,26.25,26.25,26.5,26.5,26.0,26.25,26.25,26.0,25.75,26.5
24.0
26.75,27.0,27.0,26.5,27.0,26.5,27.75,27.5,26.5,26.5,27.0,27.25,27.25,28.25,27.0,26.5,27.5,26.75,27.5,28.0,28.5,28.75,27.5,26.5,27.0,26.5,28.0,28.0,28.25,27.0,26.75,27.25,27.0,27.5,27.0,26.75,27.25,26.75,26.75,26.5,27.0,27.5,28.0,27.25,26.75,27.0,26.5,26.25,27.0,27.25,26.5,26.5,26.75,26.25,25.75,26.0,26.5,26.75,26.5,26.5,26.0,25.75,26.0,27.0
25.0
27.25,26.75,27.25,26.5,26.75,26.75,27.25,27.25,27.0,26.5,26.75,27.0,27.25,28.0,28.0,26.75,27.0,26.5,27.0,27.75,28.0,29.5,28.0,26.5,26.5,27.0,27.5,27.75,28.0,27.75,27.25,27.0,27.25,27.0,27.25,27.0,26.75,27.0,27.0,26.5,27.0,27.25,27.75,27.25,26.5,26.75,26.0,26.0,26.5,27.25,26.75,26.5,27.0,26.75,26.25,26.5,26.5,26.5,26.25,26.5,26.25,25.75,26.0,26.75
26.0
26.25,27.0,26.5,26.25,26.75,26.5,27.5,27.5,27.0,26.75,26.75,26.75,27.0,26.75,28.0,26.0,27.0,26.5,26.75,27.75,28.0,28.75,28.25,27.0,26.75,27.0,27.0,27.75,27.5,27.75,27.5,26.5,27.0,27.0,27.25,26.5,26.75,27.0,27.0,26.5,27.0,27.25,27.5,27.25,26.75,26.75,26.5,25.75,26.25,26.75,26.5,26.5,26.75,26.5,26.0,26.0,27.25,26.5,26.0,26.75,26.0,26.0,25.75,26.5
27.0
26.25,26.25,26.5,26.25,26.25,26.75,27.0,27.25,26.5,26.25,26.25,26.5,27.0,26.75,27.0,26.75,26.5,26.75,26.75,26.75,28.0,28.0,29.0,26.75,26.5,26.75,26.75,27.25,27.75,27.75,27.5,26.75,26.75,27.0,27.5,26.25,26.75,27.25,26.5,26.75,26.75,27.0,27.75,26.5,26.5,26.75,26.0,25.75,26.5,26.5,26.5,26.0,26.25,26.75,26.0,25.5,26.0,26.0,26.0,26.5,26.5,25.75,25.75,26.0
28.0
27.25,26.5,27.25,26.5,27.0,27.25,27.0,27.25,26.75,26.5,26.75,27.0,26.75,27.0,27.0,26.5,27.25,26.5,26.75,27.25,28.0,28.5,28.75,27.75,26.75,27.0,27.0,27.75,28.0,28.25,28.25,27.0,26.75,26.75,27.0,26.75,27.0,27.25,26.75,27.0,27.5,27.0,28.0,27.0,26.75,26.75,26.5,25.75,26.75,27.0,26.75,26.25,26.25,26.75,26.0,26.5,26.5,26.25,26.25,26.25,26.0,26.0,26.25,26.75
29.0
26.75,27.25,27.0,26.75,27.25,26.25,27.0,28.0,26.75,26.5,26.75,26.75,27.0,26.75,27.25,26.75,27.25,26.75,26.75,27.25,28.0,27.75,28.75,27.75,27.0,26.75,27.25,27.5,27.25,28.25,28.0,27.0,27.0,27.25,27.0,26.75,27.0,27.25,26.75,27.0,26.75,27.5,27.75,27.0,26.5,26.5,26.0,26.0,26.5,26.75,26.25,26.25,26.5,26.5,26.0,26.0,26.25,26.5,26.25,26.75,26.25,26.25,25.5,26.0
30.0
27.25,26.75,26.75,26.75,26.75,26.75,27.25,27.5,26.5,26.75,26.75,26.75,27.5,27.0,26.75,27.0,27.25,27.0,26.75,27.5,28.0,28.25,28.5,28.0,26.5,27.0,27.25,27.5,27.25,28.0,28.0,27.25,27.0,26.75,27.75,27.0,27.0,27.0,26.75,26.75,27.0,27.25,27.5,27.25,26.5,26.75,26.5,26.25,26.75,27.25,26.5,26.75,26.75,26.5,26.25,26.25,26.0,26.25,26.75,26.75,26.25,26.0,25.75,26.5
31.0
26.75,27.5,27.0,27.25,26.5,26.75,27.25,27.0,27.0,26.75,26.5,26.75,27.25,26.5,26.75,26.25,27.0,26.5,26.5,26.75,28.0,27.5,28.25,27.75,27.0,26.5,27.0,27.5,27.25,28.0,28.0,27.25,27.0,27.0,27.0,27.0,26.75,27.0,26.75,26.5,27.25,27.25,27.75,26.75,26.5,26.75,26.0,26.0,27.25,26.75,26.25,26.75,26.5,26.5,25.75,26.5,26.0,26.75,26.5,26.75,26.25,25.75,25.75,27.0
32.0
26.75,26.75,27.25,26.75,26.75,26.5,27.0,27.0,26.75,26.75,27.0,26.75,26.75,27.0,26.5,26.75,26.5,26.5,27.0,27.0,28.0,27.5,28.25,28.25,26.75,26.75,26.75,27.5,27.5,27.5,28.0,26.75,27.0,27.0,27.0,27.0,26.25,27.0,26.5,26.75,27.0,27.5,27.5,27.25,26.75,26.5,26.25,25.75,26.75,27.25,26.25,26.5,26.25,26.5,26.0,26.0,26.0,26.75,26.75,26.5,26.25,26.25,25.75,26.75
33.0
26.75,27.25,27.25,26.75,26.25,26.75,27.0,27.0,27.25,26.75,26.5,26.75,26.75,26.5,26.75,26.5,26.75,27.0,26.75,26.75,28.0,27.5,28.5,28.25,26.75,27.0,27.0,27.75,27.5,27.5,27.75,26.75,27.0,26.75,27.5,27.0,27.0,27.0,27.0,26.25,27.0,27.25,27.5,27.0,26.25,27.0,26.25,26.25,27.0,26.75,26.5,26.5,27.0,26.25,26.0,26.0,26.75,26.5,26.5,26.75,26.25,25.75,25.5,26.75
34.0
26.5,26.75,27.0,26.25,27.0,26.5,27.25,26.75,26.5,26.5,26.75,26.5,26.5,26.25,26.25,26.5,27.0,26.75,26.5,26.5,28.0,27.5,28.25,28.0,26.75,26.5,26.75,27.5,27.25,27.75,27.75,26.75,27.0,26.75,26.25,26.75,26.75,26.5,26.25,26.25,27.0,27.0,27.75,26.5,26.75,26.25,26.0,26.0,26.75,26.5,26.5,26.5,26.75,26.5,26.0,26.25,26.5,26.25,26.25,25.75,25.75,26.25,25.25,26.5
35.0
26.5,27.0,26.5,26.75,26.75,26.75,27.0,27.25,27.0,27.0,27.0,27.0,26.75,27.0,26.5,26.5,27.25,26.75,27.0,27.0,28.0,27.5,28.0,28.0,26.75,27.0,27.0,27.5,27.5,28.0,27.75,26.75,27.25,26.75,27.25,26.75,26.5,26.75,26.75,26.75,27.25,27.25,27.75,27.0,26.5,27.0,26.0,25.75,26.75,27.0,26.5,26.5,26.75,26.5,26.0,26.5,26.25,26.25,26.5,26.5,26.0,26.0,26.0,26.25
36.0
26.5,27.25,27.0,27.0,26.5,27.0,27.0,27.25,26.5,27.0,26.75,26.75,27.0,26.25,26.75,26.75,27.0,26.25,27.0,26.5,27.75,27.75,28.5,28.0,26.5,26.5,26.5,27.5,27.25,28.0,28.25,27.0,27.0,27.25,27.25,27.0,26.75,26.5,26.5,26.75,27.0,27.5,27.75,27.25,26.5,26.5,26.25,26.0,27.25,26.75,26.5,27.0,26.5,26.25,26.75,25.75,26.5,26.5,26.5,26.25,26.25,26.0,26.0,26.5
37.0
26.75,27.0,26.5,26.5,27.0,26.5,27.5,27.25,26.25,26.75,26.5,26.75,27.0,26.75,27.0,27.0,27.25,26.75,27.25,27.0,28.0,27.75,28.25,28.5,26.75,26.75,27.0,27.5,27.5,28.0,28.25,26.75,27.0,27.0,27.5,27.25,26.75,27.0,26.75,26.5,27.0,27.75,27.75,27.0,26.75,27.0,26.5,26.25,26.75,27.25,26.75,26.25,26.5,27.0,26.0,26.5,27.0,26.5,26.5,26.75,26.5,26.0,26.0,26.5
38.0
27.0,27.25,27.25,26.75,26.5,26.75,27.25,27.25,26.75,27.0,26.75,27.0,26.5,26.75,27.0,27.0,27.0,27.0,26.75,27.0,27.75,27.75,28.25,28.0,26.5,26.75,27.0,27.75,27.25,28.0,28.75,27.0,27.0,27.0,27.5,26.5,26.75,27.0,26.75,26.75,27.25,27.5,27.75,27.25,26.5,26.75,26.5,25.75,27.0,27.0,26.5,26.5,26.5,26.75,26.25,26.0,26.5,26.25,26.5,26.75,26.25,26.25,26.0,26.25
39.0
26.5,26.75,26.75,26.5,26.5,26.0,26.75,27.0,26.75,26.5,26.75,26.75,26.5,26.5,26.5,26.0,26.75,26.75,26.25,26.75,28.0,27.25,28.5,28.0,26.5,26.25,26.75,27.5,27.25,27.5,28.0,26.5,27.25,26.75,27.0,26.5,27.0,26.5,26.75,26.5,26.75,26.5,27.25,26.75,26.25,26.75,26.25,25.75,26.25,26.5,26.5,26.25,26.5,26.5,26.0,25.5,26.0,25.75,26.0,26.25,26.0,26.0,25.5,25.75
40.0
26.5,27.0,26.75,26.75,26.5,26.75,27.5,27.0,27.25,26.75,26.75,26.75,27.25,26.75,26.5,27.0,27.0,27.0,26.75,26.75,28.0,27.75,28.0,28.5,26.75,27.0,27.0,27.5,27.75,28.0,28.0,27.0,27.0,27.25,27.25,27.0,27.0,27.0,27.0,27.25,27.0,27.25,27.5,27.0,26.75,26.75,26.25,25.75,27.0,26.75,26.5,26.5,26.5,26.5,26.0,26.5,26.25,27.0,26.5,26.75,26.5,25.75,25.75,26.75
41.0
26.25,26.75,27.25,26.5,26.5,26.5,27.0,27.0,26.75,27.0,27.25,27.0,27.0,26.75,26.5,26.75,27.0,26.5,26.5,26.5,28.0,27.75,28.25,27.75,26.75,26.75,27.0,27.5,27.25,27.5,28.25,26.75,27.5,27.25,27.25,26.5,26.75,26.75,26.5,26.5,27.25,27.25,27.25,27.25,26.25,26.75,26.25,26.5,26.75,27.0,26.5,26.0,26.75,26.25,25.75,26.25,26.5,26.75,26.5,26.0,26.0,26.0,25.5,26.75
42.0
26.25,26.75,27.25,26.5,26.5,26.5,27.0,27.0,26.75,27.0,27.25,27.0,27.0,26.75,26.5,26.75,27.0,26.5,26.5,26.5,28.0,27.75,28.25,27.75,26.75,26.75,27.0,27.5,27.25,27.5,28.25,26.75,27.5,27.25,27.25,26.5,26.75,26.75,26.5,26.5,27.25,27.25,27.25,27.25,26.25,26.75,26.25,26.5,26.75,27.0,26.5,26.0,26.75,26.25,25.75,26.25,26.5,26.75,26.5,26.0,26.0,26.0,25.5,26.75
43.0
26.25,27.25,27.0,26.5,26.5,26.75,27.25,27.25,27.0,26.5,26.75,27.0,27.0,27.0,26.75,26.5,27.25,27.0,27.0,26.75,28.0,27.5,28.5,28.0,26.5,26.5,27.0,27.5,27.25,27.75,28.0,27.0,27.25,27.25,27.0,26.75,26.75,26.75,26.5,27.0,27.5,27.25,27.5,27.0,26.25,26.75,26.5,25.5,26.75,27.25,26.5,26.25,26.5,26.5,26.0,26.0,26.25,26.5,26.5,26.5,26.5,26.0,26.0,26.5
44.0
26.5,27.25,26.75,26.75,26.75,26.75,27.0,26.75,27.0,26.5,26.75,27.0,26.75,27.0,26.75,26.75,27.0,26.75,27.5,26.75,28.5,27.75,28.75,28.25,26.5,26.75,27.0,27.5,27.25,27.75,27.75,27.25,27.25,27.0,27.5,26.5,26.75,26.75,26.75,27.0,27.0,27.25,28.0,26.75,26.75,26.5,26.25,26.5,26.75,27.25,27.0,26.25,26.75,26.25,26.0,26.0,26.25,26.5,26.25,26.0,26.5,26.25,25.75,26.5
45.0
26.75,27.0,26.5,26.5,26.5,26.25,27.5,27.25,26.5,26.75,26.5,26.5,27.0,27.25,26.75,26.5,27.25,26.75,26.75,26.75,28.0,27.5,28.5,27.75,26.0,27.0,27.0,27.25,27.25,27.75,28.0,26.75,27.0,26.75,27.0,26.75,26.5,27.0,26.75,26.75,27.25,27.25,27.75,27.0,26.75,26.5,26.0,25.75,27.0,26.75,26.5,26.25,27.0,26.25,25.75,26.25,26.5,26.0,26.5,26.0,26.25,26.0,26.25,26.25
46.0
26.25,27.0,26.0,26.5,26.25,26.5,27.0,27.25,26.25,26.5,26.25,26.75,27.0,26.5,26.5,26.75,26.5,26.5,26.75,26.75,27.75,27.5,28.25,27.75,26.5,26.75,26.5,27.5,27.25,28.0,28.0,26.75,27.0,26.75,27.25,26.25,26.75,26.75,26.75,26.25,27.0,26.75,27.5,27.25,26.5,26.25,26.0,26.0,26.0,26.5,26.5,26.25,26.5,26.25,25.75,26.0,26.0,25.75,25.75,26.25,26.0,25.75,25.25,26.25
47.0
27.0,27.25,27.0,26.25,27.0,26.5,27.5,26.75,27.0,26.5,26.5,26.5,27.0,26.75,27.25,26.5,27.0,26.25,27.25,26.75,28.25,27.25,28.25,27.75,26.5,27.25,26.5,27.75,27.25,27.75,27.5,27.0,27.25,27.25,27.0,26.5,27.0,26.75,26.75,26.75,26.5,26.5,27.75,27.0,26.5,26.25,26.25,26.0,27.0,27.0,26.5,26.25,26.5,26.5,26.0,25.75,27.25,26.5,26.5,26.75,26.0,26.0,25.75,26.25
48.0
26.5,26.75,27.0,26.25,26.75,26.5,27.25,27.0,27.0,26.5,26.5,27.0,27.0,26.5,26.75,27.0,26.75,27.0,26.75,26.75,28.25,28.0,28.25,28.25,26.75,27.0,27.0,27.75,27.5,27.75,28.0,27.25,26.75,27.0,27.25,26.5,27.25,26.75,26.75,26.5,27.25,26.75,27.75,27.0,26.5,26.75,26.25,25.5,26.75,27.0,26.5,26.25,26.5,26.5,26.25,26.0,26.5,26.75,26.25,26.75,26.75,26.25,26.0,26.25
49.0
26.5,27.0,26.75,26.5,26.5,26.75,27.0,27.5,26.75,26.75,26.5,26.75,27.0,26.5,27.0,26.75,26.5,26.75,26.5,26.75,27.75,27.75,28.5,28.0,26.25,26.5,26.75,27.25,27.25,27.75,27.75,26.75,27.0,26.75,27.0,26.75,26.75,26.5,26.75,26.5,26.75,27.0,27.5,27.0,26.5,26.75,26.0,25.75,27.25,26.75,26.5,26.5,26.5,26.0,25.5,26.25,26.25,26.25,26.25,26.75,26.0,26.0,25.75,26.25
50.0
26.5,26.5,26.25,26.25,26.5,26.25,27.0,27.0,26.5,26.75,26.75,27.0,27.0,26.5,26.5,26.25,26.5,26.5,26.75,26.75,27.75,27.5,28.25,28.0,26.25,26.5,26.75,27.0,27.0,27.75,27.75,27.0,27.0,27.25,26.75,26.75,26.25,26.75,26.5,26.5,26.75,26.75,27.5,27.0,26.5,26.75,26.25,25.75,27.0,26.5,26.25,26.5,26.75,26.5,26.25,26.0,26.5,26.25,26.5,26.0,26.25,25.75,26.0,26.0
51.0
26.0,26.5,26.75,26.5,26.5,26.25,27.0,27.0,26.0,26.5,26.5,26.75,26.75,26.5,26.5,26.75,27.25,26.5,26.5,27.0,27.75,27.5,28.25,28.0,26.25,26.75,26.75,27.25,27.25,27.5,28.0,26.75,26.75,26.75,27.25,26.75,26.0,26.5,26.5,26.25,26.75,27.0,27.75,26.75,27.0,26.5,26.25,25.75,26.75,27.0,25.75,26.25,26.75,26.5,25.5,26.0,26.5,26.5,26.5,27.25,26.5,26.0,26.0,26.75
52.0
26.0,26.5,26.75,26.5,26.75,26.25,26.75,27.0,26.0,26.5,26.25,26.25,26.5,26.5,26.75,25.75,26.5,26.25,26.75,26.5,27.75,27.25,28.25,27.75,25.75,26.5,26.0,27.25,26.5,27.75,28.25,27.0,26.75,26.5,27.0,26.5,26.75,26.5,26.5,26.75,26.25,27.0,27.75,26.75,26.25,26.25,26.0,25.75,26.5,26.5,26.25,26.25,26.5,26.25,25.5,25.75,25.75,26.0,25.75,26.75,26.0,26.0,25.25,26.25
53.0
26.5,27.25,26.25,26.25,26.25,26.25,27.0,27.25,26.75,26.75,26.5,26.75,27.0,26.75,26.75,26.75,27.0,26.75,26.75,27.0,28.0,27.75,28.25,28.0,26.25,26.25,26.5,27.25,27.5,27.75,27.75,27.25,27.25,27.0,26.5,26.5,26.75,26.75,26.75,26.75,26.75,27.0,27.75,27.0,26.5,26.75,26.25,26.0,27.0,27.25,26.5,26.5,26.75,26.5,26.5,26.25,26.5,26.75,26.75,26.5,26.0,26.0,25.75,26.25
54.0
26.25,27.0,26.75,26.5,26.25,26.5,27.25,26.75,26.75,26.5,26.25,26.75,27.0,26.25,26.75,26.75,26.5,26.0,26.75,26.75,28.0,27.5,28.5,27.75,26.25,26.75,26.5,27.5,27.25,27.5,28.0,26.75,27.0,26.75,26.75,26.75,26.5,26.75,26.25,26.5,27.0,27.0,27.5,27.0,26.5,26.75,26.25,26.0,26.5,26.75,26.5,26.75,26.5,26.75,25.75,25.75,26.75,26.5,26.75,26.0,26.5,25.75,25.75,26.5
55.0
26.5,27.25,26.75,26.75,26.75,26.75,26.75,27.0,26.25,26.5,26.75,27.0,26.75,26.5,26.75,26.5,26.5,26.75,27.0,27.0,28.0,27.5,28.5,28.25,26.5,26.75,26.75,27.25,27.25,27.75,28.0,26.75,27.25,26.75,27.25,26.5,26.75,26.75,26.5,26.5,26.75,27.0,27.25,27.5,26.75,26.75,26.0,25.75,26.75,26.5,26.0,26.25,26.5,26.25,26.0,26.25,26.25,27.0,26.5,26.0,26.5,26.25,25.75,26.25
56.0
26.75,27.25,26.75,26.25,27.0,26.5,27.25,27.5,26.75,26.5,26.75,26.25,26.5,26.5,26.5,26.75,26.75,26.0,26.5,26.75,27.5,27.75,28.25,28.0,26.75,26.25,27.0,27.5,27.0,27.5,28.0,27.0,27.0,26.75,26.75,26.5,26.75,26.5,26.5,26.75,27.0,27.0,27.25,27.0,26.5,26.5,26.25,26.0,26.75,26.5,26.5,26.0,26.5,25.75,26.0,25.75,26.25,26.25,26.25,26.25,26.0,25.75,25.75,26.5
57.0
26.5,26.5,26.5,26.25,26.5,26.0,27.0,27.25,26.75,26.75,26.25,26.75,26.75,26.25,26.25,27.0,26.5,26.25,26.0,26.75,27.5,27.0,28.0,27.75,26.0,26.25,26.25,27.25,26.75,27.75,27.75,26.75,26.75,26.75,26.25,26.5,26.5,26.25,26.25,26.75,26.75,27.0,27.25,26.75,26.25,26.25,26.0,25.5,26.25,26.5,25.75,26.0,26.75,26.25,26.0,25.75,26.25,26.0,26.25,26.25,26.25,26.0,25.5,26.5
58.0
26.0,27.5,26.5,26.25,26.25,26.25,27.0,27.25,26.75,26.5,26.25,26.5,26.75,26.5,26.5,26.5,27.0,26.5,26.5,26.75,28.0,27.25,28.5,28.0,26.75,26.25,26.75,27.5,27.5,27.75,27.75,26.75,27.5,26.75,27.0,26.5,26.75,27.0,26.75,26.5,26.75,26.75,27.75,27.0,26.75,26.75,26.25,26.25,26.75,26.75,26.25,26.5,27.0,26.75,26.25,26.5,26.25,26.5,26.25,26.75,26.25,26.25,26.25,26.75
59.0
26.5,27.0,27.25,26.5,26.5,26.5,27.0,27.0,26.75,26.5,26.5,26.5,26.75,26.75,26.75,26.75,27.0,26.5,26.25,27.0,28.0,27.5,28.0,27.75,26.75,26.75,26.75,27.5,27.25,27.5,28.0,26.75,27.0,26.75,26.75,27.0,26.75,27.0,26.75,26.75,27.0,26.75,27.75,26.5,26.5,27.0,25.75,26.25,26.75,26.75,26.5,26.75,26.25,26.25,25.75,26.25,26.75,26.0,26.0,26.25,26.0,26.5,25.75,26.25
60.0
26.5,27.0,27.25,26.5,26.5,26.5,27.0,27.0,26.75,26.5,26.5,26.5,26.75,26.75,26.75,26.75,27.0,26.5,26.25,27.0,28.0,27.5,28.0,27.75,26.75,26.75,26.75,27.5,27.25,27.5,28.0,26.75,27.0,26.75,26.75,27.0,26.75,27.0,26.75,26.75,27.0,26.75,27.75,26.5,26.5,27.0,25.75,26.25,26.75,26.75,26.5,26.75,26.25,26.25,25.75,26.25,26.75,26.0,26.0,26.25,26.0,26.5,25.75,26.25
