1.0
26.25,26.25,27.0,26.5,26.25,26.25,27.0,27.5,27.0,26.75,26.5,26.5,26.25,27.0,26.75,27.5,26.5,27.0,26.5,26.75,26.25,26.5,26.75,26.5,27.0,27.0,26.75,26.5,26.5,26.25,26.5,26.25,28.25,29.0,28.25,26.5,26.25,26.75,26.25,26.5,27.75,28.75,28.5,26.5,26.5,26.75,26.25,25.5,27.25,27.5,27.0,26.5,26.75,26.75,26.0,26.25,26.75,26.25,26.5,26.25,26.25,25.75,26.5,26.75
2.0
26.25,27.0,26.75,26.5,26.75,26.75,27.25,27.5,26.5,26.75,26.5,26.5,26.25,26.25,27.0,27.5,26.75,26.75,26.5,26.5,26.5,26.25,26.75,26.5,26.75,27.25,27.0,26.5,26.75,26.5,26.5,26.5,28.0,28.5,28.25,26.5,26.5,27.0,26.25,26.75,28.0,28.25,28.75,27.0,26.5,26.5,26.0,26.0,27.0,27.5,26.75,26.5,26.5,26.5,26.0,26.25,26.25,26.5,26.5,26.25,26.25,25.75,25.75,27.0
3.0
26.0,26.75,27.0,26.25,26.5,26.5,27.0,27.0,26.75,26.75,26.25,26.5,26.25,26.5,26.75,27.5,27.0,26.75,26.75,26.5,26.25,26.5,27.0,26.75,26.75,27.25,27.25,26.25,26.75,26.25,26.25,26.75,28.25,28.5,28.25,26.75,26.5,27.0,26.25,26.75,27.75,28.75,28.75,27.25,26.75,27.0,26.25,26.25,26.75,27.0,26.75,26.75,26.5,26.5,26.0,26.0,26.0,26.75,26.25,26.25,26.25,26.25,26.25,26.25
4.0
26.5,27.0,26.75,26.5,26.5,26.25,26.75,27.25,26.5,26.5,26.25,26.5,26.75,26.25,26.75,27.25,27.0,26.25,26.5,26.5,26.25,26.5,26.5,26.25,26.75,27.0,26.75,26.25,26.0,26.0,26.0,26.25,28.25,28.5,28.5,26.75,26.25,26.75,26.25,26.5,27.25,28.5,28.75,26.75,26.25,26.75,26.25,25.5,26.75,26.75,26.75,26.25,26.5,26.25,25.75,26.0,26.0,26.25,26.0,25.75,26.25,26.25,25.75,26.25
5.0
26.75,27.5,26.75,26.5,26.0,26.75,27.25,27.25,26.75,27.0,26.5,26.75,26.75,26.25,27.0,27.25,27.0,26.75,26.75,26.5,26.75,26.75,26.75,26.75,26.75,27.25,26.75,26.75,26.75,26.5,26.5,26.75,28.25,28.5,28.25,26.75,26.5,26.75,26.25,26.75,27.75,28.75,28.5,27.25,26.5,26.75,26.25,26.0,26.5,27.0,26.5,26.25,26.5,26.75,26.0,26.0,26.75,26.25,26.75,26.5,26.5,26.25,26.0,26.75
6.0
26.5,26.75,26.75,26.5,26.75,26.75,27.25,27.75,26.75,26.5,26.25,26.25,26.5,26.25,27.0,27.0,27.0,26.5,26.5,26.5,26.25,26.5,26.75,26.5,26.75,27.25,26.75,26.5,26.75,26.25,26.25,26.0,28.25,28.25,28.5,27.0,26.75,26.75,26.75,26.5,28.0,28.5,28.75,27.0,26.5,26.0,26.0,26.0,26.75,27.25,27.0,26.5,26.5,26.75,26.25,26.0,26.75,26.0,26.5,26.75,26.5,26.25,26.0,26.25
7.0
26.25,26.5,26.5,26.75,26.25,26.5,26.5,27.5,26.25,26.75,26.75,26.5,26.75,26.25,27.0,27.25,27.0,26.75,26.5,26.5,26.25,26.5,26.25,26.5,26.5,27.5,27.0,26.25,26.5,26.75,26.25,26.75,28.5,28.75,28.25,27.0,26.75,26.75,26.5,26.5,27.75,28.75,28.75,27.0,26.5,26.75,26.25,26.0,27.0,27.5,26.25,26.75,26.5,26.75,26.25,26.5,26.5,26.5,26.75,27.0,26.5,26.0,25.5,26.25
8.0
26.5,27.0,26.5,26.75,26.5,26.5,27.0,27.5,26.75,26.5,26.5,26.5,26.5,26.5,26.75,27.5,26.75,26.25,26.75,26.5,26.75,26.75,26.25,26.25,27.0,27.5,27.0,26.75,26.5,26.5,26.75,27.0,28.25,28.5,28.0,27.0,26.5,26.5,26.0,26.75,28.0,29.0,29.0,27.25,26.75,26.75,26.25,26.0,27.0,27.5,26.75,26.5,26.25,26.25,26.0,26.25,26.75,26.25,26.75,26.25,26.5,26.5,25.75,26.5
9.0
26.0,26.5,26.5,26.25,26.25,26.5,26.75,27.0,26.75,26.75,26.5,26.5,26.75,26.75,26.5,27.5,26.5,26.25,26.5,26.25,26.25,26.25,27.0,26.0,26.5,26.75,27.0,26.5,26.5,26.25,26.25,26.5,28.5,28.5,28.0,26.75,26.5,26.5,26.25,26.25,27.75,28.75,28.5,27.0,26.5,26.75,26.5,25.75,27.5,27.0,26.5,26.25,26.25,26.25,25.75,26.0,26.25,26.75,26.5,26.75,26.25,25.75,26.25,26.0
10.0
26.5,26.75,26.5,26.75,26.25,26.5,27.25,27.25,26.75,26.75,26.75,26.75,27.25,26.75,26.75,27.25,27.0,26.75,26.75,26.5,27.0,26.75,26.75,26.5,26.75,27.25,27.0,26.25,26.25,26.25,26.5,26.5,28.25,28.75,28.25,26.75,26.75,26.5,26.5,26.75,27.75,29.0,28.5,27.0,26.75,27.0,26.25,26.0,27.0,27.75,26.5,26.25,27.0,26.75,26.25,26.25,26.5,26.5,26.75,26.25,26.25,26.25,25.75,26.75
11.0
26.75,26.5,26.25,26.5,26.25,26.5,26.75,27.25,26.5,26.5,26.75,26.5,26.75,25.75,26.5,27.0,26.25,26.5,26.5,26.25,26.5,26.75,26.75,26.75,26.5,27.75,27.0,26.5,26.25,26.0,26.25,26.75,27.75,29.0,28.25,27.0,26.5,26.5,26.5,26.0,27.25,28.5,28.5,27.25,26.5,26.75,26.0,26.0,26.75,27.25,26.5,26.25,26.5,26.5,26.25,26.0,26.5,27.0,26.25,26.75,26.25,26.0,26.25,25.75
12.0
26.75,26.75,26.5,26.5,26.75,26.5,27.25,27.25,26.75,27.0,27.25,26.75,26.5,26.75,26.75,27.0,27.0,26.5,27.25,26.5,26.25,26.25,26.75,26.5,27.5,28.25,27.5,27.0,26.5,26.25,26.5,26.5,28.0,29.0,28.25,27.0,26.5,27.0,26.5,26.5,27.5,28.75,28.25,27.25,26.25,26.75,26.25,25.75,27.0,27.25,27.0,26.75,26.75,26.5,26.5,26.0,26.5,26.5,26.5,26.5,26.5,26.0,26.0,26.5
13.0
26.75,27.75,26.75,26.5,26.5,26.75,27.5,27.0,26.5,26.25,26.75,26.5,26.75,26.5,27.0,27.25,27.5,26.75,27.0,26.25,27.0,26.75,26.75,26.5,27.5,28.75,27.25,26.75,26.75,26.5,26.5,26.75,28.0,29.25,28.5,26.75,26.5,26.75,26.5,26.75,27.5,28.25,28.25,27.0,26.5,26.75,26.25,25.75,27.25,27.5,26.75,26.75,26.75,26.75,26.25,26.5,26.5,26.5,26.75,26.5,26.25,26.0,26.0,26.25
14.0
27.0,27.0,26.25,26.5,26.5,26.75,27.5,27.25,27.0,26.75,26.75,26.75,26.5,26.75,26.75,27.5,27.5,27.5,26.75,26.75,26.75,26.75,26.5,27.0,27.25,28.75,27.5,26.75,26.5,26.75,26.75,26.75,27.5,29.0,28.5,27.0,26.75,26.75,26.25,26.5,27.25,28.0,28.0,27.25,26.25,26.75,26.25,26.0,26.75,26.75,26.5,26.25,26.25,26.5,26.25,25.5,26.75,26.75,26.25,26.5,26.25,26.0,26.25,26.75
15.0
27.0,27.0,27.0,26.75,27.0,26.5,27.0,26.75,26.75,27.0,26.75,26.5,27.0,26.5,27.0,27.75,27.25,28.5,27.0,26.5,26.5,26.75,26.75,27.0,27.25,28.75,27.25,26.75,26.5,26.5,26.75,26.75,28.0,29.0,28.75,27.0,27.0,26.75,26.25,27.0,27.0,28.0,28.25,27.25,26.5,26.75,26.0,26.5,27.25,27.0,27.0,26.5,26.75,26.0,26.5,25.75,26.75,26.5,26.75,26.5,26.0,26.5,25.75,26.5
16.0
26.5,26.5,26.5,26.25,26.5,26.5,27.25,27.25,27.0,26.75,27.0,26.25,26.5,26.5,26.75,27.5,27.5,28.25,27.0,26.25,26.25,26.5,26.5,26.5,27.0,29.0,27.5,26.5,26.5,26.0,26.25,27.0,27.75,28.5,28.75,27.0,26.75,26.5,26.5,26.5,27.5,28.0,28.0,27.25,26.5,26.25,26.0,26.0,26.75,27.25,26.5,26.25,26.25,26.5,26.0,25.75,26.75,26.25,25.75,26.5,26.0,26.25,26.0,26.5
17.0
26.75,27.0,26.75,26.75,26.5,26.75,27.5,27.75,27.0,27.5,26.75,26.5,27.0,26.75,26.75,27.25,27.25,28.25,27.25,26.75,26.5,26.5,26.75,26.5,28.0,29.25,28.0,26.5,26.5,26.25,26.5,27.0,27.5,29.0,28.75,27.0,27.0,26.75,27.0,26.75,27.0,28.0,28.0,27.5,26.75,26.5,26.5,26.25,27.25,27.25,26.5,26.25,26.75,26.5,26.5,26.25,26.75,26.75,26.25,26.25,26.5,26.0,26.25,26.0
18.0
26.5,27.5,26.75,26.75,26.5,26.75,27.25,27.75,27.0,27.5,27.0,26.5,26.5,26.5,26.75,27.5,27.5,28.75,27.5,26.75,26.5,26.5,27.0,26.75,27.25,29.25,28.5,26.5,26.0,26.25,26.5,26.5,27.25,28.5,28.25,27.0,26.75,26.75,26.5,26.5,27.5,28.25,28.25,27.0,26.5,26.75,26.25,25.75,26.75,27.25,27.0,26.75,26.75,26.5,26.0,26.25,27.0,26.5,26.75,26.75,26.5,26.25,26.25,26.5
19.0
27.0,27.25,26.75,26.25,26.25,26.5,26.75,27.5,27.0,28.25,27.25,26.5,26.25,26.5,26.75,27.5,27.5,28.75,27.5,26.25,26.75,26.75,26.5,26.75,27.5,29.0,28.5,27.0,26.0,26.5,26.5,26.5,27.75,29.0,28.25,26.75,27.0,26.5,27.25,26.5,27.5,27.75,28.25,27.25,26.5,26.75,26.25,26.0,26.75,26.75,26.5,26.5,26.5,26.5,26.25,26.25,26.75,26.5,26.5,26.75,26.5,26.5,26.0,26.75
20.0
26.75,27.0,27.0,26.75,26.75,26.5,26.75,27.5,27.0,28.25,27.25,26.5,26.75,26.5,26.75,27.5,28.0,29.0,27.5,26.25,26.75,26.75,27.0,26.5,27.75,29.25,28.75,27.0,26.75,26.25,26.5,26.5,28.0,28.5,28.25,27.25,26.75,27.0,26.75,26.5,27.5,28.25,28.0,27.0,26.5,26.75,26.5,25.75,27.25,27.25,26.5,26.25,26.75,26.5,25.75,26.75,26.75,26.75,26.75,26.5,26.25,25.5,26.25,26.0
21.0
27.25,27.5,27.0,26.25,26.75,26.5,27.25,27.0,28.25,28.5,26.75,26.5,26.5,26.5,26.75,27.5,28.5,29.0,28.0,26.5,26.75,26.5,26.75,26.5,28.5,28.75,28.25,26.75,26.75,26.0,26.25,27.0,27.5,28.75,28.25,27.25,26.25,26.75,26.75,26.5,26.75,27.25,28.25,27.25,26.75,27.25,26.5,26.0,26.75,26.75,26.5,26.75,26.5,26.75,26.25,25.75,26.75,26.75,26.5,26.5,26.25,26.0,25.5,26.25
22.0
27.25,27.5,27.0,26.25,26.75,26.5,27.25,27.0,28.25,28.5,26.75,26.5,26.5,26.5,26.75,27.5,28.5,29.0,28.0,26.5,26.75,26.5,26.75,26.5,28.5,28.75,28.25,26.75,26.75,26.0,26.25,27.0,27.5,28.75,28.25,27.25,26.25,26.75,26.75,26.5,26.75,27.25,28.25,27.25,26.75,27.25,26.5,26.0,26.75,26.75,26.5,26.75,26.5,26.75,26.25,25.75,26.75,26.75,26.5,26.5,26.25,26.0,25.5,26.25
23.0
27.25,27.5,26.75,26.5,26.5,26.5,26.75,27.0,27.75,28.0,27.0,26.75,26.5,26.25,26.75,27.0,29.0,29.0,28.25,26.75,26.75,26.75,27.0,26.25,27.75,29.25,28.25,26.75,26.5,26.0,26.0,26.5,26.75,28.5,27.75,27.0,26.5,26.75,26.75,26.25,27.0,27.5,27.75,26.75,26.0,26.5,26.0,26.25,27.0,27.0,26.5,26.25,26.5,26.0,25.75,26.0,26.25,26.5,26.0,26.0,26.5,25.75,25.5,26.75
24.0
28.0,27.75,27.0,26.75,26.25,26.75,27.0,27.0,28.5,28.0,27.0,27.0,26.5,26.5,27.25,27.5,29.5,29.25,28.25,26.5,27.0,26.75,26.75,27.0,28.25,29.0,28.5,26.75,26.75,26.25,26.5,26.75,27.25,28.25,28.25,26.75,26.75,26.75,26.75,26.5,27.25,27.75,28.0,27.0,26.5,26.75,26.25,26.5,26.75,27.0,26.25,26.5,26.75,26.5,26.25,26.0,26.75,26.25,26.5,26.5,26.5,26.0,25.75,26.5
25.0
27.75,27.25,27.0,26.5,26.75,26.5,27.25,27.5,29.0,27.5,26.75,26.5,27.0,26.5,27.25,27.75,29.25,29.25,28.25,26.5,27.0,26.75,26.75,26.5,28.0,29.25,28.25,26.75,26.5,26.5,26.75,27.0,27.5,28.25,28.0,27.0,26.5,26.75,26.5,26.25,27.25,27.75,27.75,27.25,26.0,26.5,26.5,25.75,27.0,26.75,26.75,26.5,26.75,26.0,26.25,26.25,26.5,26.25,26.5,26.5,26.0,26.25,26.25,26.25
26.0
28.25,27.25,27.0,26.75,27.0,26.75,27.25,27.75,29.0,27.25,27.0,26.75,27.25,26.5,27.0,27.5,29.25,29.0,28.0,26.25,26.75,27.0,26.25,26.5,28.5,29.0,28.0,26.75,26.5,26.25,26.5,26.5,27.75,28.5,28.25,27.0,26.5,26.75,26.5,26.5,27.25,27.5,28.0,27.5,26.75,26.75,26.5,26.25,27.25,27.0,26.5,26.25,26.75,26.75,25.75,26.25,26.75,26.75,26.0,26.5,26.25,26.25,26.0,26.5
27.0
27.25,27.25,27.25,27.0,26.75,26.5,27.0,27.75,28.75,27.5,26.5,26.75,27.0,26.25,26.5,27.5,29.0,29.0,27.25,26.5,26.75,26.75,26.25,26.5,28.75,28.75,28.0,26.75,26.25,26.75,26.5,26.5,27.0,28.5,28.0,27.25,26.75,27.0,26.75,26.75,27.5,27.5,28.25,27.25,26.75,26.75,26.0,26.0,26.5,27.0,26.5,26.5,26.75,26.25,26.0,26.25,26.5,27.0,26.5,26.5,26.75,26.25,25.75,26.25
28.0
26.5,27.0,26.75,26.5,26.5,26.5,27.0,26.75,27.0,26.75,26.5,26.5,26.5,26.25,26.75,27.0,28.75,28.0,27.0,26.5,26.5,26.5,26.5,26.5,28.25,28.75,28.0,26.5,26.25,26.0,25.75,26.5,27.5,28.25,28.25,27.0,26.25,26.75,26.25,26.5,27.0,27.5,27.75,26.75,27.0,26.25,26.0,25.75,27.0,27.0,26.5,26.0,26.25,26.25,26.0,25.75,26.75,26.0,26.25,26.0,26.0,26.0,25.75,26.25
29.0
26.75,26.75,26.75,27.0,27.0,26.5,27.0,27.25,27.25,27.0,26.5,26.5,26.75,26.0,26.5,27.75,29.25,27.75,26.75,26.75,26.75,26.75,26.75,26.5,28.5,28.75,28.5,26.75,26.5,26.25,26.5,26.25,27.5,28.0,28.25,26.75,26.75,26.5,26.5,27.0,27.25,27.75,28.0,27.0,26.25,26.75,26.5,25.5,26.75,27.0,26.75,26.25,27.0,26.25,26.0,26.25,26.5,26.25,26.5,26.75,26.5,26.25,26.0,26.5
30.0
26.5,27.0,26.5,26.5,26.25,26.25,27.0,27.5,26.5,26.75,26.75,26.5,26.25,26.0,26.5,27.0,28.5,27.25,26.75,26.5,26.5,26.5,26.5,26.25,28.25,28.5,28.75,26.75,26.75,26.75,26.0,26.25,28.0,28.25,27.75,26.75,26.5,26.75,26.25,26.25,26.75,28.0,27.75,27.0,26.5,26.75,26.0,26.0,27.0,26.75,26.25,26.0,26.25,26.0,25.75,26.25,26.5,26.5,26.5,26.5,26.0,26.0,26.0,26.25
31.0
26.5,27.0,26.75,26.25,26.75,26.5,27.75,27.25,27.0,26.5,26.5,26.75,27.0,26.5,26.75,27.75,27.0,27.25,26.75,26.5,26.75,26.5,26.75,26.75,28.25,28.5,27.5,26.5,25.75,26.5,26.5,26.5,27.75,28.0,27.5,26.75,26.5,27.25,26.5,26.75,28.0,28.0,28.0,27.25,26.5,26.75,26.25,25.5,27.0,27.0,26.75,26.25,26.5,26.25,26.0,25.75,26.25,26.25,26.0,26.5,26.25,25.75,26.0,26.5
32.0
27.0,27.0,27.25,26.75,26.75,26.5,26.75,27.25,27.0,26.75,26.5,26.75,26.75,26.25,26.5,27.75,27.5,27.0,26.75,26.25,27.0,26.5,26.5,26.75,28.25,28.5,27.5,26.5,26.5,26.5,26.25,27.0,28.5,28.0,27.5,26.75,26.5,26.75,26.75,26.5,27.25,27.75,27.75,27.25,26.5,27.25,26.25,25.75,26.75,26.5,26.5,26.5,26.75,26.5,26.0,26.0,26.5,26.5,26.5,26.5,26.5,26.0,26.0,27.0
33.0
26.75,27.0,27.0,26.25,26.75,26.5,27.25,27.75,27.0,26.75,26.5,26.5,26.25,26.25,26.5,27.0,27.0,27.0,26.75,26.75,26.5,26.75,26.5,26.5,28.0,28.5,27.75,26.25,26.0,26.25,26.25,26.75,28.25,27.75,28.0,26.5,26.5,26.75,26.5,25.75,27.0,27.0,28.0,27.0,26.25,26.75,26.75,26.25,27.0,26.75,26.5,26.0,26.5,26.25,25.75,26.25,26.5,26.5,26.0,26.5,26.5,26.0,25.5,26.25
34.0
27.0,27.0,26.75,26.25,26.25,26.5,27.25,27.25,27.0,26.5,26.5,26.5,26.5,26.25,27.25,27.5,27.0,26.5,26.5,26.5,26.5,26.75,26.75,26.25,27.5,28.0,27.5,26.5,26.25,26.0,26.25,26.5,28.5,28.25,27.5,26.5,26.5,26.25,26.0,26.0,26.75,27.5,27.5,27.0,26.25,26.75,26.0,25.75,26.5,27.0,26.5,26.25,26.25,26.5,26.25,25.75,26.25,26.25,26.0,26.25,26.0,26.25,25.75,26.0
35.0
26.75,27.0,26.75,26.5,26.75,27.0,27.25,27.5,26.75,27.0,26.5,27.0,26.5,26.5,27.25,27.0,27.25,26.75,27.0,26.5,26.75,27.0,26.75,26.25,28.0,28.5,28.0,26.75,26.75,26.25,26.75,26.5,28.25,28.0,27.5,27.25,26.5,27.0,26.5,26.5,27.5,27.75,28.0,27.0,26.5,26.75,26.25,26.0,27.0,27.0,26.75,26.75,26.5,26.5,25.75,26.75,26.25,26.25,26.5,26.5,26.25,25.75,26.0,26.25
36.0
26.75,27.0,26.75,27.0,26.5,26.75,27.5,27.75,26.75,26.75,26.75,26.5,26.75,26.0,26.5,27.25,27.0,27.25,26.5,26.25,26.5,26.5,26.75,26.25,28.25,28.0,28.0,26.75,26.75,26.25,26.5,27.0,28.25,28.0,27.25,27.0,26.75,26.5,27.0,26.5,27.5,27.5,28.0,27.0,26.75,26.25,26.25,26.0,27.0,27.25,26.5,26.5,27.0,26.75,26.25,25.75,26.25,26.5,26.25,26.5,26.0,25.75,25.75,26.5
37.0
26.75,27.25,27.0,26.25,26.75,26.5,27.25,27.75,27.0,27.0,26.75,26.75,27.0,26.0,27.0,27.5,27.25,26.75,27.25,26.5,26.25,26.75,26.5,27.25,27.75,28.25,27.75,26.75,26.5,26.5,26.0,26.25,27.75,28.0,27.5,26.75,26.75,26.75,26.75,26.75,27.25,27.75,28.0,27.25,26.25,26.75,26.25,25.5,26.5,27.25,26.75,26.75,27.0,26.5,26.25,25.75,26.5,26.5,26.25,26.5,26.5,25.75,26.0,26.5
38.0
26.75,27.25,26.5,26.5,26.5,26.75,27.25,27.25,27.75,27.0,26.5,26.5,26.75,26.0,27.0,27.25,27.75,26.75,27.0,26.5,26.5,27.0,27.0,26.5,27.75,28.5,27.75,27.0,26.25,26.75,26.5,26.75,27.75,28.0,27.5,27.0,26.75,26.5,26.75,26.5,27.25,27.5,27.75,27.25,26.75,26.75,26.25,26.0,27.0,27.0,26.0,26.25,26.75,26.25,26.5,25.75,26.5,26.25,26.75,26.25,26.0,26.25,25.75,26.5
39.0
26.25,26.75,26.5,26.25,26.5,26.75,27.5,27.0,26.5,26.5,26.5,26.5,26.75,26.25,27.0,27.0,27.0,26.25,26.75,26.75,26.5,26.5,26.75,26.5,27.5,28.0,27.5,27.0,26.5,26.0,26.5,26.5,28.25,27.75,27.25,27.0,26.5,26.5,26.5,26.75,27.25,27.0,27.75,26.75,26.75,26.5,26.0,26.0,26.5,26.75,26.25,26.0,26.75,26.75,26.25,26.25,26.5,26.25,26.25,26.5,26.0,25.75,25.75,26.25
40.0
26.25,26.75,26.5,26.25,26.5,26.75,27.5,27.0,26.5,26.5,26.5,26.5,26.75,26.25,27.0,27.0,27.0,26.25,26.75,26.75,26.5,26.5,26.75,26.5,27.5,28.0,27.5,27.0,26.5,26.0,26.5,26.5,28.25,27.75,27.25,27.0,26.5,26.5,26.5,26.75,27.25,27.0,27.75,26.75,26.75,26.5,26.0,26.0,26.5,26.75,26.25,26.0,26.75,26.75,26.25,26.25,26.5,26.25,26.25,26.5,26.0,25.75,25.75,26.25
41.0
26.5,27.0,26.75,26.75,26.75,26.5,27.25,27.25,27.0,26.5,26.5,26.5,27.0,26.25,27.25,27.0,26.75,27.0,27.0,26.0,26.75,27.0,26.25,26.5,27.75,28.0,27.75,26.75,26.5,26.25,26.25,26.75,28.0,28.25,27.5,27.0,26.75,26.75,26.5,26.75,27.25,27.0,28.0,26.75,26.5,26.75,26.5,25.75,26.75,27.0,26.5,26.5,26.5,26.5,25.75,26.25,26.25,26.25,26.0,26.25,26.5,26.25,25.75,26.25
42.0
27.0,27.0,27.0,26.75,26.75,26.5,27.5,27.5,26.75,27.0,26.75,27.0,27.25,26.25,27.0,27.75,27.5,26.75,27.0,26.5,26.75,26.75,27.0,27.0,28.0,28.25,28.0,26.75,26.25,26.25,26.75,26.75,28.0,28.0,27.5,27.0,27.0,26.75,26.5,26.75,27.5,27.75,28.0,27.0,26.5,26.75,26.25,26.5,26.75,27.5,27.0,26.5,26.5,26.75,26.25,26.0,27.25,26.5,26.25,26.5,26.5,26.25,26.0,27.0
43.0
27.0,27.25,27.0,26.5,27.0,26.75,27.5,27.25,27.25,26.75,26.25,26.5,26.5,26.5,26.75,27.75,27.0,27.25,26.75,26.25,26.75,27.0,26.75,27.0,28.0,28.25,28.25,27.0,27.0,26.25,26.75,27.0,28.5,28.0,27.25,27.0,27.0,27.0,26.5,26.75,27.75,27.5,28.0,27.25,26.5,27.0,26.25,26.0,27.0,27.0,26.75,26.75,27.0,26.5,25.75,26.25,26.5,26.5,26.5,26.5,25.75,26.25,26.25,26.25
44.0
26.75,27.25,27.0,26.5,26.75,26.25,27.5,27.25,27.0,27.25,26.75,26.75,27.0,26.75,27.0,27.5,27.5,26.75,27.0,26.75,26.75,27.25,26.75,26.5,28.0,28.25,28.0,27.0,27.0,26.75,26.25,26.5,28.5,28.25,27.25,27.0,26.75,26.25,26.5,26.0,27.75,27.75,27.5,27.0,26.75,26.75,25.75,26.0,27.0,27.25,26.5,26.5,26.75,26.75,26.5,26.5,26.5,26.0,26.25,26.75,26.25,26.25,26.5,26.25
45.0
26.75,26.75,27.0,26.5,26.5,26.75,27.0,27.0,27.25,26.75,26.75,26.75,27.0,26.5,27.25,27.5,27.25,26.75,27.0,26.75,26.75,26.75,27.0,26.5,28.0,28.25,27.75,27.0,26.5,26.75,26.75,26.5,28.25,28.0,27.25,27.25,26.75,26.75,26.75,26.75,27.25,27.75,27.75,27.25,26.5,27.0,26.25,26.5,27.25,27.25,26.5,26.75,27.0,26.5,26.0,26.5,26.75,27.0,26.25,26.75,26.0,26.5,26.5,26.5
46.0
26.5,27.0,27.0,26.0,26.5,26.5,27.0,27.0,26.25,27.25,26.5,26.5,26.5,27.0,26.25,27.0,27.25,26.75,26.75,26.5,26.5,26.5,26.75,26.25,28.25,28.5,28.0,26.5,26.5,26.5,26.75,26.5,28.0,28.25,27.0,26.75,26.75,26.75,26.25,26.25,27.5,27.5,28.25,27.25,26.25,26.25,26.0,25.75,26.75,27.0,26.5,26.75,26.5,26.75,26.25,26.25,26.0,26.5,26.0,26.5,26.25,26.25,26.0,26.75
47.0
26.75,27.0,27.0,26.5,27.0,26.5,27.0,27.25,27.25,27.0,27.0,26.75,27.0,26.5,26.5,27.25,27.0,27.0,27.0,26.75,26.75,26.75,26.75,27.0,27.75,28.25,28.25,26.75,26.25,26.5,26.75,26.75,28.25,28.25,27.25,27.25,26.75,27.0,26.75,26.75,27.0,28.0,28.0,27.75,27.0,27.0,26.5,26.0,26.75,27.0,26.25,26.25,26.75,26.5,25.75,26.5,26.25,26.25,26.5,26.75,26.75,26.25,26.0,26.5
48.0
26.75,26.75,26.75,26.5,26.5,26.5,27.25,27.25,26.75,26.75,27.25,27.25,26.75,26.75,26.75,27.0,27.0,27.0,27.0,26.75,27.25,27.0,27.0,27.25,28.25,28.0,28.0,26.75,26.5,26.25,26.5,26.75,28.25,28.0,27.5,27.0,26.5,27.0,27.0,26.75,27.75,27.75,27.75,27.5,26.75,27.0,26.0,26.0,27.0,26.75,26.5,26.5,26.5,26.5,26.0,26.25,26.5,26.75,26.75,27.0,26.5,26.0,26.0,26.75
49.0
26.75,27.25,26.75,27.0,26.75,26.5,27.5,27.0,26.75,27.0,27.0,26.5,26.25,26.75,26.75,27.0,27.5,26.5,27.25,26.75,27.0,26.75,26.75,27.5,28.0,27.75,28.0,26.75,26.25,26.25,26.75,26.5,28.5,28.0,27.5,27.0,27.0,26.5,26.5,26.75,28.0,28.0,28.0,27.5,26.5,26.75,26.25,26.0,27.0,26.75,26.5,26.75,26.75,26.75,26.5,25.75,26.0,26.25,26.5,26.75,26.25,26.25,25.5,26.75
50.0
27.0,27.25,26.75,26.75,26.5,26.5,26.75,27.25,27.0,26.75,26.75,27.0,27.0,26.25,27.0,27.0,27.5,27.0,27.0,26.75,26.75,26.75,26.75,27.25,28.0,28.5,27.75,27.0,26.5,26.5,26.5,26.75,28.25,28.25,27.5,27.0,26.75,27.25,26.5,26.75,27.5,27.5,28.0,27.0,26.5,26.75,26.5,26.0,27.0,27.0,26.5,27.0,26.75,26.5,26.25,26.25,26.0,26.75,26.5,26.0,26.25,26.0,26.25,26.25
51.0
26.75,27.0,27.0,26.5,27.0,26.75,27.5,27.0,27.25,26.75,26.5,26.75,26.75,26.5,26.75,27.25,27.25,26.75,27.0,26.5,26.75,27.0,27.0,27.5,27.75,28.25,28.0,27.0,26.5,26.5,26.75,27.0,28.5,28.5,27.75,27.25,27.25,27.0,26.75,26.75,27.25,27.25,28.0,27.0,27.0,27.0,26.25,25.75,27.0,27.25,26.75,26.5,26.75,27.0,26.5,26.75,26.75,27.0,26.5,26.75,26.25,26.25,26.0,26.5
52.0
27.0,27.0,27.0,26.75,26.5,26.5,27.25,27.25,27.5,27.25,26.75,26.75,27.0,26.75,26.5,27.5,27.25,26.5,26.75,26.5,26.75,26.5,26.5,27.25,27.75,28.25,28.0,27.0,26.5,26.75,26.75,26.5,28.5,28.25,27.5,27.25,27.0,26.5,26.75,27.0,27.0,27.25,28.0,27.0,26.5,26.75,26.25,26.0,26.5,27.75,26.75,26.75,26.75,26.25,26.25,26.25,26.75,26.5,26.75,26.5,26.25,26.5,25.5,26.75
53.0
26.5,26.75,27.0,26.25,26.75,26.75,27.25,26.75,26.5,26.75,26.5,26.0,27.0,26.5,26.75,26.5,27.0,27.0,26.5,26.5,27.0,26.75,26.75,27.0,28.0,28.5,28.0,27.0,26.75,26.5,26.75,26.75,28.25,27.75,27.5,26.75,26.5,26.5,26.5,26.75,27.0,27.75,28.0,27.25,26.5,26.75,26.25,26.0,26.75,26.75,26.75,26.25,27.0,26.75,26.25,26.25,26.25,26.25,26.5,26.5,26.25,25.5,25.75,26.0
54.0
26.5,27.0,27.0,27.0,26.75,26.25,27.25,27.25,26.75,27.0,27.0,26.25,26.75,26.25,27.0,27.0,27.25,27.25,27.0,27.0,26.75,26.75,27.0,27.25,28.0,28.5,28.0,26.75,26.75,26.25,27.0,27.0,28.25,28.0,27.5,27.0,26.75,26.75,26.75,26.5,27.5,27.5,27.75,27.0,26.75,27.0,26.25,26.25,27.25,27.0,26.75,26.75,26.75,26.25,26.0,26.25,26.75,26.5,26.5,26.75,26.25,26.0,26.0,26.75
55.0
26.5,27.0,26.5,27.0,26.25,26.25,27.5,27.25,26.75,27.0,26.75,26.5,26.75,26.5,27.25,27.25,27.25,26.75,26.75,26.75,26.5,27.5,27.0,27.5,27.5,28.25,27.75,27.0,26.25,26.75,26.75,26.75,28.0,28.0,27.5,27.25,26.75,26.75,26.75,26.75,27.75,27.75,27.75,26.75,26.75,27.0,26.5,26.25,27.25,27.0,27.0,26.25,26.75,26.5,26.25,26.5,26.75,26.5,26.5,26.75,26.25,26.25,25.5,26.25
56.0
27.25,27.0,27.0,26.5,26.5,26.75,27.25,27.0,27.25,27.25,27.0,26.5,26.75,26.75,26.75,27.5,27.25,27.5,27.0,26.25,27.0,26.5,26.75,27.25,28.0,28.0,27.75,27.0,26.75,26.5,26.75,26.75,28.25,28.5,27.75,27.5,27.0,26.75,26.5,26.5,26.75,27.5,27.75,27.25,26.75,27.0,26.5,26.25,27.25,27.25,26.75,26.5,26.5,26.75,25.75,26.75,26.5,26.5,26.5,26.5,26.75,26.5,26.25,26.5
57.0
27.0,27.0,27.0,26.75,26.75,26.25,27.5,27.25,26.75,26.75,26.5,26.5,26.75,26.5,26.75,27.5,27.0,26.5,26.75,26.5,26.75,26.5,26.75,27.25,28.0,28.25,28.0,26.75,26.5,26.5,27.0,26.75,28.0,28.25,27.5,27.5,26.75,26.75,26.75,27.0,27.5,27.5,27.75,26.75,26.75,27.0,26.25,26.0,27.25,27.25,27.0,26.5,27.0,26.75,26.25,26.25,26.5,26.75,26.5,26.75,26.0,26.25,26.25,26.0
58.0
26.5,27.25,27.0,26.5,26.75,26.5,27.5,27.5,27.0,26.75,26.75,26.75,26.75,26.5,26.5,26.75,27.25,26.5,26.75,26.0,26.5,26.5,27.0,27.0,28.0,28.0,28.0,26.75,26.5,26.25,26.5,26.75,28.25,28.5,27.5,27.25,26.75,27.0,26.5,26.75,27.25,27.75,27.75,27.0,26.25,26.5,26.25,26.0,27.0,27.25,26.75,26.75,26.5,26.25,26.25,26.0,26.0,26.25,26.5,27.0,26.0,26.0,25.75,26.25
59.0
26.75,27.0,26.75,27.0,26.75,26.5,27.25,27.25,27.25,26.75,26.75,26.75,26.75,26.5,27.25,27.25,27.0,27.25,26.75,26.75,27.0,27.25,26.75,27.25,28.0,28.25,28.25,26.75,26.5,26.75,27.0,26.75,28.0,28.0,27.5,27.0,26.75,27.0,26.5,26.75,27.5,27.25,28.25,27.5,26.5,26.75,26.25,26.0,27.25,27.25,26.5,26.75,26.75,26.75,26.25,26.75,26.5,26.5,26.75,26.75,26.25,26.25,26.25,26.75
60.0
26.5,27.0,26.75,26.5,27.25,26.5,27.0,27.25,26.75,27.5,26.75,27.0,26.75,26.75,26.75,26.75,27.25,27.25,27.25,26.5,27.0,27.0,26.75,27.25,28.25,28.0,28.0,27.0,26.75,26.25,26.25,26.5,28.25,27.75,27.75,27.0,26.75,27.0,26.75,26.5,27.25,27.25,28.0,27.0,27.0,26.75,26.5,25.75,27.5,27.25,27.0,27.0,26.75,27.25,26.5,26.75,26.75,26.25,26.25,26.75,26.25,25.75,26.0,26.75
