1.0
27.0,27.25,26.5,27.0,26.75,27.0,27.5,27.0,27.0,26.75,27.25,26.75,27.25,26.5,26.75,26.5,27.5,27.0,27.0,26.75,27.0,26.75,27.25,26.5,26.5,27.0,26.5,26.25,26.5,26.25,26.75,26.5,27.0,27.25,26.25,26.25,26.75,26.75,26.75,26.5,27.25,27.25,26.75,27.25,26.75,27.0,26.25,25.75,26.5,27.0,26.5,26.5,26.75,27.0,26.25,26.5,26.5,26.5,26.25,26.75,26.5,26.5,27.5,28.0
2.0
27.0,27.25,26.5,27.0,26.75,27.0,27.5,27.0,27.0,26.75,27.25,26.75,27.25,26.5,26.75,26.5,27.5,27.0,27.0,26.75,27.0,26.75,27.25,26.5,26.5,27.0,26.5,26.25,26.5,26.25,26.75,26.5,27.0,27.25,26.25,26.25,26.75,26.75,26.75,26.5,27.25,27.25,26.75,27.25,26.75,27.0,26.25,25.75,26.5,27.0,26.5,26.5,26.75,27.0,26.25,26.5,26.5,26.5,26.25,26.75,26.5,26.5,27.5,28.0
3.0
27.0,27.0,26.75,26.75,27.25,26.75,27.25,27.25,26.75,26.5,26.75,26.75,26.75,26.5,26.5,26.5,27.0,26.75,26.75,26.25,26.75,26.75,26.5,26.75,26.5,27.0,26.75,26.25,26.5,26.75,26.25,27.0,27.25,27.0,27.0,26.5,26.5,27.0,26.5,26.5,27.0,26.75,27.25,26.5,26.5,26.75,26.5,26.0,27.25,27.0,27.0,26.5,26.75,26.75,26.25,26.25,26.25,26.0,26.75,27.0,26.0,26.25,27.5,27.5
4.0
26.5,26.75,26.75,26.0,26.75,26.5,27.5,26.25,26.25,26.5,26.5,26.75,26.5,26.25,26.5,26.75,27.0,26.25,26.75,26.25,26.5,26.5,26.5,26.0,26.25,26.5,26.5,26.75,26.25,26.0,26.5,26.25,26.75,27.0,26.5,26.75,26.5,26.75,26.75,26.5,26.5,26.5,26.75,26.75,26.5,27.0,26.5,26.5,26.5,26.75,26.5,26.5,26.5,26.5,26.5,26.25,26.0,26.0,26.75,26.0,26.0,26.25,27.5,27.0
5.0
27.0,26.75,27.0,26.5,27.5,26.75,27.25,27.0,27.25,26.75,27.0,27.0,27.25,26.75,26.5,26.25,27.0,26.75,26.75,26.25,26.75,27.0,26.5,26.75,26.5,27.0,26.5,26.25,27.0,26.5,26.75,26.5,26.75,26.5,26.75,26.25,26.75,26.75,26.5,27.0,27.5,27.0,27.25,27.0,26.5,27.0,26.25,25.75,26.5,27.0,26.75,26.5,26.75,26.25,26.5,26.0,26.75,26.75,26.25,26.75,26.75,26.25,27.25,27.5
6.0
26.75,27.0,26.75,26.5,27.5,26.75,27.75,27.25,27.25,27.0,27.0,27.0,26.75,26.75,26.75,26.5,27.0,27.25,26.75,26.5,26.5,27.0,26.5,26.75,26.5,26.75,26.5,26.5,26.75,26.5,27.0,26.5,27.25,27.0,26.75,26.25,27.0,26.75,26.75,26.75,27.5,27.0,27.5,27.0,26.75,26.5,26.5,26.0,26.75,27.0,26.5,27.0,27.0,26.75,26.75,26.25,26.75,26.5,26.0,26.5,26.25,26.5,27.25,27.0
7.0
26.75,27.0,26.5,26.5,26.75,26.5,27.0,27.0,27.5,26.75,26.5,27.25,27.0,26.75,26.5,26.75,27.25,26.5,27.0,27.0,26.5,27.0,26.5,26.75,26.75,27.0,26.5,26.5,26.25,26.75,26.5,26.5,27.0,27.0,27.0,26.5,26.75,27.0,26.75,26.25,27.5,27.0,26.75,26.75,26.5,27.0,26.25,25.75,26.75,27.0,26.25,26.0,26.75,26.5,26.75,26.25,26.5,26.5,26.25,26.5,25.75,26.25,27.5,27.25
8.0
27.25,27.25,27.0,26.5,27.0,26.75,27.0,27.25,27.0,27.0,26.75,26.75,27.0,26.75,26.25,26.5,27.5,26.75,27.0,26.0,27.0,26.5,26.5,26.75,26.5,27.0,27.0,26.0,26.25,26.5,26.5,26.25,27.25,27.0,26.5,26.5,26.5,27.0,26.75,26.5,27.25,27.0,27.0,27.0,26.5,26.75,26.0,25.75,26.5,26.75,26.75,26.0,26.5,26.75,26.5,26.25,27.0,26.5,26.25,26.0,26.5,26.25,27.75,28.0
9.0
27.25,26.75,27.0,26.75,27.0,26.5,27.0,26.75,26.75,26.75,26.25,26.75,26.75,26.0,26.5,26.25,26.5,26.75,26.5,26.5,26.5,26.5,26.5,26.25,26.75,26.5,26.25,26.25,26.5,26.5,26.75,26.25,26.5,26.75,26.75,26.25,26.25,26.5,26.5,26.75,27.25,26.5,27.0,26.75,26.25,26.5,26.5,26.25,26.25,26.25,26.5,26.25,26.5,26.5,26.0,26.0,26.0,26.0,26.5,26.25,26.75,26.0,27.25,27.75
10.0
26.5,27.0,27.0,26.5,27.5,26.5,26.75,27.25,27.0,26.5,27.0,26.75,27.0,27.0,26.75,26.25,27.25,26.5,26.75,26.75,27.0,27.0,26.75,26.5,26.5,27.0,26.75,26.75,26.75,26.5,26.5,26.5,27.0,27.0,26.75,26.25,26.75,27.25,26.75,26.75,26.75,27.0,27.25,26.5,26.25,26.75,26.5,26.25,26.75,27.5,26.5,26.5,26.5,26.5,26.25,26.25,26.5,26.5,25.75,26.5,26.0,26.5,27.5,27.25
11.0
26.25,27.25,26.5,27.0,27.0,27.25,27.25,27.0,27.0,27.0,26.75,27.0,27.0,26.75,26.5,26.75,27.25,26.75,26.75,26.5,27.0,26.75,27.0,26.75,26.75,26.75,27.0,26.5,26.5,26.5,26.75,26.25,27.5,26.25,26.25,26.5,26.5,26.75,26.25,26.5,27.0,27.25,27.25,26.75,27.0,26.75,26.25,26.25,26.5,27.0,26.75,26.75,26.75,27.0,26.5,26.25,27.0,26.75,26.5,26.5,26.5,27.0,27.5,28.25
12.0
27.0,27.0,26.75,26.75,27.0,26.75,26.75,27.0,27.75,26.75,26.5,27.0,27.0,26.5,26.5,26.5,27.25,26.25,27.0,26.5,26.75,27.0,26.75,26.5,26.25,27.0,26.75,26.5,26.75,26.5,26.75,26.75,27.25,27.0,26.75,26.5,26.75,26.75,26.75,26.75,27.25,27.0,26.75,27.0,26.5,27.0,26.5,26.0,27.0,27.25,26.5,26.25,26.5,26.75,27.25,26.75,26.75,26.75,26.25,26.0,26.25,26.25,27.5,28.25
13.0
27.0,27.25,27.0,26.75,27.25,26.75,27.25,27.25,26.75,27.0,27.0,26.75,26.75,26.25,26.5,26.5,27.0,26.75,26.75,26.75,26.75,27.25,27.0,26.75,26.75,26.5,26.75,26.75,26.75,26.5,26.75,27.0,27.5,26.75,26.75,26.5,26.75,26.75,26.5,27.0,27.5,27.25,27.75,27.0,26.75,27.0,26.75,26.25,27.0,27.25,26.5,26.75,26.75,27.0,27.5,27.0,26.75,26.5,26.25,26.5,26.75,26.25,27.0,28.25
14.0
27.0,27.5,27.25,26.5,27.25,26.75,27.5,27.0,27.0,27.0,26.75,26.75,26.75,26.5,26.5,26.25,27.0,26.5,26.75,26.5,26.75,27.0,27.25,26.5,27.0,27.25,26.75,26.5,26.75,26.5,26.5,26.75,27.0,27.0,26.75,26.75,26.75,26.5,26.5,26.5,27.5,26.5,26.5,26.75,26.5,26.5,26.25,26.0,26.75,27.0,26.5,26.75,26.5,27.0,27.5,27.5,26.5,26.5,26.5,26.25,26.75,26.25,27.5,28.25
15.0
26.75,27.0,26.75,26.25,27.25,26.75,26.5,27.0,27.0,26.5,26.75,26.75,27.0,26.25,26.5,26.25,27.0,26.5,27.0,26.5,26.75,26.5,26.75,26.5,26.5,26.5,26.5,26.25,26.75,26.25,26.5,26.25,26.75,26.25,26.75,26.25,27.0,26.5,26.5,27.0,27.0,27.0,26.75,26.75,26.75,26.75,26.5,25.5,26.75,26.75,26.0,26.25,26.75,27.0,27.75,27.0,26.0,26.0,25.75,27.0,26.25,26.5,26.5,28.0
16.0
27.0,27.25,27.0,26.75,27.0,26.75,27.0,27.5,27.25,26.75,27.0,26.75,26.75,26.75,26.5,26.75,27.5,26.75,26.75,26.5,26.5,27.0,26.5,26.5,26.75,27.0,26.75,26.25,26.75,26.5,26.5,26.5,27.25,26.75,26.5,26.75,26.75,26.75,26.75,26.75,27.0,27.5,27.0,27.0,26.25,27.0,26.75,26.25,26.75,26.75,26.25,26.5,26.75,26.75,27.0,27.5,27.0,26.5,27.0,26.5,26.25,26.25,27.0,27.75
17.0
26.75,27.5,26.75,26.5,27.0,26.75,27.5,27.25,26.75,27.0,26.75,26.75,26.75,26.5,26.5,26.25,27.0,26.75,26.75,26.5,27.0,26.75,26.75,26.75,26.5,26.75,26.75,26.5,26.5,26.25,26.5,26.75,27.0,26.75,27.0,26.5,26.5,26.75,26.5,26.75,27.25,26.75,27.0,27.0,26.5,27.25,26.0,26.0,27.0,27.25,27.0,26.5,27.0,26.5,28.0,27.5,26.25,26.5,26.75,26.5,26.75,26.25,26.75,28.5
18.0
27.25,27.0,26.75,26.5,27.0,26.75,27.5,27.25,27.0,27.25,26.75,26.75,27.0,26.5,26.75,26.0,27.25,27.0,27.0,26.75,26.5,26.75,26.25,26.25,26.5,26.75,26.75,26.5,26.0,26.0,26.5,26.75,27.25,26.75,26.75,26.75,27.25,26.75,26.5,26.75,27.25,27.0,27.0,26.75,26.5,27.0,26.5,26.25,26.75,27.25,26.25,26.5,27.0,27.0,27.75,28.0,26.25,26.5,26.25,26.75,26.5,26.25,26.5,27.75
19.0
26.75,27.25,27.0,26.75,27.5,26.75,27.0,27.25,26.75,26.75,27.0,27.25,27.0,26.5,27.0,26.5,27.0,27.0,27.0,26.5,26.75,26.5,26.5,26.75,26.75,26.75,26.75,26.5,26.5,26.75,26.25,26.5,27.0,26.5,26.5,26.25,26.5,26.5,26.75,27.0,27.25,27.25,27.5,26.5,26.5,26.75,26.75,26.5,26.5,27.0,26.25,26.5,27.0,26.75,27.25,28.25,27.0,26.5,26.25,27.0,26.25,26.25,26.5,27.75
20.0
26.75,27.25,27.0,26.75,27.5,26.75,27.0,27.25,26.75,26.75,27.0,27.25,27.0,26.5,27.0,26.5,27.0,27.0,27.0,26.5,26.75,26.5,26.5,26.75,26.75,26.75,26.75,26.5,26.5,26.75,26.25,26.5,27.0,26.5,26.5,26.25,26.5,26.5,26.75,27.0,27.25,27.25,27.5,26.5,26.5,26.75,26.75,26.5,26.5,27.0,26.25,26.5,27.0,26.75,27.25,28.25,27.0,26.5,26.25,27.0,26.25,26.25,26.5,27.75
21.0
27.0,26.5,27.0,26.25,27.0,26.5,27.25,26.75,27.5,27.0,26.5,26.75,26.75,26.25,26.25,26.75,27.25,26.5,26.5,26.5,26.75,26.75,26.75,26.75,27.0,27.0,27.0,26.5,26.75,26.25,26.5,26.75,27.5,26.75,26.5,26.25,27.0,27.0,26.5,27.0,27.5,26.75,27.0,27.0,26.5,27.25,28.0,28.0,26.75,26.5,26.5,26.5,26.75,27.0,26.75,27.5,26.25,26.75,25.75,26.75,26.5,26.25,26.5,27.5
22.0
26.0,26.5,26.5,26.25,27.0,26.25,26.75,27.0,26.5,26.5,26.5,26.75,26.75,26.5,26.25,26.25,26.5,26.0,26.75,26.25,26.5,26.75,26.25,26.25,26.5,26.25,26.5,26.25,26.25,26.5,26.5,26.75,26.75,26.5,26.5,26.25,26.25,26.75,27.0,27.25,26.5,26.5,26.75,26.5,26.5,27.0,28.25,28.0,26.25,26.75,26.5,26.25,26.75,26.75,26.5,26.75,26.0,26.0,26.0,26.0,26.25,26.0,26.25,26.0
23.0
26.5,26.75,26.75,26.75,27.0,26.75,27.25,27.25,26.75,26.5,26.5,27.0,27.25,26.25,26.5,26.5,27.25,26.75,27.0,26.5,26.75,26.5,27.0,26.0,26.75,26.25,26.75,26.5,26.75,27.0,26.75,27.5,27.25,27.0,26.75,26.5,27.0,27.0,27.5,27.75,27.5,26.75,27.0,27.0,26.75,27.0,27.75,28.75,27.25,27.0,26.25,26.25,26.5,26.5,26.25,26.75,26.75,26.5,27.0,26.25,26.25,26.5,26.0,26.5
24.0
27.0,26.75,27.0,26.5,26.75,27.25,27.0,27.5,26.75,27.0,27.0,27.0,27.0,26.75,26.5,26.5,27.25,26.75,26.75,26.5,26.5,27.25,26.75,26.5,26.5,27.0,26.75,26.5,26.5,26.5,26.5,26.75,26.75,26.5,26.5,26.5,26.5,27.0,27.25,27.5,27.25,27.0,27.25,26.75,26.75,27.0,27.75,28.0,26.75,27.0,26.25,26.75,26.75,27.0,26.75,26.75,26.75,26.5,26.5,27.0,26.25,26.25,25.75,27.0
25.0
26.0,26.5,26.75,26.5,27.5,26.5,27.25,27.25,27.0,26.75,27.0,26.75,26.5,26.25,26.25,26.25,27.25,26.25,26.75,26.5,27.0,26.75,27.0,26.75,27.0,26.75,26.5,26.5,26.25,26.25,26.75,26.75,27.25,27.0,27.0,27.0,26.75,27.0,27.5,28.25,27.0,27.0,27.0,27.25,26.5,27.0,27.25,27.25,26.75,27.0,26.25,26.5,26.25,26.5,26.25,26.0,26.25,26.75,26.0,26.5,26.25,25.75,26.0,26.0
26.0
26.75,26.75,26.75,26.75,27.0,26.5,27.0,27.0,26.75,26.75,26.75,26.75,26.75,26.5,27.0,26.25,27.0,26.5,26.5,26.75,27.0,26.75,26.75,26.75,26.25,26.5,26.5,26.5,26.25,26.5,26.5,27.25,27.0,26.75,26.25,26.25,26.75,27.25,27.75,28.75,26.75,27.0,27.0,26.75,26.5,26.75,27.0,26.5,26.75,26.75,26.25,26.25,26.25,26.5,26.25,26.25,26.5,26.0,26.0,26.75,26.75,26.0,26.25,26.5
27.0
26.0,26.5,26.5,26.0,26.75,26.75,27.25,27.25,26.5,26.0,26.25,26.5,26.5,26.5,26.25,26.75,27.25,26.25,26.75,26.25,26.5,27.0,26.5,27.0,26.25,26.5,26.5,26.25,26.5,26.25,26.75,26.75,26.5,26.75,26.25,26.5,26.75,26.75,27.75,28.5,26.75,26.5,26.75,26.25,26.5,26.5,26.5,26.5,26.5,26.5,25.75,26.25,25.75,26.25,26.0,26.0,26.25,25.5,26.0,26.5,25.75,26.25,25.75,26.0
28.0
26.5,27.0,27.0,26.5,27.5,26.75,27.0,27.0,26.75,26.5,26.75,26.75,27.0,26.25,26.25,26.25,27.25,26.5,26.75,26.25,26.25,26.5,26.5,27.75,26.5,26.75,26.5,26.5,26.75,26.75,27.25,28.0,27.25,27.0,26.75,26.25,26.5,27.5,28.0,28.5,27.25,27.0,27.0,26.5,26.5,27.0,26.75,26.5,26.75,27.0,26.25,26.25,26.25,26.5,26.0,26.25,26.5,26.25,26.0,26.75,26.25,26.0,26.0,26.75
29.0
26.25,26.75,26.25,26.0,26.75,26.75,27.25,27.25,26.75,26.5,26.5,27.0,27.0,26.25,26.25,27.25,27.0,26.5,26.5,26.25,26.5,26.75,27.25,28.5,26.5,27.0,26.25,26.25,26.25,26.5,27.0,29.25,27.25,27.0,26.75,26.5,26.5,28.25,28.25,28.5,27.0,26.75,26.25,26.5,26.75,26.75,27.0,26.0,27.0,26.75,26.75,26.5,26.5,26.75,26.25,26.0,26.75,26.5,26.75,26.25,26.5,26.0,26.25,26.5
30.0
26.75,26.75,26.75,26.5,27.5,26.5,27.25,27.0,26.75,26.75,26.5,27.0,26.75,26.5,26.75,28.5,27.0,26.75,26.5,26.5,26.5,26.75,26.5,29.5,26.5,27.0,26.5,26.5,26.75,27.0,28.0,29.0,27.0,26.75,26.5,26.25,27.25,27.75,28.25,27.75,27.0,26.75,26.75,26.75,26.25,27.25,26.75,26.5,27.0,27.25,26.75,26.5,26.5,26.5,26.5,26.75,26.25,26.75,26.5,26.75,26.5,26.25,26.25,27.0
31.0
26.75,26.75,26.75,26.5,27.5,27.5,27.75,27.25,26.25,26.75,26.75,26.75,27.25,28.5,27.75,26.5,27.0,26.5,26.5,26.75,27.0,28.75,28.25,26.75,26.25,26.5,26.5,26.5,27.5,27.5,26.75,26.75,26.5,27.0,26.75,26.75,27.0,27.0,26.5,27.0,27.0,26.75,27.25,26.75,26.25,26.75,26.25,26.0,26.5,26.75,26.5,26.25,26.5,26.5,26.25,26.25,26.5,26.5,26.5,26.5,26.25,26.0,25.75,26.75
32.0
26.5,26.75,27.0,26.5,27.5,27.75,27.25,27.25,27.0,26.75,26.5,26.75,27.25,28.5,27.25,26.5,27.25,26.5,26.75,26.75,27.75,29.0,27.5,26.75,26.75,26.75,27.5,27.5,27.5,27.0,26.75,26.75,27.0,27.0,26.5,26.5,27.0,27.0,26.75,26.5,27.5,26.5,26.75,26.75,26.5,26.75,26.5,26.0,27.0,27.0,26.25,26.25,26.25,26.75,25.75,26.5,26.5,26.25,26.5,26.75,26.25,26.0,26.0,26.5
33.0
26.75,27.0,26.75,26.75,27.25,27.0,27.75,27.25,26.5,26.5,26.75,27.0,27.75,28.5,27.0,26.25,27.25,27.0,27.0,27.0,28.5,28.5,27.25,26.5,26.75,26.75,26.5,26.75,27.25,27.0,26.75,26.75,27.25,26.75,26.5,26.5,26.75,26.75,26.25,26.5,26.75,26.5,27.0,26.25,26.5,26.5,26.0,25.75,27.25,27.0,26.25,26.0,26.0,26.5,26.25,25.75,26.5,26.75,26.5,26.5,26.25,25.75,26.0,26.5
34.0
26.5,26.5,26.75,26.5,28.0,26.75,27.25,27.0,26.25,26.5,26.75,26.75,29.0,27.75,26.75,26.25,27.25,26.5,27.0,27.5,28.5,27.5,27.0,26.0,26.5,26.25,26.25,26.25,27.0,26.75,26.75,26.0,27.25,26.5,26.5,26.5,26.5,26.5,26.5,26.25,27.25,26.5,27.0,26.5,26.75,26.0,26.25,25.5,26.25,26.25,26.5,26.5,26.25,26.25,26.25,26.0,26.25,26.25,26.25,26.5,26.0,25.5,25.5,27.0
35.0
26.75,27.0,26.75,27.25,27.5,26.75,27.5,27.25,26.75,26.5,26.75,27.75,29.0,27.25,26.5,26.75,27.5,26.25,27.0,27.75,28.25,27.25,26.75,26.0,26.75,26.75,26.25,26.75,27.5,26.75,26.25,26.5,26.75,26.5,26.5,26.5,26.75,26.5,26.75,25.75,27.0,26.5,26.75,26.5,26.0,26.5,26.5,26.25,26.5,26.75,26.5,26.25,26.5,26.5,26.25,26.0,26.0,26.25,26.25,26.75,26.25,26.0,26.0,26.0
36.0
26.75,26.75,27.0,27.5,27.75,26.5,27.0,27.25,27.0,26.5,27.25,28.25,28.5,26.75,26.75,26.5,27.25,26.25,27.0,27.5,28.0,26.75,26.75,26.25,26.25,26.75,27.0,26.5,27.75,26.5,26.75,26.5,27.25,26.75,26.5,26.5,27.0,27.0,26.75,26.5,27.25,26.75,27.0,26.5,26.75,26.5,26.5,26.0,26.5,26.75,26.5,26.5,27.0,26.25,26.25,26.0,26.5,26.25,26.25,26.25,26.0,25.5,26.0,27.0
37.0
26.5,27.5,27.5,27.25,27.75,26.75,26.5,27.25,26.75,27.0,27.25,29.0,28.25,27.0,26.5,26.75,27.0,27.0,27.25,28.25,28.0,27.0,26.5,26.5,27.0,26.5,27.0,26.75,27.5,27.0,26.75,26.5,27.25,26.75,27.25,26.25,26.75,26.75,26.5,26.25,27.25,27.0,27.0,26.75,26.75,26.75,26.0,25.75,26.5,26.75,26.75,26.0,26.75,26.75,26.0,26.0,26.5,26.5,26.5,26.5,26.5,26.25,26.0,26.0
38.0
27.0,27.0,27.0,26.75,27.25,26.25,27.25,27.25,27.0,27.0,26.75,28.25,27.75,27.0,26.5,26.5,27.25,26.5,27.25,28.5,27.75,27.0,26.75,26.5,26.5,26.5,27.0,27.5,27.75,27.0,26.5,26.5,27.25,27.0,26.75,26.25,26.75,27.25,26.75,26.5,27.25,27.0,27.0,26.75,26.25,26.25,26.25,26.0,26.75,26.75,26.25,26.25,26.5,27.0,26.0,26.0,26.5,26.75,26.25,26.5,26.5,26.0,26.0,26.75
39.0
26.5,26.5,26.75,26.5,27.0,26.5,27.0,26.75,26.5,26.75,27.25,27.75,27.75,26.75,26.75,26.5,26.75,26.75,27.75,28.5,28.0,27.25,26.75,26.5,26.25,26.5,26.75,27.25,27.5,27.0,26.5,26.25,26.75,27.5,26.75,26.5,26.75,26.75,26.5,26.5,27.0,27.0,26.75,26.75,26.5,26.5,26.25,25.75,26.75,27.0,26.0,26.5,26.5,26.25,26.25,26.25,26.25,26.5,26.25,26.25,26.0,26.0,26.0,27.0
40.0
26.75,27.0,27.0,27.25,27.25,27.25,26.75,27.5,27.0,27.0,27.25,27.75,27.5,26.25,26.75,26.25,27.25,26.75,27.5,28.75,28.0,26.75,26.25,26.25,26.25,26.5,27.0,27.75,27.75,27.25,26.5,26.75,27.0,27.0,26.75,26.25,27.0,26.75,27.0,26.5,26.75,27.0,27.25,27.0,26.25,26.75,26.5,26.0,26.75,26.5,26.25,26.0,26.75,26.0,26.25,26.0,26.0,26.5,26.25,26.5,26.25,26.25,26.0,26.5
41.0
26.5,27.25,26.5,26.75,27.25,26.5,26.5,27.25,27.0,27.0,26.75,27.0,27.0,26.5,26.25,26.25,27.25,26.5,27.75,27.25,27.25,26.75,26.5,26.0,26.5,27.25,27.75,28.5,28.0,26.75,26.5,26.75,27.25,26.75,26.5,26.75,27.0,26.75,26.5,26.5,27.0,26.75,27.0,26.75,26.0,26.5,26.25,25.75,26.75,26.75,26.25,26.5,26.75,26.25,25.75,25.5,26.25,25.75,26.5,26.5,26.25,26.0,26.25,26.5
42.0
27.25,27.0,26.75,26.75,27.75,27.0,27.25,27.5,27.0,27.0,27.0,27.25,27.25,26.5,26.75,26.75,27.25,26.75,28.5,27.75,27.25,27.0,26.75,26.5,26.5,27.25,28.0,28.5,28.0,27.25,26.5,26.25,26.75,27.0,27.0,27.25,27.0,27.0,26.5,27.0,27.0,27.0,27.25,27.0,26.0,27.0,26.25,25.75,26.5,26.75,26.5,26.5,26.25,26.75,26.0,25.75,26.5,26.75,27.0,26.25,26.25,26.5,26.25,26.75
43.0
26.5,27.25,27.25,26.5,26.75,26.75,27.0,27.0,26.5,27.0,27.0,27.0,27.25,26.5,26.75,26.75,27.25,27.25,28.5,27.25,27.25,26.75,27.0,27.0,27.0,26.75,28.75,28.5,28.25,27.25,26.75,27.0,27.25,26.75,27.25,27.25,26.75,27.0,26.75,26.5,27.0,27.0,27.0,27.0,26.25,27.0,26.25,26.0,27.0,27.0,26.5,26.5,26.75,26.75,25.75,25.75,26.75,26.5,26.5,26.5,26.5,26.25,26.0,26.5
44.0
26.75,27.0,27.0,26.25,27.0,26.75,27.25,27.0,27.25,26.75,27.0,27.0,27.0,27.0,26.75,26.75,27.75,27.25,28.25,27.5,27.5,27.0,26.75,26.5,26.5,27.25,28.5,28.75,28.0,27.25,26.25,26.75,27.25,27.25,27.25,27.25,27.25,27.0,27.0,26.5,27.25,27.0,27.25,27.0,26.75,27.25,26.5,26.0,27.25,27.0,26.75,26.5,26.75,26.75,26.25,26.5,26.25,26.5,26.5,26.75,26.5,25.75,25.5,26.5
45.0
26.5,27.0,27.25,26.5,27.5,26.5,27.25,27.0,27.25,27.0,26.75,27.0,27.0,26.75,26.75,26.5,27.0,27.5,28.0,27.0,27.25,27.0,26.5,26.5,26.75,27.25,29.0,28.25,28.0,27.25,26.75,26.75,27.0,26.75,27.5,27.25,27.0,27.0,26.75,26.75,27.0,27.0,27.0,27.25,26.25,26.75,26.25,26.25,26.75,27.0,26.5,26.5,26.75,26.75,26.0,26.0,26.75,26.25,26.75,26.75,26.75,26.0,26.0,26.25
46.0
26.25,26.75,26.75,26.25,27.0,26.25,27.25,26.75,26.75,26.5,26.25,27.0,26.5,26.5,26.0,26.5,27.0,27.5,27.5,26.75,26.75,26.5,26.5,26.25,26.5,27.25,28.0,27.75,28.0,26.75,26.75,26.25,27.0,26.75,27.25,27.0,26.75,26.75,26.25,26.5,27.0,26.75,27.0,26.5,26.25,26.5,26.0,26.0,26.5,26.75,26.25,26.0,26.5,26.25,25.75,26.0,26.0,25.75,26.0,26.0,26.5,26.25,25.75,26.0
47.0
26.5,27.0,26.75,26.5,27.5,26.5,27.0,26.75,27.5,27.5,26.75,27.0,27.25,27.0,26.5,26.75,27.25,27.5,27.25,27.25,26.75,26.75,26.5,27.0,26.5,27.5,28.5,28.75,27.75,27.25,26.75,26.75,27.25,27.0,27.25,27.25,26.75,26.75,26.25,26.5,27.0,27.0,27.25,26.75,26.75,26.5,25.75,26.0,26.75,27.0,26.5,26.25,26.25,26.25,25.5,25.75,26.5,26.5,26.0,26.75,26.5,26.25,26.0,26.5
48.0
26.75,27.0,26.75,26.5,27.25,26.25,27.0,27.0,26.75,27.25,27.0,27.0,27.0,26.25,26.75,26.75,27.5,27.75,27.5,26.5,27.0,27.0,26.5,26.25,26.5,27.5,28.75,28.5,28.0,27.0,27.0,26.5,27.25,27.0,27.25,27.0,26.75,27.5,26.5,26.5,27.25,27.25,26.75,26.75,26.5,26.5,26.0,26.0,27.25,27.0,26.25,26.5,26.0,26.0,25.75,26.0,26.5,26.5,27.0,25.75,26.5,26.25,25.5,25.25
49.0
26.75,27.0,27.0,26.75,27.25,27.0,27.25,27.0,26.75,26.75,26.75,27.25,26.75,26.75,26.75,26.0,27.5,28.25,27.75,27.5,27.25,26.75,26.75,26.25,27.0,28.0,29.0,28.5,28.0,26.75,26.5,26.25,26.75,27.0,27.5,27.25,27.0,26.75,26.5,26.5,27.5,27.25,27.0,27.25,26.75,26.75,26.0,25.75,26.5,27.0,26.5,26.5,26.5,26.25,26.25,26.0,26.25,26.75,26.25,26.25,26.5,26.0,26.25,26.25
50.0
27.0,27.0,27.25,26.75,26.75,26.75,27.25,27.25,27.5,26.75,27.25,26.75,27.0,26.75,26.75,26.0,27.25,27.75,27.5,27.0,27.25,27.0,27.0,26.25,26.75,27.75,28.5,28.5,28.0,27.25,26.75,26.5,27.25,27.25,27.0,26.75,27.25,27.0,26.5,26.5,27.5,27.0,27.0,27.0,26.25,26.5,26.5,26.0,26.75,26.75,26.0,26.5,26.75,26.5,25.75,26.0,26.5,26.25,26.75,26.0,26.25,26.0,26.0,26.25
51.0
27.0,27.0,26.75,26.5,27.0,26.25,27.0,27.5,27.0,26.75,27.0,26.75,26.75,26.5,26.25,26.5,27.25,27.5,27.5,26.75,26.75,27.0,26.5,26.75,26.25,27.5,28.5,28.25,28.0,27.0,26.5,26.5,27.25,27.0,27.0,27.0,27.0,27.0,26.75,26.75,27.25,27.0,26.5,26.75,26.5,26.75,26.25,26.0,26.75,26.5,26.5,26.5,26.75,27.0,26.0,26.25,26.75,26.0,26.75,26.25,26.25,25.75,25.5,26.25
52.0
26.5,26.75,26.75,26.25,26.75,26.0,27.25,27.0,26.5,26.75,26.5,26.75,26.75,26.5,26.25,26.25,27.0,27.5,27.75,26.75,26.75,26.5,26.5,26.75,26.5,27.25,28.75,28.0,28.25,26.75,26.0,26.0,27.0,27.0,27.0,26.75,27.25,26.75,26.5,26.25,27.0,27.0,26.75,26.5,26.0,26.0,26.0,26.0,26.0,26.75,26.0,26.25,26.75,26.25,26.0,26.25,26.25,25.75,26.0,26.5,26.0,25.5,25.75,26.0
53.0
26.75,27.0,26.75,26.75,27.0,26.25,27.25,27.5,26.75,27.0,26.75,27.0,26.75,26.75,26.5,26.0,27.0,27.75,27.75,26.75,27.0,26.75,26.25,26.5,26.75,27.0,28.5,28.5,28.25,26.75,26.5,26.5,27.0,26.5,27.25,27.0,27.0,27.25,26.25,26.5,27.25,26.75,27.25,27.25,26.75,26.5,26.75,25.75,26.75,26.75,26.25,26.5,26.5,27.0,25.75,26.0,26.5,25.75,26.75,26.5,26.5,26.0,25.75,26.75
54.0
26.5,26.75,27.0,26.5,27.5,26.5,27.0,27.0,27.0,27.0,27.0,26.75,26.75,26.25,26.25,26.5,27.25,27.75,27.5,27.0,27.0,27.0,26.75,26.25,26.75,27.25,28.75,28.25,28.0,27.0,26.75,26.75,27.0,27.0,27.0,27.25,27.25,27.0,26.5,26.5,27.0,27.0,27.0,26.75,26.5,26.75,26.25,26.0,26.75,26.75,26.25,26.5,26.5,26.5,26.0,26.0,26.25,26.25,26.25,26.0,26.5,26.25,25.75,26.25
55.0
26.5,26.75,26.75,26.5,27.0,26.75,27.0,27.25,27.25,27.0,27.0,27.0,27.0,26.75,26.5,26.75,27.5,28.0,28.25,27.0,27.0,26.75,26.5,26.75,26.5,27.5,28.75,28.5,28.25,27.0,26.75,26.5,27.0,27.0,27.25,27.25,26.75,27.0,26.75,26.75,27.0,27.0,27.25,27.0,26.5,26.75,26.5,26.0,26.5,27.0,26.25,26.5,26.25,26.75,26.0,26.25,26.5,26.0,26.25,26.25,26.5,26.0,26.25,26.25
56.0
26.25,27.0,27.0,26.5,27.25,26.5,27.25,27.25,27.0,27.0,27.0,26.75,26.75,26.25,26.75,26.25,27.5,27.75,27.75,27.25,26.5,26.75,26.5,26.75,26.75,27.25,29.0,28.5,28.0,26.75,27.0,26.75,26.75,26.75,27.0,26.75,27.0,27.5,26.75,26.25,27.25,27.0,27.0,26.5,26.5,26.75,26.25,25.75,27.0,26.75,26.5,26.5,26.5,26.5,26.25,26.0,26.5,26.25,26.25,26.5,26.0,26.5,26.0,26.75
57.0
26.5,26.75,26.5,26.25,27.0,26.5,27.25,26.75,26.5,26.5,26.75,27.0,26.75,26.5,26.5,26.0,26.75,27.75,27.5,26.75,26.75,26.75,26.75,26.0,26.25,27.0,28.25,28.25,27.75,26.75,26.5,26.75,26.5,26.75,26.75,27.25,26.5,27.0,26.25,26.5,26.75,26.5,27.0,26.75,26.25,26.5,26.0,26.0,26.5,26.75,25.75,26.25,26.25,26.25,26.25,25.5,26.0,25.75,26.0,26.0,26.25,25.5,25.75,26.25
58.0
26.5,26.75,26.5,26.25,27.0,26.5,27.25,26.75,26.5,26.5,26.75,27.0,26.75,26.5,26.5,26.0,26.75,27.75,27.5,26.75,26.75,26.75,26.75,26.0,26.25,27.0,28.25,28.25,27.75,26.75,26.5,26.75,26.5,26.75,26.75,27.25,26.5,27.0,26.25,26.5,26.75,26.5,27.0,26.75,26.25,26.5,26.0,26.0,26.5,26.75,25.75,26.25,26.25,26.25,26.25,25.5,26.0,25.75,26.0,26.0,26.25,25.5,25.75,26.25
59.0
26.5,27.0,26.75,26.75,27.5,27.0,26.5,26.5,26.75,26.5,27.0,26.75,26.75,26.75,26.25,27.0,27.0,27.5,27.5,27.0,27.0,27.0,26.5,26.25,26.5,27.0,28.25,28.5,28.0,27.0,26.75,26.75,27.0,26.75,27.0,27.25,26.5,27.25,26.5,26.25,27.25,27.0,27.25,26.5,26.25,26.5,26.25,26.25,27.0,26.75,26.5,26.25,26.25,26.25,26.0,26.25,26.5,26.25,26.25,26.5,26.25,25.75,25.75,26.0
60.0
26.5,27.0,26.75,25.75,27.25,26.75,27.0,27.0,26.75,27.0,26.5,26.75,26.75,26.5,26.5,26.5,27.0,27.75,27.5,27.25,27.0,26.75,26.75,25.75,26.75,27.25,28.25,28.0,27.75,26.75,26.5,26.75,27.25,26.75,27.5,26.75,26.5,26.75,26.25,26.5,27.25,27.0,27.0,26.75,26.5,26.75,26.5,26.0,26.75,27.25,26.75,26.5,26.5,26.5,26.0,26.5,26.5,26.0,26.25,26.25,26.5,25.75,25.5,26.25
