1.0
26.25,27.0,26.75,26.5,27.5,28.5,29.0,28.0,26.5,26.5,26.5,26.75,27.75,28.25,28.5,27.25,27.25,26.75,26.5,26.5,27.25,27.5,27.25,26.75,26.5,26.75,26.75,26.25,26.5,26.75,26.25,27.0,27.0,26.75,26.25,26.5,26.5,26.25,26.75,27.0,27.5,27.25,27.25,27.0,26.5,26.5,26.0,25.5,27.0,27.25,26.25,26.25,26.5,26.75,26.0,26.0,26.5,26.25,27.0,26.5,26.0,26.5,26.5,26.25
2.0
26.75,27.0,26.75,26.75,27.0,28.5,29.0,28.0,26.75,26.25,26.75,26.75,27.75,27.75,28.0,26.75,26.25,26.5,26.75,26.25,27.0,27.25,26.75,26.5,26.5,26.75,26.25,26.5,26.0,26.75,26.75,27.0,26.75,26.75,26.25,26.5,26.25,26.75,26.5,26.5,27.25,27.0,27.0,26.5,26.5,26.75,25.75,26.0,26.75,26.75,26.25,26.5,26.5,27.0,26.0,26.0,26.5,26.25,26.0,26.25,26.25,26.5,25.5,26.5
3.0
26.5,26.75,26.75,26.5,27.25,28.25,29.0,28.0,26.5,26.25,26.75,26.75,27.75,28.0,28.0,26.5,26.75,26.5,26.25,26.0,26.75,27.75,27.0,26.5,25.75,26.5,25.75,26.5,26.25,26.25,26.25,26.75,26.75,26.75,27.0,26.75,26.5,26.75,26.5,26.5,27.5,27.25,27.0,27.0,26.25,26.5,25.75,26.25,26.5,26.75,26.5,26.0,26.0,26.5,26.0,25.75,27.0,26.5,26.0,26.5,26.25,25.75,25.5,26.25
4.0
26.75,27.25,26.75,26.5,27.5,28.5,29.0,28.25,26.75,27.0,26.5,27.0,27.5,28.25,28.0,27.0,27.25,26.75,26.5,26.5,27.5,27.75,27.0,26.5,26.5,26.75,26.75,26.5,26.75,26.25,26.75,26.5,27.25,27.25,26.75,26.5,26.5,26.5,26.5,26.25,27.25,27.25,27.0,26.5,26.5,26.75,26.5,25.5,27.25,26.75,26.5,26.25,26.75,26.25,25.75,26.25,26.5,26.5,26.75,26.75,26.5,25.5,26.0,26.25
5.0
26.75,27.25,26.75,26.75,27.5,28.75,29.0,28.25,26.5,26.5,26.75,27.0,27.75,28.0,28.0,27.0,26.75,26.75,26.5,26.5,27.25,27.25,26.75,26.5,26.25,26.75,26.5,26.25,26.25,26.5,26.5,26.25,27.0,26.75,26.25,26.25,26.5,26.5,26.5,26.5,27.25,26.75,27.0,26.75,26.25,27.0,26.25,26.0,26.5,27.0,26.25,26.25,26.5,26.25,25.75,26.25,27.25,25.75,26.25,26.25,26.5,25.75,26.25,26.5
6.0
26.75,27.25,26.5,26.5,27.25,28.5,29.0,27.75,27.0,26.75,26.5,26.5,27.25,28.0,28.0,27.5,27.75,27.0,26.5,26.5,27.0,27.75,27.25,26.75,26.5,26.75,26.5,26.25,26.75,26.75,26.25,26.75,27.25,26.75,26.75,26.5,26.75,26.75,26.75,26.0,27.25,27.25,26.75,27.0,26.25,26.5,26.0,26.25,27.0,27.0,26.5,26.25,26.5,26.5,26.0,26.25,26.75,26.25,26.0,26.5,26.25,26.0,26.0,26.0
7.0
26.75,26.5,26.5,26.75,27.5,28.5,29.0,28.5,26.75,26.75,26.75,27.0,28.25,28.25,28.0,27.0,27.25,26.5,27.0,26.5,27.0,27.25,27.0,26.5,26.75,26.5,26.5,26.5,26.5,26.5,26.25,27.0,27.0,27.0,26.75,26.5,26.75,26.25,26.75,26.75,27.25,27.25,27.25,26.5,26.5,26.75,26.0,25.75,26.75,27.0,26.25,26.25,26.5,26.0,25.75,26.5,26.5,26.25,26.5,26.25,26.25,26.0,26.0,26.75
8.0
26.25,26.75,26.75,26.5,27.5,28.25,28.75,28.0,26.75,26.5,26.5,26.5,28.0,28.25,27.75,26.5,26.5,26.25,26.25,26.5,27.25,27.5,26.75,26.5,26.0,26.5,26.25,26.5,26.25,26.0,26.5,26.25,27.0,26.5,26.25,26.5,26.25,26.25,26.25,26.5,27.0,27.0,26.75,26.75,26.5,27.0,26.0,25.75,26.25,26.75,26.0,26.25,26.0,26.0,25.5,26.25,26.25,26.0,26.25,26.0,26.0,25.75,25.75,26.0
9.0
26.5,26.75,26.75,26.5,27.25,28.5,29.25,28.25,26.25,26.25,27.0,26.75,28.0,28.0,28.25,26.75,26.75,26.75,27.0,26.75,27.25,27.75,27.0,27.0,26.25,26.75,26.5,26.5,26.5,26.5,26.5,27.0,27.25,26.5,26.25,26.5,26.5,26.75,26.5,26.25,27.0,27.25,27.0,26.75,26.25,26.25,26.25,26.0,26.25,27.0,26.5,26.25,26.5,26.5,26.25,26.0,26.0,26.5,25.75,26.25,26.0,25.75,26.25,27.0
10.0
26.5,27.0,27.0,26.5,27.25,28.5,29.25,28.5,27.0,26.75,26.5,27.25,27.75,28.5,28.5,27.25,26.25,27.0,27.0,26.5,27.0,27.75,27.25,27.0,26.25,26.5,26.25,26.5,26.25,26.75,26.5,26.5,27.0,26.75,27.25,26.25,26.5,27.0,26.75,26.5,27.25,27.0,27.0,27.0,26.5,26.75,26.25,26.25,26.75,27.0,26.75,26.25,26.5,26.5,25.75,26.0,26.75,26.25,26.75,26.25,26.5,26.5,25.75,26.75
11.0
26.25,26.75,26.75,26.25,27.5,26.5,27.25,27.25,26.75,26.75,26.5,27.0,27.0,26.75,27.25,27.25,26.5,26.5,26.75,26.25,27.0,27.75,29.0,28.75,26.5,26.5,26.5,26.75,26.75,28.0,27.75,27.5,27.25,27.0,26.75,26.5,26.5,28.0,26.5,26.75,27.25,27.25,26.75,26.25,26.5,26.5,26.25,25.5,27.0,27.0,26.5,26.5,26.5,26.75,26.0,26.0,26.5,26.25,26.5,26.5,26.25,26.25,26.0,26.25
12.0
26.5,27.25,27.0,26.5,27.0,26.5,27.5,27.5,26.75,26.25,26.75,26.5,27.25,26.25,26.5,26.75,27.0,26.75,26.75,26.25,27.0,27.0,27.75,28.0,26.5,27.0,27.0,26.5,26.75,27.5,28.25,29.0,26.75,27.0,26.75,26.5,27.0,27.75,27.0,27.0,27.5,27.0,26.75,26.75,26.25,27.25,26.25,26.25,27.0,26.5,26.75,26.25,26.75,26.5,26.0,26.75,27.0,26.5,26.5,26.5,26.25,26.0,26.0,26.75
13.0
26.75,27.0,26.75,26.5,27.0,26.5,27.0,27.5,27.0,26.75,26.25,26.75,27.0,26.5,26.75,26.0,26.75,26.75,27.0,26.25,27.0,26.25,27.0,27.0,26.75,26.75,26.5,26.25,27.0,27.0,27.75,28.5,27.0,26.75,26.75,26.75,26.75,27.75,27.75,28.75,26.75,27.0,27.0,26.75,26.5,27.25,26.75,26.5,26.75,27.0,25.75,26.5,26.5,26.5,26.0,26.75,26.25,26.5,26.0,26.0,26.25,26.0,26.0,26.75
14.0
26.75,27.0,26.75,26.5,27.0,26.5,27.0,27.5,27.0,26.75,26.25,26.75,27.0,26.5,26.75,26.0,26.75,26.75,27.0,26.25,27.0,26.25,27.0,27.0,26.75,26.75,26.5,26.25,27.0,27.0,27.75,28.5,27.0,26.75,26.75,26.75,26.75,27.75,27.75,28.75,26.75,27.0,27.0,26.75,26.5,27.25,26.75,26.5,26.75,27.0,25.75,26.5,26.5,26.5,26.0,26.75,26.25,26.5,26.0,26.0,26.25,26.0,26.0,26.75
15.0
26.75,27.0,26.25,26.25,26.75,26.0,27.0,26.75,26.25,26.25,26.75,26.5,26.25,26.75,26.25,26.25,26.75,26.0,26.5,26.25,26.5,26.5,26.75,26.75,26.25,26.25,26.25,26.5,26.75,26.5,27.0,27.0,27.0,26.75,26.5,26.25,26.5,28.0,28.0,28.5,27.0,26.5,27.25,26.5,26.75,26.75,27.5,27.5,27.25,27.0,26.5,26.75,26.5,26.75,26.75,26.5,26.0,25.75,26.0,25.75,26.0,26.25,26.0,26.5
16.0
27.25,26.5,26.75,26.5,26.75,26.5,27.0,27.25,26.5,26.5,26.75,26.5,27.0,26.25,26.25,26.25,27.25,26.75,26.75,26.5,26.75,26.75,26.5,26.5,26.75,26.5,26.5,26.5,26.75,26.5,26.5,26.75,27.0,26.75,27.0,26.5,27.0,27.75,27.75,28.0,27.25,26.75,27.0,26.5,26.5,27.25,28.0,27.75,26.75,26.75,26.25,26.5,26.5,27.5,27.0,27.75,26.75,26.5,26.75,26.25,26.0,26.0,26.25,27.0
17.0
26.5,26.75,26.25,26.75,26.75,26.75,27.25,26.75,26.75,26.75,26.75,26.5,26.75,26.5,26.75,26.25,26.75,26.25,26.25,26.25,26.5,26.5,26.25,26.25,26.25,26.25,26.5,26.25,26.25,26.25,26.75,26.5,27.25,26.75,26.25,26.5,27.0,27.25,27.75,27.25,26.75,27.0,27.0,26.75,26.25,26.75,28.25,27.5,26.75,26.75,26.0,26.5,26.5,26.75,27.25,27.75,26.5,26.25,26.5,26.5,26.0,26.5,26.75,28.0
18.0
26.75,26.75,26.5,26.75,26.75,26.75,27.25,27.25,27.25,27.25,26.75,26.75,26.75,26.25,26.5,26.5,27.0,26.5,26.75,26.5,26.5,26.25,26.75,26.25,26.5,26.75,26.25,26.25,26.25,26.25,26.5,26.75,27.25,27.0,26.75,26.75,26.5,27.0,26.75,26.5,27.25,27.25,26.75,27.0,26.5,27.0,28.0,27.5,27.0,26.75,26.5,26.25,26.75,26.75,27.0,27.25,26.25,26.25,26.75,26.75,26.25,26.25,26.0,27.75
19.0
26.5,27.0,26.5,26.75,26.75,26.75,27.0,27.25,26.5,26.25,26.75,26.75,26.5,26.5,26.75,26.5,27.25,26.0,26.75,26.25,26.75,26.75,26.75,26.5,26.25,26.75,26.5,26.5,26.5,26.25,27.0,26.5,27.25,26.25,27.0,26.25,26.75,27.0,26.5,27.0,27.5,26.75,26.75,26.5,26.25,27.5,27.5,27.25,27.0,26.75,26.0,26.25,26.25,27.0,27.5,28.25,26.25,26.25,26.5,26.5,26.0,26.25,26.75,27.5
20.0
26.25,26.75,26.5,26.0,27.0,27.0,27.25,26.75,26.5,26.75,26.5,26.25,26.75,26.25,26.5,26.25,26.75,26.5,26.75,26.0,26.5,26.25,26.25,26.0,26.0,26.0,26.5,25.75,26.25,26.25,26.25,26.75,26.75,26.5,27.0,26.25,26.5,26.0,26.75,26.25,27.0,26.75,26.5,26.5,26.25,27.0,26.75,26.75,26.5,27.0,26.25,26.5,26.25,27.0,27.25,28.25,26.75,25.75,26.25,26.5,25.75,26.25,27.0,27.5
21.0
26.75,27.0,27.0,27.0,26.5,26.75,27.25,26.75,26.75,26.5,26.5,26.75,27.0,26.5,26.25,26.0,26.75,26.25,26.75,26.25,26.75,26.5,26.25,26.25,26.25,26.5,26.75,26.25,26.25,26.0,26.75,26.5,26.75,26.25,26.5,26.5,26.5,26.75,26.75,26.5,27.0,27.0,26.75,26.75,26.25,27.0,27.5,26.75,26.75,27.0,26.5,26.25,27.0,27.0,28.0,27.75,26.0,26.0,26.0,26.75,26.25,26.75,27.25,28.0
22.0
26.75,27.25,26.5,26.25,27.0,27.0,27.0,27.25,27.0,26.75,26.5,27.0,26.5,26.25,26.5,26.25,27.0,26.75,26.75,26.5,26.75,26.75,26.5,26.5,26.5,26.75,26.25,26.25,26.5,26.5,26.5,26.5,27.25,26.75,26.75,26.5,26.75,26.5,26.75,26.5,27.5,27.0,27.0,26.75,26.5,27.0,27.5,27.0,26.75,27.0,26.25,26.25,26.5,26.75,27.75,27.75,26.5,26.25,26.75,26.75,26.25,26.75,27.25,28.25
23.0
26.5,27.25,26.75,26.25,27.0,27.0,27.5,27.25,26.75,26.5,26.5,27.0,27.0,26.5,26.5,26.5,27.25,26.5,26.5,26.5,26.5,26.5,26.75,26.75,26.75,26.5,26.75,26.5,26.5,26.25,26.5,26.5,27.5,26.75,27.0,26.5,26.75,26.5,26.75,27.0,27.25,27.0,27.25,27.25,26.75,26.75,27.75,27.25,26.75,26.75,26.5,26.5,26.5,26.5,28.0,28.0,26.75,26.25,26.25,26.25,26.5,26.5,27.25,28.0
24.0
27.0,27.25,26.5,26.75,26.75,26.75,27.0,27.75,26.75,26.5,27.0,26.75,27.25,26.5,27.0,26.75,27.25,27.0,26.75,26.75,26.75,27.0,27.0,26.5,26.5,26.75,26.75,26.5,26.25,26.25,26.75,26.75,27.75,26.5,26.75,26.5,26.75,27.0,26.75,26.5,27.5,27.25,27.5,27.0,26.25,27.0,27.5,27.5,27.0,27.0,26.5,26.25,26.5,27.0,28.0,28.25,26.75,26.5,26.75,26.25,26.25,26.5,27.25,28.0
25.0
26.25,26.75,26.75,26.5,27.0,27.0,27.0,26.75,27.0,26.5,26.5,27.0,27.0,26.75,26.5,26.0,26.75,26.75,26.75,26.25,26.75,26.5,26.5,26.75,27.0,27.0,26.75,26.75,26.5,26.25,26.5,26.5,27.25,26.75,26.5,26.25,27.0,26.5,26.75,26.75,27.25,27.25,27.25,27.0,26.75,27.0,27.5,27.25,27.0,27.25,26.5,26.5,26.75,27.0,28.25,28.5,26.75,26.5,27.25,26.25,26.25,26.25,27.5,28.0
26.0
26.75,27.0,26.75,26.5,26.75,26.75,26.75,26.75,26.75,26.75,26.5,26.5,26.5,26.5,26.5,26.5,27.5,26.0,26.75,26.5,26.5,26.75,26.5,26.5,26.25,26.25,26.75,26.5,26.5,26.5,27.0,26.75,26.75,26.75,26.75,26.25,26.5,26.25,26.75,26.5,26.75,27.25,26.75,27.0,26.5,26.75,27.5,27.25,26.75,26.75,26.0,26.0,26.0,26.75,27.75,28.0,26.5,26.0,26.5,26.5,26.25,26.75,27.0,27.25
27.0
27.25,27.25,27.0,26.5,27.25,26.5,26.75,27.25,26.5,26.75,26.5,26.5,27.25,26.5,26.75,26.5,27.0,27.0,26.5,26.25,26.25,26.75,26.75,26.75,26.5,26.75,26.5,26.5,26.75,26.5,26.75,26.75,27.5,26.5,26.75,26.25,27.0,27.0,26.5,27.0,27.25,26.75,27.0,26.75,26.25,26.5,27.5,27.5,26.75,26.5,26.75,26.25,26.75,26.75,28.0,28.25,26.75,26.0,26.25,26.75,26.25,26.25,27.25,28.0
28.0
27.0,27.0,27.0,26.5,27.25,27.0,27.25,27.5,26.25,26.5,26.75,26.5,26.75,26.0,26.5,26.25,26.75,26.75,26.5,26.5,26.5,26.5,26.5,26.5,26.25,26.25,26.75,26.5,26.75,26.25,26.75,26.5,27.0,27.0,26.5,26.5,26.75,26.75,26.5,26.75,27.0,27.0,27.0,27.0,26.5,26.75,28.0,27.5,26.75,27.25,26.25,26.25,27.0,27.0,27.75,27.75,26.75,26.75,26.25,26.75,26.25,26.5,26.75,28.0
29.0
26.75,27.75,26.75,27.0,27.0,26.5,27.25,27.0,27.0,26.75,27.0,26.5,26.75,26.75,27.0,26.75,27.0,26.5,27.0,26.5,26.5,27.0,26.5,26.25,26.75,26.5,26.75,26.5,26.5,26.75,26.75,26.75,27.0,26.75,26.75,26.25,26.75,27.0,27.0,26.75,27.25,27.5,26.75,27.0,26.5,27.0,28.0,27.75,27.0,27.25,26.5,26.75,26.75,27.0,27.75,28.25,26.25,26.5,26.25,26.75,26.25,26.75,27.25,28.0
30.0
26.5,27.0,27.0,26.5,27.0,26.75,27.0,27.25,26.5,26.75,27.0,26.75,27.0,26.5,26.75,26.5,27.0,26.75,27.0,26.25,26.5,26.5,27.0,27.0,26.5,27.0,26.75,26.5,26.5,26.75,26.5,26.5,27.0,26.75,26.5,26.5,27.0,27.0,26.75,27.0,27.25,27.25,27.25,26.75,26.5,26.75,27.75,27.0,27.25,27.0,26.75,26.25,26.5,26.75,28.0,28.5,26.5,26.25,26.5,26.5,26.5,26.75,27.75,28.25
31.0
27.0,26.75,26.5,26.25,27.25,26.5,27.0,27.0,27.0,27.0,26.75,26.5,26.5,26.25,26.25,26.5,27.0,26.5,27.0,26.5,26.5,26.75,26.75,26.25,26.75,27.0,26.75,26.25,26.75,26.5,26.5,26.25,26.5,27.0,26.25,26.25,26.5,26.75,26.5,26.75,27.5,27.0,26.75,26.75,26.5,26.75,28.0,27.75,26.75,27.0,26.5,26.25,26.25,26.75,28.25,28.0,26.5,26.75,26.25,26.25,26.25,26.5,27.75,28.0
32.0
26.5,27.0,26.5,26.5,27.0,26.5,26.75,26.75,26.75,26.5,26.75,26.5,27.0,26.25,26.25,26.25,26.5,26.25,26.25,26.25,26.5,26.5,26.25,26.75,26.5,27.0,27.0,26.25,26.75,26.5,26.75,26.25,27.0,26.75,26.75,26.5,26.5,27.0,27.0,27.0,27.25,27.25,27.25,26.5,26.5,26.75,27.5,27.5,27.0,27.0,26.75,26.5,26.75,27.0,27.75,28.0,26.5,26.25,26.25,26.25,26.25,26.5,27.0,28.0
33.0
26.25,26.5,26.5,26.5,26.25,26.25,26.75,27.5,26.25,26.25,26.5,26.5,26.75,26.25,26.5,26.75,27.0,26.5,26.25,26.5,26.5,26.0,26.25,26.0,26.25,26.25,26.75,26.5,26.5,26.25,26.75,26.75,27.0,26.75,26.5,26.25,26.5,26.5,26.75,26.25,26.75,27.25,26.75,27.0,26.5,26.5,28.0,27.5,26.5,26.5,26.25,26.0,26.5,26.75,27.75,27.75,25.75,26.25,26.25,26.0,26.0,26.5,27.25,27.75
34.0
27.0,27.25,26.75,26.25,26.75,26.5,27.0,27.0,27.25,26.75,27.0,26.75,27.0,26.75,26.5,26.25,27.25,26.5,26.5,26.5,26.75,26.75,27.0,26.5,26.5,26.5,26.25,26.5,26.75,26.5,26.75,26.75,27.0,26.75,26.75,26.5,26.5,26.5,26.75,26.75,27.0,27.0,27.25,26.75,26.5,26.75,27.75,28.0,26.75,27.0,26.25,26.75,26.5,27.25,27.75,28.5,26.5,26.5,26.5,26.25,26.0,26.5,27.0,27.75
35.0
26.75,26.5,26.5,26.5,26.25,26.25,27.25,27.25,27.0,26.5,26.5,26.75,26.5,26.25,26.5,26.5,26.75,26.75,26.5,26.25,26.5,27.0,26.5,26.0,26.5,26.5,26.75,26.25,26.0,26.0,26.75,26.5,27.0,27.0,26.75,26.25,26.5,26.75,26.5,27.0,27.25,27.0,26.75,27.0,26.5,27.0,27.75,28.0,27.0,27.0,26.5,26.5,26.5,27.0,28.0,28.0,26.25,26.25,26.25,26.25,26.5,26.75,27.25,27.5
36.0
26.5,26.75,27.0,26.5,26.25,26.5,27.5,27.5,26.25,26.5,26.75,26.75,26.75,26.25,26.75,26.75,26.75,26.5,26.5,26.5,26.5,26.75,26.5,26.25,26.75,26.5,26.25,26.25,26.25,26.5,26.75,26.75,27.0,26.75,27.0,26.0,27.0,27.0,26.75,27.0,27.5,27.25,26.75,26.75,26.5,27.0,28.0,27.75,27.0,27.0,26.25,26.25,26.5,26.75,28.0,27.75,26.5,26.5,26.5,26.25,26.5,26.5,27.5,27.75
37.0
26.5,27.0,26.5,26.5,26.75,26.25,26.5,26.75,27.0,26.75,26.75,27.0,26.75,26.5,26.5,26.5,27.25,26.5,26.75,26.25,27.0,26.75,26.5,26.5,26.5,26.5,26.5,26.5,26.5,26.25,26.25,26.5,27.25,26.5,26.75,26.25,27.0,26.75,26.75,27.0,27.0,27.0,27.25,26.75,26.5,27.0,27.75,28.0,26.75,27.0,26.25,26.5,27.0,27.0,28.0,28.0,26.5,26.25,26.5,26.5,26.25,26.25,27.0,27.75
38.0
26.5,26.5,26.5,26.25,27.25,26.25,27.0,26.75,26.5,26.5,26.25,26.5,26.5,26.5,26.5,26.0,27.0,26.25,26.75,26.5,27.0,26.75,27.0,26.0,26.5,27.25,26.0,26.0,26.25,25.75,26.5,26.5,26.5,26.75,26.5,26.0,26.5,26.75,27.0,26.5,26.5,26.75,27.0,26.75,25.75,26.75,27.5,27.5,26.25,26.5,26.0,26.0,26.25,26.5,27.5,28.25,26.5,26.5,26.0,26.5,26.5,26.25,26.75,28.25
39.0
27.0,27.0,27.0,26.75,26.5,26.5,26.75,27.5,26.25,26.5,26.5,26.75,27.0,26.5,26.5,26.25,27.25,27.0,27.0,26.75,26.75,26.5,26.75,26.5,26.5,26.75,26.75,26.5,26.5,26.75,26.75,26.75,27.0,26.75,27.0,26.5,27.0,26.75,27.25,26.5,27.5,26.75,27.0,26.75,26.5,27.25,28.25,27.75,27.0,26.75,26.5,26.0,26.75,26.75,28.25,28.25,26.5,26.0,26.0,26.75,26.0,27.0,27.5,28.5
40.0
26.5,27.0,26.5,26.25,26.75,26.75,27.5,27.0,26.75,26.75,26.75,26.75,27.0,26.25,26.25,26.75,27.0,26.75,26.5,26.25,26.5,26.5,26.5,27.0,27.0,27.0,26.75,26.25,26.25,26.5,26.25,26.5,27.0,26.5,26.75,26.5,26.5,26.5,26.75,26.75,26.75,27.0,27.0,26.75,26.5,27.0,28.25,28.0,26.5,26.75,26.5,26.5,26.25,26.75,27.75,28.25,26.25,26.75,26.0,26.5,26.5,26.5,27.25,28.25
41.0
26.75,26.75,26.75,26.5,27.0,26.5,27.5,27.0,26.5,26.75,26.5,26.75,26.75,26.5,26.75,26.5,27.0,26.5,27.0,26.5,26.75,26.75,26.5,26.25,26.5,26.75,26.5,26.25,26.75,26.25,26.75,27.25,27.75,27.0,27.0,26.5,26.75,27.0,27.0,26.75,27.0,26.75,27.0,27.0,26.0,27.0,28.0,27.75,26.75,27.0,26.75,26.5,26.5,26.75,27.75,28.25,26.75,26.25,26.75,26.5,26.5,26.25,27.5,28.5
42.0
26.75,27.0,26.5,26.25,27.0,26.5,27.25,27.25,27.0,26.5,26.75,26.75,26.75,26.5,26.75,26.5,27.0,26.75,27.0,26.25,26.5,27.0,26.5,26.5,26.75,26.5,26.75,26.75,26.25,26.75,26.5,26.5,27.0,26.5,27.0,27.0,26.5,26.75,26.75,26.75,27.0,27.0,27.25,27.0,26.5,27.25,28.25,28.25,26.75,26.75,26.25,26.75,26.75,26.75,28.5,28.0,26.25,26.5,26.0,26.25,26.25,26.5,28.0,27.75
43.0
26.75,27.0,26.75,27.0,27.0,26.25,27.5,27.25,27.25,27.0,26.5,26.5,26.75,26.5,27.0,26.5,27.0,26.75,26.5,26.75,27.0,26.5,27.0,27.0,26.5,26.0,26.5,26.5,26.75,26.5,26.5,26.5,27.0,27.0,27.25,26.5,26.5,26.75,27.25,27.0,27.25,27.25,27.25,27.0,26.5,27.25,27.75,28.0,26.75,27.25,26.5,26.75,27.0,27.25,28.0,28.5,26.75,26.25,27.0,26.0,26.5,26.75,28.0,28.75
44.0
26.5,26.25,27.0,26.5,26.75,26.5,27.0,27.0,27.0,26.75,26.5,26.75,26.5,26.75,26.5,26.5,27.0,26.0,26.75,26.5,26.75,26.5,26.75,26.5,27.0,26.5,27.0,26.5,26.5,26.25,26.5,26.5,27.25,26.75,26.75,26.5,26.75,26.5,27.25,27.0,27.25,27.25,27.5,26.5,26.75,27.25,28.0,28.0,27.25,27.5,26.25,26.25,26.75,27.0,28.25,28.0,26.5,26.75,26.0,26.25,27.0,26.5,27.75,28.25
45.0
26.5,26.5,26.5,26.75,27.0,26.25,27.0,26.5,26.75,26.5,26.75,26.5,26.75,26.5,26.5,26.25,26.5,26.25,26.5,26.25,26.25,27.0,26.25,26.25,26.5,27.0,26.5,26.25,26.25,26.5,26.0,26.5,27.25,26.75,26.5,26.25,26.25,26.75,26.75,26.5,27.0,27.0,26.75,26.5,26.5,26.75,27.75,27.5,26.75,27.0,26.5,26.5,26.75,26.75,28.0,27.75,26.5,26.0,25.75,26.5,26.5,26.5,27.5,27.75
46.0
26.5,27.0,27.0,26.5,26.75,26.5,27.5,27.25,26.75,26.0,26.5,26.5,27.0,26.25,26.5,26.0,26.75,26.75,27.0,26.5,26.5,26.75,26.5,26.75,26.5,26.5,27.0,26.5,26.5,26.5,26.75,26.25,26.75,26.75,26.75,26.5,27.0,27.0,27.25,27.0,27.5,27.25,27.25,26.75,26.75,27.25,28.0,27.5,26.5,27.0,26.75,26.25,27.25,27.0,28.0,28.0,26.25,26.5,26.75,26.5,26.25,26.75,27.25,28.5
47.0
26.5,27.0,27.0,26.5,27.25,26.5,27.0,27.5,26.75,26.5,26.75,27.0,27.0,26.5,26.5,27.0,27.5,26.75,26.75,26.75,26.75,26.75,27.0,26.5,26.75,27.0,26.5,26.5,26.5,26.5,26.75,26.5,27.0,27.0,26.75,26.5,26.75,26.75,27.25,27.25,27.25,27.25,27.25,27.0,26.5,26.75,28.25,28.0,27.0,27.25,26.5,26.25,26.75,26.75,27.75,28.0,26.5,26.75,26.5,26.5,26.5,26.5,26.75,28.75
48.0
26.0,26.75,27.25,26.75,27.0,26.75,27.5,27.25,26.75,26.75,26.75,26.75,27.0,27.25,27.0,26.5,26.75,26.75,26.75,26.75,27.0,27.0,26.75,26.5,26.75,26.75,26.75,26.5,26.5,26.5,26.5,26.75,27.5,27.0,27.0,26.25,26.75,27.0,27.0,27.0,27.25,27.25,27.25,27.0,26.75,27.25,28.0,28.0,27.0,27.5,26.75,26.0,27.0,27.25,28.0,28.25,26.5,26.5,26.75,26.75,26.5,26.5,27.25,28.25
49.0
26.75,27.0,27.0,27.0,27.0,26.5,27.5,27.25,27.25,26.5,26.75,26.75,26.75,27.0,26.75,26.5,26.5,27.0,26.5,26.25,27.0,26.5,26.5,26.5,26.75,27.0,26.5,26.25,26.75,26.5,27.0,26.75,27.0,26.75,26.75,26.75,27.0,27.0,27.25,27.25,27.0,27.25,27.5,27.0,26.75,27.5,28.0,28.5,26.75,26.75,27.0,26.25,26.75,27.25,28.25,28.5,26.75,26.25,26.25,26.5,26.0,26.75,27.75,28.25
50.0
26.25,26.5,26.5,26.0,26.5,26.25,26.75,26.75,26.25,26.25,26.5,27.0,26.25,26.5,26.5,26.75,26.5,26.5,26.5,26.0,26.5,26.5,26.25,26.0,26.25,26.5,26.5,26.75,26.25,26.25,26.25,26.75,27.0,27.0,26.75,26.25,26.75,26.5,26.5,26.5,27.0,27.0,26.75,26.75,26.25,26.75,27.75,27.75,26.5,26.75,25.75,26.25,26.5,27.25,28.0,27.5,26.5,25.75,26.25,26.5,26.0,26.5,27.25,28.25
51.0
26.5,26.25,27.0,26.25,27.0,26.75,27.0,27.0,26.25,26.75,26.5,26.5,26.75,26.25,26.5,26.5,27.0,26.25,26.5,26.5,26.5,26.5,26.75,26.5,26.25,26.25,26.0,26.25,26.0,26.5,26.5,26.5,26.75,26.5,26.5,26.25,26.5,26.75,27.0,26.5,27.25,27.0,27.0,26.75,26.5,26.75,28.25,27.75,26.5,27.0,26.25,27.0,26.5,26.75,28.0,28.0,26.0,26.25,26.25,26.25,26.25,26.25,27.5,28.25
52.0
26.5,26.25,27.0,26.25,27.0,26.75,27.0,27.0,26.25,26.75,26.5,26.5,26.75,26.25,26.5,26.5,27.0,26.25,26.5,26.5,26.5,26.5,26.75,26.5,26.25,26.25,26.0,26.25,26.0,26.5,26.5,26.5,26.75,26.5,26.5,26.25,26.5,26.75,27.0,26.5,27.25,27.0,27.0,26.75,26.5,26.75,28.25,27.75,26.5,27.0,26.25,27.0,26.5,26.75,28.0,28.0,26.0,26.25,26.25,26.25,26.25,26.25,27.5,28.25
53.0
26.5,27.0,26.75,26.5,27.25,26.5,26.75,27.25,26.75,26.5,27.0,27.0,26.75,26.75,26.5,26.5,27.25,26.5,26.75,26.25,26.75,27.0,27.0,26.5,26.5,26.25,26.5,26.0,26.5,26.5,26.25,26.25,27.0,27.0,26.25,26.5,26.5,27.0,27.0,27.0,27.0,26.75,27.25,26.75,26.75,27.0,28.0,27.75,26.5,27.0,26.25,26.5,26.5,26.75,28.0,28.25,26.5,26.25,26.25,26.5,26.5,26.5,27.75,28.0
54.0
26.75,27.0,27.0,26.5,27.0,26.25,27.0,27.25,27.0,26.75,26.75,26.5,26.75,26.75,26.75,26.5,27.0,26.75,27.0,26.25,26.75,26.75,26.5,27.0,26.75,26.5,26.5,26.5,26.5,26.5,26.75,26.5,27.25,27.0,26.5,26.25,26.75,26.75,26.75,26.75,27.5,27.0,27.0,26.75,26.75,26.75,28.25,28.25,27.0,26.75,26.5,26.5,26.75,27.5,28.25,28.25,26.75,26.75,26.0,27.0,26.25,26.25,27.75,28.25
55.0
26.5,26.75,26.5,27.0,27.0,26.75,27.0,27.25,26.75,27.0,26.5,26.75,26.75,26.5,26.5,26.75,26.75,26.75,26.75,26.5,26.75,26.75,26.75,26.5,26.75,26.75,26.25,26.5,26.5,26.5,26.25,27.0,26.75,27.0,27.0,26.5,26.5,26.75,27.0,27.0,27.25,27.25,27.25,27.0,26.5,27.25,28.75,28.25,26.75,26.75,26.5,26.5,26.5,27.0,28.5,28.25,26.5,26.25,26.75,26.75,26.0,26.75,27.75,28.0
56.0
26.75,26.5,27.0,26.75,26.5,26.75,26.75,27.5,27.0,26.75,26.75,26.5,27.0,27.0,26.5,26.25,27.5,26.5,26.75,26.5,26.25,26.75,26.75,26.75,26.5,27.0,26.5,26.5,26.5,26.0,27.0,26.75,27.25,26.75,26.5,26.5,26.75,26.5,27.25,27.0,27.25,27.25,27.0,27.0,26.5,27.0,28.25,28.0,26.75,26.75,26.5,26.75,26.5,26.75,28.0,28.75,26.75,26.25,26.75,27.0,26.5,26.5,27.25,28.5
57.0
26.25,27.0,26.5,25.75,26.75,26.5,27.25,26.75,26.5,26.5,26.5,26.75,26.75,26.5,26.5,26.5,26.5,26.25,26.5,26.5,26.5,26.75,26.25,26.0,26.0,26.5,26.25,26.0,26.25,26.25,26.75,26.5,27.0,27.0,26.5,26.25,26.5,26.5,27.0,27.25,26.75,27.0,27.0,26.75,26.0,27.0,28.0,27.75,26.5,26.75,26.25,26.25,26.75,26.5,27.75,27.75,26.25,26.5,26.0,25.75,26.25,26.25,27.0,28.25
58.0
26.25,26.75,26.25,26.25,26.75,26.75,27.0,27.5,27.0,26.5,26.75,26.75,26.5,26.75,26.5,26.25,26.75,26.5,26.75,26.75,27.0,26.75,26.75,26.25,26.5,26.75,26.5,26.75,26.75,26.75,26.5,27.0,27.0,26.75,26.75,26.5,26.75,26.5,27.0,26.75,27.25,27.0,27.0,26.75,26.5,27.25,28.0,28.0,27.0,27.25,26.5,26.5,26.75,27.0,28.5,27.75,26.5,26.5,26.25,26.5,26.5,26.5,27.75,28.5
59.0
26.5,27.0,26.75,26.25,27.25,26.0,26.5,26.75,26.75,26.5,26.75,26.75,27.0,26.5,26.25,26.0,26.5,26.75,27.0,26.25,26.75,26.75,26.75,26.5,26.5,26.5,26.75,26.25,26.25,26.75,26.5,26.5,27.0,26.75,26.75,26.5,26.5,26.75,27.0,27.0,27.25,27.0,27.0,26.5,26.5,26.75,28.0,28.25,27.0,27.0,26.5,26.5,26.75,26.5,28.0,28.5,27.0,26.75,26.25,26.5,26.75,26.75,27.5,28.25
60.0
26.5,26.5,26.75,26.0,26.75,26.5,27.25,27.0,26.75,27.0,26.5,26.75,27.0,26.75,26.75,27.0,27.25,26.75,26.5,26.0,26.5,27.25,27.0,26.25,26.5,27.0,26.75,26.25,26.5,26.5,26.75,26.75,27.0,26.75,26.5,26.75,26.5,26.5,27.0,27.0,27.25,27.25,27.0,26.75,26.75,26.75,28.0,28.25,26.75,27.0,26.25,26.5,26.5,27.0,28.5,28.0,26.75,26.25,26.25,26.75,26.25,27.0,27.5,28.5
